# total_frames:1 beg:0 end:0 stride:1 interaction_types:hp,sb,pc,ps,ts,vdw,hb
# Columns: frame, interaction_type, atom_1, atom_2[, atom_3[, atom_4]]
0	sb	A:GLU:92:OE1	D:LYS:37:NZ
0	sb	D:ARG:210:NH2	G:ASP:9:OD2
0	sb	E:ARG:227:NH1	F:ASP:216:OD2
0	sb	D:ARG:85:NH1	D:GLU:35:OE2
0	sb	E:GLU:7:OE2	H:ARG:115:NH1
0	sb	A:ARG:106:NH1	A:GLU:109:OE2
0	sb	C:ARG:222:NH1	C:GLU:340:OE2
0	sb	E:ASP:110:OD2	E:LYS:113:NZ
0	sb	E:ARG:86:NH2	E:ASP:88:OD2
0	sb	H:ASP:167:OD2	H:LYS:164:NZ
0	sb	B:GLU:125:OE2	B:LYS:54:NZ
0	sb	J:ARG:271:NH2	J:ASP:303:OD2
0	sb	A:ARG:24:NH2	A:GLU:227:OE2
0	sb	H:ASP:283:OD2	H:LYS:193:NZ
0	sb	B:ARG:24:NH1	B:GLU:43:OE2
0	sb	B:ARG:233:NH1	H:GLU:59:OE2
0	sb	I:ARG:249:NH2	I:ASP:251:OD1
0	sb	D:ARG:220:NH1	D:ASP:122:OD1
0	sb	C:ARG:50:NH1	C:ASP:335:OD2
0	sb	D:GLU:18:OE2	D:LYS:25:NZ
0	sb	H:ASP:286:OD2	H:LYS:235:NZ
0	sb	E:ARG:49:NH2	E:GLU:57:OE1
0	sb	J:ARG:454:NH1	J:GLU:144:OE1
0	sb	I:ARG:286:NH2	I:GLU:284:OE1
0	sb	G:ARG:110:NH2	S:A:21:OP1
0	sb	J:ARG:352:NH2	J:ASP:266:OD2
0	sb	J:ARG:377:NH2	J:ASP:374:OD1
0	sb	C:ARG:50:NH2	C:ASP:333:OD2
0	sb	J:ARG:259:NH2	J:GLU:234:OE2
0	sb	J:ARG:302:NH2	J:ASP:303:OD1
0	sb	E:ARG:26:NH2	E:ASP:24:OD2
0	sb	D:ASP:181:OD2	D:LYS:69:NZ
0	sb	J:ARG:400:NH1	J:GLU:402:OE1
0	sb	J:GLU:195:OE1	J:LYS:233:NZ
0	sb	G:ARG:164:NH1	G:ASP:58:OD1
0	sb	D:GLU:41:OE2	I:ARG:145:NH2
0	sb	C:GLU:48:OE1	J:ARG:602:NH2
0	sb	A:ASP:142:OD2	A:LYS:55:NZ
0	sb	J:ARG:259:NH2	J:ASP:374:OD2
0	sb	E:ASP:68:OD2	E:LYS:119:NZ
0	sb	J:ASP:188:OD2	J:LYS:398:NZ
0	sb	J:ARG:454:NH2	J:GLU:144:OE2
0	sb	C:GLU:135:OE1	F:LYS:98:NZ
0	sb	I:ARG:286:NH2	I:ASP:228:OD1
0	sb	E:ARG:26:NH1	E:ASP:200:OD2
0	sb	A:GLU:244:OE1	B:LYS:204:NZ
0	sb	C:ASP:69:OD2	F:LYS:145:NZ
0	sb	H:ASP:167:OD1	H:LYS:193:NZ
0	sb	C:ARG:382:NH2	D:GLU:188:OE1
0	sb	F:ARG:238:NH2	F:ASP:239:OD1
0	sb	C:ARG:222:NH2	C:GLU:147:OE2
0	sb	B:ARG:86:NH1	E:ASP:127:OD2
0	sb	B:HIS:32:NE2	E:GLU:57:OE2
0	sb	B:ARG:13:NH1	B:GLU:178:OE2
0	sb	A:ARG:231:NH2	A:GLU:228:OE2
0	sb	C:ASP:146:OD1	D:LYS:64:NZ
0	sb	E:LYS:101:NZ	F:ASP:216:OD2
0	sb	E:GLU:72:OE2	E:LYS:123:NZ
0	sb	J:ARG:261:NH1	J:ASP:228:OD2
0	sb	C:LYS:216:NZ	F:GLU:103:OE2
0	sb	J:ARG:350:NH2	J:ASP:348:OD1
0	sb	A:ARG:182:NH1	A:ASP:166:OD1
0	sb	H:ARG:234:NH2	H:ASP:240:OD2
0	sb	E:ARG:32:NH1	E:ASP:200:OD1
0	sb	B:ARG:23:NH2	B:ASP:173:OD1
0	sb	B:ARG:17:NH2	B:ASP:15:OD2
0	sb	A:ARG:34:NH2	A:ASP:222:OD2
0	sb	H:ASP:283:OD2	H:LYS:164:NZ
0	sb	C:ARG:376:NH2	C:GLU:47:OE1
0	sb	C:ARG:222:NH2	C:GLU:340:OE1
0	sb	D:GLU:67:OE1	D:LYS:64:NZ
0	sb	D:ARG:62:NH2	D:GLU:108:OE1
0	sb	A:ARG:34:NH1	A:ASP:144:OD2
0	sb	C:GLU:48:OE2	J:ARG:602:NH2
0	sb	A:ARG:182:NH2	A:ASP:166:OD2
0	sb	H:ARG:209:NH2	H:ASP:110:OD2
0	sb	H:GLU:172:OE1	H:HIS:185:ND1
0	sb	A:LYS:55:NZ	D:ASP:11:OD2
0	sb	F:ASP:144:OD1	F:HIS:69:NE2
0	sb	E:LYS:101:NZ	F:GLU:112:OE1
0	sb	F:LYS:205:NZ	I:GLU:47:OE2
0	sb	J:GLU:439:OE1	J:LYS:426:NZ
0	sb	B:ARG:225:NH2	B:ASP:229:OD2
0	sb	A:ARG:28:NH1	A:ASP:26:OD2
0	sb	D:ARG:210:NH1	G:ASP:9:OD2
0	sb	A:ARG:114:NH1	B:ASP:203:OD1
0	sb	J:ARG:363:NH2	J:ASP:262:OD2
0	sb	J:ARG:261:NH2	J:GLU:260:OE2
0	sb	J:ARG:461:NH2	J:ASP:243:OD2
0	sb	D:ASP:14:OD1	G:ARG:63:NH2
0	sb	C:LYS:358:NZ	D:ASP:185:OD1
0	sb	H:ARG:160:NH1	H:GLU:165:OE1
0	sb	A:ARG:243:NH2	B:ASP:208:OD1
0	sb	E:LYS:101:NZ	F:GLU:109:OE2
0	sb	J:ASP:262:OD2	J:HIS:367:ND1
0	sb	D:ARG:85:NH1	D:GLU:35:OE1
0	sbpl	E:ASP:81:OD2	E:MG:301:MG
0	sb	E:ASP:81:OD2	E:MG:301:MG
0	sb	A:ARG:20:NH2	A:GLU:17:OE2
0	sb	E:ASP:176:OD2	E:LYS:156:NZ
0	sb	E:ARG:26:NH2	E:GLU:205:OE1
0	sb	E:ARG:32:NH2	E:ASP:54:OD2
0	sb	J:ARG:245:NH2	J:GLU:458:OE2
0	sb	E:ARG:86:NH2	E:ASP:88:OD1
0	sb	H:ASP:167:OD1	H:LYS:164:NZ
0	sb	G:GLU:131:OE2	G:LYS:85:NZ
0	sb	E:GLU:7:OE2	H:ARG:115:NH2
0	sb	F:GLU:209:OE1	F:LYS:205:NZ
0	sb	I:ARG:286:NH1	I:GLU:284:OE1
0	sb	D:ARG:62:NH1	D:GLU:63:OE2
0	sb	B:ARG:225:NH2	B:ASP:226:OD1
0	sb	J:ARG:352:NH1	J:ASP:266:OD2
0	sb	F:ASP:144:OD2	F:HIS:69:NE2
0	sb	E:ARG:227:NH1	F:GLU:112:OE2
0	sb	A:ARG:24:NH2	A:GLU:227:OE1
0	sb	B:ARG:233:NH1	H:GLU:59:OE1
0	sb	E:LYS:221:NZ	F:ASP:220:OD1
0	sb	B:ARG:239:NH1	H:GLU:311:OE2
0	sb	D:GLU:204:OE1	D:LYS:201:NZ
0	sb	C:ARG:177:NH1	C:ASP:249:OD1
0	sb	J:GLU:195:OE2	J:LYS:233:NZ
0	sb	B:ARG:86:NH2	E:ASP:127:OD1
0	sb	C:GLU:48:OE1	J:ARG:602:NH1
0	sb	J:ARG:259:NH1	J:ASP:374:OD2
0	sb	C:ARG:40:NH2	C:GLU:339:OE2
0	sb	B:GLU:43:OE2	B:LYS:48:NZ
0	sb	B:ARG:233:NH1	B:ASP:229:OD2
0	sb	C:HIS:13:ND1	J:ASP:615:OD2
0	sb	J:ASP:188:OD1	J:LYS:398:NZ
0	sb	H:GLU:118:OE2	H:LYS:125:NZ
0	sb	E:ARG:26:NH2	E:GLU:205:OE2
0	sb	G:ARG:229:NH2	G:GLU:213:OE1
0	sb	A:GLU:82:OE1	F:ARG:6:NH1
0	sb	C:ASP:191:OD1	C:LYS:173:NZ
0	sb	F:ARG:81:NH2	F:ASP:136:OD2
0	sb	C:ARG:391:NH2	C:ASP:387:OD1
0	sb	H:ARG:93:NH2	J:GLU:191:OE1
0	sb	F:GLU:209:OE2	F:LYS:205:NZ
0	sb	D:ARG:85:NH1	D:GLU:41:OE2
0	sb	B:GLU:94:OE1	B:HIS:91:ND1
0	sb	C:ASP:69:OD1	F:LYS:145:NZ
0	sb	H:ARG:234:NH2	H:ASP:240:OD1
0	sb	B:ARG:60:NH2	B:ASP:123:OD2
0	sb	B:HIS:32:NE2	E:GLU:57:OE1
0	sb	E:ARG:32:NH1	E:ASP:200:OD2
0	sb	C:ARG:222:NH1	C:GLU:340:OE1
0	sb	E:ARG:22:NH2	E:GLU:205:OE1
0	sb	H:ARG:318:NH2	H:GLU:352:OE1
0	sb	A:GLU:92:OE2	A:LYS:3:NZ
0	sb	B:ASP:37:OD2	H:ARG:103:NH2
0	sbpl	S:A:24:OP2	S:MG:101:MG
0	sb	S:A:24:OP2	S:MG:101:MG
0	sb	C:GLU:48:OE2	J:ARG:602:NH1
0	sb	A:ARG:182:NH1	A:ASP:166:OD2
0	sb	A:GLU:244:OE2	B:LYS:204:NZ
0	sb	J:ARG:261:NH1	J:ASP:228:OD1
0	sb	C:GLU:137:OE1	F:LYS:98:NZ
0	sbpl	E:ASP:87:OD1	E:MG:301:MG
0	sb	E:ASP:87:OD1	E:MG:301:MG
0	sb	A:GLU:92:OE2	D:LYS:37:NZ
0	sb	B:GLU:125:OE1	B:LYS:54:NZ
0	sb	B:ASP:66:OD2	B:LYS:69:NZ
0	sb	J:ARG:438:NH1	J:GLU:437:OE1
0	sb	A:ARG:34:NH2	A:ASP:222:OD1
0	sb	J:ARG:271:NH1	J:ASP:303:OD2
0	sb	J:GLU:458:OE2	J:LYS:131:NZ
0	sb	A:GLU:82:OE2	F:ARG:6:NH1
0	sb	A:ARG:182:NH2	A:ASP:166:OD1
0	sb	H:ASP:283:OD1	H:LYS:193:NZ
0	sb	J:ARG:350:NH2	J:ASP:348:OD2
0	sb	J:ARG:261:NH1	J:GLU:260:OE2
0	sb	E:LYS:101:NZ	F:GLU:112:OE2
0	sb	J:ARG:461:NH1	J:ASP:243:OD2
0	sb	A:GLU:288:OE1	A:LYS:284:NZ
0	sb	F:LYS:205:NZ	I:GLU:47:OE1
0	sb	A:GLU:37:OE2	A:LYS:50:NZ
0	sb	C:ARG:376:NH2	C:GLU:47:OE2
0	sb	C:ARG:222:NH2	C:GLU:340:OE2
0	sb	D:ARG:210:NH1	G:ASP:9:OD1
0	sb	D:ASP:14:OD2	G:ARG:63:NH2
0	sb	C:ARG:245:NH2	C:ASP:191:OD1
0	sb	G:ARG:110:NH1	S:A:21:OP1
0	sb	A:ASP:142:OD1	D:HIS:12:ND1
0	sb	J:ARG:302:NH1	J:ASP:303:OD1
0	sb	A:ARG:20:NH1	A:GLU:17:OE2
0	sb	G:ARG:35:NH1	G:ASP:28:OD2
0	sb	J:ARG:461:NH2	J:ASP:243:OD1
0	sb	C:ASP:335:OD1	C:LYS:84:NZ
0	sb	B:ARG:24:NH1	B:GLU:43:OE1
0	sb	J:GLU:579:OE2	J:HIS:581:NE2
0	sb	A:ASP:286:OD2	A:HIS:161:NE2
0	sb	J:ARG:259:NH2	J:ASP:374:OD1
0	sb	B:ARG:24:NH2	B:GLU:43:OE2
0	sb	C:GLU:137:OE2	F:LYS:98:NZ
0	sb	A:ARG:114:NH1	B:ASP:203:OD2
0	sb	B:ARG:233:NH2	H:GLU:59:OE2
0	sb	D:ARG:220:NH2	D:ASP:122:OD1
0	sb	C:ARG:50:NH2	C:ASP:335:OD2
0	sb	A:LYS:226:NZ	G:ASP:157:OD2
0	sb	A:GLU:11:OE2	A:LYS:226:NZ
0	sb	J:ARG:454:NH2	J:GLU:144:OE1
0	sb	A:ASP:46:OD2	A:HIS:57:NE2
0	sb	G:GLU:131:OE1	G:LYS:85:NZ
0	sb	H:ARG:160:NH1	H:GLU:165:OE2
0	sb	G:ARG:164:NH1	G:ASP:58:OD2
0	sb	B:GLU:230:OE1	B:LYS:234:NZ
0	sb	I:ARG:142:NH2	I:GLU:154:OE2
0	sb	F:ASP:144:OD2	F:LYS:104:NZ
0	sb	H:ASP:127:OD1	H:HIS:133:ND1
0	sb	B:ARG:86:NH1	E:ASP:127:OD1
0	sb	B:ARG:13:NH1	B:GLU:178:OE1
0	sb	I:ARG:286:NH2	I:ASP:228:OD2
0	sb	B:ARG:239:NH1	H:GLU:311:OE1
0	sb	E:GLU:72:OE1	E:LYS:123:NZ
0	sb	G:GLU:129:OE2	I:LYS:225:NZ
0	sb	J:ARG:302:NH1	J:ASP:303:OD2
0	sb	H:ASP:167:OD2	H:LYS:193:NZ
0	sb	J:ARG:245:NH2	J:GLU:458:OE1
0	sb	I:ARG:231:NH2	I:GLU:159:OE1
0	sb	C:ARG:40:NH2	C:GLU:339:OE1
0	sb	C:ARG:44:NH2	C:ASP:333:OD2
0	sb	H:ASP:283:OD1	H:LYS:164:NZ
0	sb	B:ARG:233:NH1	B:ASP:229:OD1
0	sb	H:ARG:93:NH1	J:GLU:191:OE1
0	sb	C:HIS:13:ND1	J:ASP:615:OD1
0	sb	A:ASP:144:OD1	D:HIS:12:NE2
0	sb	J:GLU:186:OE1	J:LYS:155:NZ
0	sb	A:ASP:46:OD1	A:HIS:57:NE2
0	sb	D:ARG:62:NH2	D:GLU:108:OE2
0	sb	A:ARG:28:NH1	A:ASP:26:OD1
0	sb	J:ASP:456:OD2	J:HIS:493:ND1
0	sb	J:ARG:271:NH2	J:ASP:303:OD1
0	sb	C:ASP:157:OD1	C:HIS:156:ND1
0	sb	A:ARG:106:NH1	A:GLU:109:OE1
0	sb	J:GLU:279:OE2	J:LYS:230:NZ
0	sb	J:GLU:439:OE2	J:LYS:426:NZ
0	sb	J:ASP:262:OD1	J:HIS:367:ND1
0	sb	C:ARG:391:NH2	C:ASP:387:OD2
0	sb	D:GLU:101:OE2	D:LYS:56:NZ
0	sb	G:ARG:122:NH2	G:GLU:135:OE2
0	sb	I:ARG:217:NH2	I:ASP:214:OD2
0	sb	B:LYS:80:NZ	E:ASP:79:OD2
0	sb	J:GLU:492:OE1	J:HIS:493:NE2
0	sb	B:ASP:37:OD1	H:ARG:103:NH2
0	sb	I:ARG:231:NH2	I:GLU:159:OE2
0	pc	E:HIS:29:ND1	E:TYR:254:CE1
0	pc	J:ARG:350:NH2	J:HIS:242:CD2
0	pc	B:PHE:84:CE1	E:LYS:63:NZ
0	pc	E:HIS:242:CD2	E:LYS:240:NZ
0	pc	J:HIS:326:ND1	S:A:21:C2
0	pc	E:ARG:49:NH1	E:PHE:37:CE1
0	pc	G:HIS:43:ND1	G:TYR:56:CE1
0	pc	B:ARG:225:NH1	B:TYR:157:CE1
0	pc	C:ARG:245:NH2	C:TYR:189:CE1
0	pc	E:HIS:29:NE2	E:TYR:254:CE1
0	pc	F:LYS:104:NZ	F:TYR:105:CE1
0	pc	J:HIS:316:CD2	J:LYS:319:NZ
0	pc	D:HIS:161:NE2	D:PHE:186:CE1
0	pc	C:ARG:245:NH1	C:TYR:189:CE1
0	pc	I:ARG:65:NH1	I:PHE:5:CE1
0	pc	J:LYS:319:NZ	J:TYR:315:CE1
0	pc	H:ARG:90:NH1	H:TRP:67:CD2
0	pc	A:LYS:163:NZ	A:PHE:44:CE1
0	pc	J:ARG:245:NH1	J:PHE:462:CE1
0	pc	C:HIS:156:NE2	C:TYR:131:CE1
0	pc	C:HIS:34:NE2	J:PHE:606:CE1
0	pc	F:ARG:81:NH1	F:TYR:78:CE1
0	pc	A:HIS:161:NE2	A:PHE:40:CE1
0	pc	E:HIS:69:CD2	E:HIS:70:ND1
0	pc	E:ARG:227:NH1	F:TRP:214:CD2
0	pc	C:ARG:384:NH1	C:PHE:49:CE1
0	pc	E:ARG:227:NH2	F:TRP:214:CD2
0	pc	G:LYS:85:NZ	G:PHE:80:CE1
0	pc	J:HIS:181:ND1	J:TYR:307:CE1
0	pc	H:HIS:111:CD2	H:LYS:190:NZ
0	pc	E:ARG:49:NH1	H:PHE:14:CE1
0	pc	J:HIS:367:NE2	J:PHE:368:CE1
0	pc	J:ARG:271:NH1	J:PHE:136:CE1
0	pc	E:HIS:69:CD2	E:HIS:70:NE2
0	pc	A:TYR:23:CE1	G:ARG:209:NH2
0	pc	G:HIS:181:ND1	G:PHE:231:CE1
0	pc	J:HIS:326:ND1	J:TYR:315:CE1
0	pc	B:ARG:96:NH1	B:HIS:91:CD2
0	pc	C:HIS:34:ND1	J:PHE:606:CE1
0	pc	C:ARG:61:NH2	F:PHE:20:CE1
0	pc	H:ARG:90:NH2	H:TRP:67:CD2
0	pc	E:HIS:69:ND1	E:HIS:70:CD2
0	pc	F:LYS:205:NZ	I:TYR:46:CE1
0	pc	G:HIS:181:NE2	G:PHE:231:CE1
0	pc	H:HIS:213:CD2	H:HIS:215:NE2
0	pc	J:HIS:241:ND1	J:TRP:299:CD2
0	pc	J:HIS:316:ND1	J:TYR:315:CE1
0	pc	J:ARG:377:NH2	J:TYR:373:CE1
0	pc	A:ARG:243:NH1	A:TYR:269:CE1
0	pc	J:HIS:275:CD2	J:LYS:153:NZ
0	pc	B:HIS:32:CD2	E:ARG:49:NH2
0	pc	E:ARG:49:NH2	H:PHE:14:CE1
0	pc	A:HIS:161:ND1	A:PHE:40:CE1
0	pc	J:LYS:405:NZ	J:TYR:406:CE1
0	pc	J:LYS:155:NZ	J:TYR:183:CE1
0	pc	I:LYS:15:NZ	I:TYR:12:CE1
0	pc	C:ARG:177:NH1	C:PHE:185:CE1
0	pc	J:LYS:160:NZ	J:TYR:185:CE1
0	pc	J:ARG:363:NH1	J:TRP:208:CD2
0	pc	D:ARG:210:NH1	G:PHE:6:CE1
0	pc	H:ARG:69:NH2	H:PHE:75:CE1
0	pc	J:HIS:189:NE2	J:TYR:185:CE1
0	pc	C:ARG:61:NH1	C:TYR:62:CE1
0	pc	H:ARG:115:NH2	H:PHE:199:CE1
0	pc	J:HIS:241:NE2	J:TRP:299:CD2
0	pc	B:ARG:86:NH2	E:PHE:125:CE1
0	pc	A:HIS:161:CD2	A:LYS:163:NZ
0	pc	E:HIS:69:NE2	E:HIS:70:CD2
0	pc	A:HIS:139:CD2	A:HIS:57:NE2
0	pc	C:ARG:61:NH1	F:PHE:20:CE1
0	pc	F:HIS:171:NE2	F:TYR:237:CE1
0	pc	J:ARG:363:NH2	J:TRP:208:CD2
0	pc	F:ARG:238:NH1	I:TYR:12:CE1
0	pc	C:ARG:382:NH1	C:TYR:357:CE1
0	pc	J:HIS:581:CD2	J:LYS:593:NZ
0	pc	J:ARG:245:NH2	J:PHE:462:CE1
0	pc	F:ARG:81:NH2	F:TYR:78:CE1
0	pc	J:HIS:367:ND1	J:PHE:368:CE1
0	pc	E:TYR:10:CE1	H:ARG:294:NH1
0	pc	F:PHE:87:CE1	H:ARG:160:NH1
0	pc	J:ARG:271:NH2	J:PHE:136:CE1
0	pc	A:HIS:191:CD2	B:LYS:204:NZ
0	pc	J:ARG:363:NH2	J:HIS:367:CD2
0	pc	C:HIS:161:NE2	D:PHE:104:CE1
0	pc	J:ARG:400:NH1	J:HIS:178:CD2
0	pc	D:HIS:161:ND1	D:PHE:186:CE1
0	pc	E:TYR:10:CE1	H:ARG:294:NH2
0	pc	A:ARG:182:NH2	A:HIS:177:CD2
0	pc	C:ARG:177:NH2	C:PHE:185:CE1
0	pc	J:HIS:189:ND1	J:TYR:185:CE1
0	pc	D:ARG:210:NH2	G:PHE:6:CE1
0	pc	C:ARG:163:NH2	C:TYR:127:CE1
0	pc	J:ARG:400:NH2	J:HIS:178:CD2
0	pc	E:LYS:253:NZ	E:TYR:254:CE1
0	ps	H:TYR:74:CE1	H:TYR:81:CE1
0	ps	S:A:23:C2	S:A:24:C2
0	ps	J:HIS:189:CD2	J:TYR:185:CE1
0	ps	H:TYR:300:CE1	H:TYR:323:CE1
0	ps	A:HIS:161:CD2	A:PHE:40:CE1
0	ps	B:TYR:41:CE1	H:PHE:14:CE1
0	ps	J:HIS:241:CD2	J:TRP:299:CD2
0	ps	C:HIS:34:CD2	J:PHE:606:CE1
0	ps	E:PHE:37:CE1	H:PHE:14:CE1
0	ps	E:HIS:29:CD2	E:TYR:254:CE1
0	ts	J:HIS:367:CD2	J:PHE:368:CE1
0	ts	J:HIS:181:CD2	J:TYR:307:CE1
0	ts	H:HIS:111:CD2	H:TYR:191:CE1
0	ts	J:HIS:316:CD2	J:TYR:315:CE1
0	ts	J:PHE:148:CE1	J:PHE:401:CE1
0	vdw	J:ALA:562:O	J:PRO:564:N
0	vdw	J:ALA:562:O	J:PRO:564:CD
0	vdw	J:ASP:598:CG	J:LYS:595:CB
0	vdw	J:ASP:598:OD1	J:LYS:595:CB
0	vdw	J:ASP:598:OD1	J:LYS:595:CD
0	vdw	J:ASP:588:CG	J:LEU:590:CG
0	vdw	J:ASP:588:CG	J:LEU:590:CD1
0	vdw	J:ASP:588:OD2	J:LEU:590:CD1
0	vdw	J:ASP:588:OD1	J:LEU:590:CG
0	vdw	F:ASN:247:OD1	F:SER:243:O
0	vdw	J:LYS:563:O	J:VAL:565:N
0	vdw	J:LYS:563:O	J:VAL:565:CG2
0	vdw	F:ASN:247:CG	F:SER:243:O
0	vdw	F:ASN:247:ND2	F:SER:243:O
0	vdw	F:ASN:247:ND2	F:SER:243:OG
0	vdw	F:GLU:45:CA	J:VAL:565:CG1
0	vdw	F:GLN:44:O	J:VAL:565:CG1
0	vdw	F:GLN:44:O	J:VAL:565:CG2
0	vdw	F:ARG:236:CZ	J:VAL:565:CG2
0	vdw	F:ARG:236:NH1	J:VAL:565:CG2
0	vdw	F:ARG:236:NH2	J:VAL:565:CG2
0	vdw	F:LEU:46:O	J:THR:566:O
0	vdw	J:SER:568:N	J:THR:566:C
0	vdw	J:SER:568:N	J:THR:566:O
0	vdw	F:GLU:45:OE2	J:ILE:570:CD1
0	vdw	J:SER:568:OG	J:THR:566:OG1
0	vdw	J:SER:568:OG	J:THR:566:CG2
0	vdw	J:SER:568:N	J:THR:566:OG1
0	vdw	J:SER:568:CB	J:THR:566:OG1
0	vdw	J:GLU:597:OE2	J:ILE:601:CG2
0	vdw	J:ARG:600:CB	J:GLU:597:O
0	vdw	J:GLU:579:CD	J:HIS:581:NE2
0	vdw	J:GLU:579:OE2	J:HIS:581:CE1
0	vdw	J:GLU:579:OE2	J:HIS:581:NE2
0	vdw	J:ASP:598:N	J:THR:596:C
0	vdw	J:GLU:597:N	J:LYS:595:C
0	vdw	J:GLU:597:N	J:LYS:595:O
0	vdw	J:ILE:599:CG1	J:THR:596:O
0	vdw	J:ILE:599:CD1	J:THR:596:O
0	vdw	J:ARG:600:CG	J:THR:596:O
0	vdw	J:GLU:597:C	J:ILE:599:N
0	vdw	J:ARG:600:N	J:GLU:597:C
0	vdw	J:GLU:597:O	J:ILE:599:N
0	vdw	J:ARG:600:N	J:GLU:597:O
0	vdw	J:GLU:597:O	J:ILE:601:N
0	vdw	J:ARG:600:CA	J:GLU:597:O
0	vdw	J:ASP:598:O	J:ILE:601:CG1
0	vdw	J:HIS:581:ND1	J:LYS:593:CE
0	vdw	J:HIS:581:CE1	J:LYS:593:CE
0	vdw	J:HIS:581:CE1	J:LYS:593:NZ
0	vdw	J:GLU:579:CG	J:HIS:581:NE2
0	vdw	J:ASP:598:CB	J:LYS:595:O
0	vdw	J:ASP:598:N	J:LYS:595:C
0	vdw	J:ASP:598:N	J:LYS:595:O
0	vdw	J:ASN:592:C	J:VAL:594:N
0	vdw	J:ASN:592:O	J:VAL:594:N
0	vdw	J:ASP:582:O	J:LYS:593:CA
0	vdw	J:ASP:582:O	J:LYS:593:C
0	vdw	J:ASP:582:O	J:VAL:594:N
0	vdw	J:LYS:593:O	J:LYS:595:N
0	vdw	J:ASP:582:O	J:VAL:594:CA
0	vdw	J:ASN:592:O	J:ILE:583:CA
0	vdw	J:ASN:592:O	J:ILE:583:C
0	vdw	J:ALA:584:N	J:ASN:592:O
0	vdw	J:ALA:584:O	J:ASN:592:CB
0	vdw	C:ILE:394:N	C:PHE:392:O
0	vdw	C:ILE:394:CG1	C:PHE:392:O
0	vdw	C:ARG:391:C	C:ASN:393:N
0	vdw	C:ASP:387:OD2	J:PRO:591:CG
0	vdw	J:ALA:584:O	J:ASN:592:N
0	vdw	J:ASN:592:N	J:LEU:590:O
0	vdw	J:PRO:591:CA	J:TYR:585:CE2
0	vdw	J:PRO:591:CB	J:TYR:585:CE2
0	vdw	J:PRO:591:CA	J:TYR:585:CD2
0	vdw	C:ASP:387:OD2	J:PRO:591:CB
0	vdw	J:ALA:584:O	J:SER:586:N
0	vdw	J:ALA:584:O	J:ASN:592:OD1
0	vdw	J:LEU:590:O	J:SER:586:N
0	vdw	J:ASN:592:CG	J:LEU:590:O
0	vdw	J:ASN:592:OD1	J:LEU:590:O
0	vdw	J:ASN:592:OD1	J:SER:586:OG
0	vdw	C:ILE:394:N	C:PHE:392:C
0	vdw	J:ASP:588:OD1	J:LEU:590:CB
0	vdw	C:VAL:383:CG2	J:GLY:589:C
0	vdw	C:VAL:383:CG2	J:GLY:589:O
0	vdw	J:ASP:588:OD1	J:LEU:590:N
0	vdw	J:ASP:588:C	J:LEU:590:N
0	vdw	J:GLY:589:N	J:LYS:587:C
0	vdw	J:GLY:589:N	J:LYS:587:O
0	vdw	J:GLY:589:N	J:SER:586:O
0	vdw	J:ASP:588:OD1	J:SER:586:CB
0	vdw	C:VAL:383:CG2	J:GLY:589:CA
0	vdw	J:ASP:588:N	J:SER:586:C
0	vdw	J:ASP:588:N	J:SER:586:O
0	vdw	I:GLY:28:N	I:LYS:26:C
0	vdw	I:GLY:28:N	I:LYS:26:O
0	vdw	I:ASP:27:C	I:GLU:29:N
0	vdw	I:ASP:27:O	I:GLU:29:N
0	vdw	I:GLU:29:O	I:LYS:26:N
0	vdw	I:GLU:29:O	I:LYS:26:O
0	vdw	I:GLU:29:C	I:LYS:26:O
0	vdw	I:GLU:29:N	I:LYS:26:O
0	vdw	J:MET:546:O	J:SER:550:CB
0	vdw	J:MET:546:O	J:SER:550:OG
0	vdw	J:ASN:554:CB	J:SER:550:O
0	vdw	J:ASN:554:CG	J:SER:550:O
0	vdw	J:ASN:554:OD1	J:SER:550:O
0	vdw	J:ASN:554:N	J:SER:550:O
0	vdw	J:LEU:552:N	J:SER:550:O
0	vdw	I:PHE:5:C	I:PHE:7:N
0	vdw	I:PHE:5:O	I:PHE:7:N
0	vdw	I:PHE:5:O	I:PHE:7:CG
0	vdw	I:PHE:5:O	I:PHE:7:CD2
0	vdw	J:ASN:554:C	J:SER:558:CB
0	vdw	J:ASN:554:O	J:SER:558:CB
0	vdw	J:CYS:553:O	J:SER:555:N
0	vdw	J:ASN:554:C	J:ASN:556:N
0	vdw	J:LEU:552:O	J:SER:555:N
0	vdw	J:CYS:553:C	J:SER:555:N
0	vdw	J:SER:555:N	J:VAL:551:O
0	vdw	J:CYS:553:O	J:SER:558:OG
0	vdw	J:ASN:554:CA	J:SER:558:CB
0	vdw	J:ASN:554:CA	J:SER:558:OG
0	vdw	J:CYS:553:O	J:SER:558:N
0	vdw	J:CYS:553:O	J:ILE:557:CD1
0	vdw	J:CYS:553:O	J:ILE:557:N
0	vdw	J:CYS:553:O	J:ILE:557:CG1
0	vdw	J:ASN:556:N	J:CYS:553:O
0	vdw	J:ASN:554:N	J:LEU:552:C
0	vdw	I:GLU:9:N	I:PHE:7:O
0	vdw	J:LYS:559:CE	J:SER:555:C
0	vdw	J:LYS:559:CE	J:SER:555:O
0	vdw	J:ILE:557:C	J:LYS:559:N
0	vdw	J:ILE:557:O	J:LYS:559:N
0	vdw	J:ASN:556:C	J:SER:558:N
0	vdw	J:ASN:556:O	J:SER:558:N
0	vdw	I:ILE:10:N	I:PRO:8:C
0	vdw	F:ASP:239:OD2	J:SER:560:CB
0	vdw	F:MET:246:CE	I:ILE:10:CG1
0	vdw	F:ASN:235:O	F:ASP:239:CG
0	vdw	F:ASN:235:O	F:ASP:239:OD2
0	vdw	F:ILE:242:O	F:MET:246:CG
0	vdw	F:ASP:239:O	F:SER:243:CB
0	vdw	F:ASP:239:O	F:SER:243:CA
0	vdw	F:ASP:239:O	F:MET:241:N
0	vdw	F:ASP:239:O	F:ILE:242:N
0	vdw	F:ASP:239:O	F:SER:243:N
0	vdw	F:ASN:247:N	F:SER:243:O
0	vdw	F:ASN:247:CB	F:SER:243:O
0	vdw	F:MET:246:N	F:SER:243:O
0	vdw	F:LEU:245:N	F:SER:243:C
0	vdw	F:LEU:245:N	F:SER:243:O
0	vdw	F:GLN:248:N	F:MET:246:C
0	vdw	F:ASN:247:N	F:LEU:245:C
0	vdw	F:ARG:236:NE	F:GLN:44:CG
0	vdw	F:ARG:236:CZ	F:GLN:44:CG
0	vdw	F:ARG:236:NH2	F:GLN:44:CG
0	vdw	F:LEU:240:CD2	F:LEU:46:CB
0	vdw	F:LEU:240:CD2	F:LEU:46:CD1
0	vdw	F:ARG:236:O	F:LEU:240:CD1
0	vdw	F:GLN:44:CA	F:SER:66:OG
0	vdw	F:ARG:236:NH2	F:GLN:44:C
0	vdw	F:ARG:236:CZ	F:GLN:44:O
0	vdw	F:ARG:236:NH2	F:GLN:44:O
0	vdw	F:ARG:236:NE	F:GLN:44:CB
0	vdw	F:ARG:236:CZ	F:GLN:44:CB
0	vdw	F:ARG:236:NH2	F:GLN:44:CB
0	vdw	F:LEU:46:O	J:ASN:567:CA
0	vdw	F:GLU:63:O	F:LEU:46:C
0	vdw	F:LEU:48:N	J:ASN:567:CG
0	vdw	F:LEU:48:N	J:ASN:567:OD1
0	vdw	F:SER:47:CA	J:ASN:567:OD1
0	vdw	F:ARG:65:O	F:GLU:45:CB
0	vdw	F:ARG:65:O	F:GLU:45:N
0	vdw	F:GLU:45:CD	J:ILE:570:CD1
0	vdw	J:ILE:570:N	J:SER:568:O
0	vdw	F:SER:47:CB	J:SER:568:O
0	vdw	F:HIS:49:NE2	F:SER:47:OG
0	vdw	F:HIS:49:CE1	J:ASN:567:ND2
0	vdw	F:HIS:49:NE2	J:ASN:567:ND2
0	vdw	J:ASN:567:O	J:SER:569:N
0	vdw	F:HIS:49:CD2	F:SER:47:OG
0	vdw	F:GLU:63:OE2	F:SER:47:OG
0	vdw	F:LEU:48:N	J:ASN:567:ND2
0	vdw	F:LEU:48:O	J:ASN:567:ND2
0	vdw	J:ARG:600:O	J:GLN:604:N
0	vdw	J:ARG:600:O	J:GLN:604:CB
0	vdw	J:ARG:600:O	J:GLN:604:CG
0	vdw	J:ALA:603:CA	J:ARG:600:O
0	vdw	J:ALA:603:CB	J:ARG:600:O
0	vdw	J:ARG:600:C	J:ARG:602:N
0	vdw	J:ARG:600:O	J:ARG:602:N
0	vdw	J:ALA:603:N	J:ARG:600:O
0	vdw	J:GLN:604:N	J:ILE:601:C
0	vdw	J:GLN:604:N	J:ILE:601:O
0	vdw	J:ASN:605:N	J:ILE:601:O
0	vdw	J:ALA:603:C	J:ASN:605:N
0	vdw	J:ALA:603:O	J:ASN:605:N
0	vdw	J:GLN:604:C	J:PHE:606:N
0	vdw	J:ARG:602:C	J:GLN:604:N
0	vdw	J:ARG:602:O	J:ASN:605:N
0	vdw	J:GLN:604:O	J:SER:608:OG
0	vdw	J:ASN:605:CA	J:SER:608:OG
0	vdw	J:GLN:604:O	J:SER:608:N
0	vdw	J:GLN:604:O	J:SER:608:CB
0	vdw	F:ARG:65:NE	J:ILE:570:CD1
0	vdw	F:ARG:65:CZ	J:ILE:570:CD1
0	vdw	F:ARG:65:NH2	J:ILE:570:CD1
0	vdw	F:ARG:65:NE	J:ILE:570:CG2
0	vdw	F:ARG:65:CZ	J:ILE:570:CG2
0	vdw	F:GLU:63:OE2	J:ILE:570:N
0	vdw	J:LEU:571:N	J:SER:569:C
0	vdw	J:LYS:574:CG	J:SER:569:CB
0	vdw	J:LYS:574:CG	J:SER:569:OG
0	vdw	J:GLY:573:CA	J:SER:569:CB
0	vdw	J:GLY:573:N	J:SER:569:OG
0	vdw	J:GLY:573:CA	J:SER:569:OG
0	vdw	J:LYS:574:N	J:SER:569:CB
0	vdw	J:LYS:574:N	J:SER:569:OG
0	vdw	J:GLY:573:C	J:SER:569:CB
0	vdw	J:GLY:573:C	J:SER:569:OG
0	vdw	J:LEU:571:N	J:SER:569:OG
0	vdw	J:GLY:573:O	J:PRO:577:CG
0	vdw	J:GLY:573:O	J:PRO:577:CD
0	vdw	J:ARG:600:N	J:ASP:598:C
0	vdw	J:ARG:600:N	J:ASP:598:O
0	vdw	J:ARG:602:CB	J:ASP:598:O
0	vdw	J:ILE:599:C	J:ILE:601:N
0	vdw	J:ARG:602:CB	J:ILE:599:C
0	vdw	J:ARG:602:CB	J:ILE:599:O
0	vdw	J:ARG:602:N	J:ASP:598:O
0	vdw	J:ARG:602:N	J:ILE:599:C
0	vdw	J:ARG:602:N	J:ILE:599:O
0	vdw	J:ARG:602:CA	J:ILE:599:O
0	vdw	J:ARG:602:CD	J:ASP:598:O
0	vdw	J:ARG:602:CD	J:ILE:599:CA
0	vdw	J:ALA:603:N	J:ILE:599:O
0	vdw	J:ARG:602:CG	J:ASP:598:O
0	vdw	J:ASN:605:CB	J:ILE:601:O
0	vdw	J:ASN:605:CA	J:ILE:601:O
0	vdw	J:ALA:603:N	J:ILE:601:C
0	vdw	C:GLN:309:NE2	J:ASN:605:OD1
0	vdw	F:ARG:65:NH2	J:ILE:570:O
0	vdw	F:ARG:65:NH2	J:ILE:570:CA
0	vdw	F:ARG:65:NH2	J:ILE:570:CG2
0	vdw	C:GLU:55:OE2	J:LYS:574:CB
0	vdw	J:LEU:572:O	J:LYS:574:N
0	vdw	J:LEU:572:C	J:LYS:574:N
0	vdw	J:GLU:579:O	J:HIS:581:N
0	vdw	J:GLU:579:O	J:HIS:581:CD2
0	vdw	C:LEU:43:O	J:ILE:599:CG2
0	vdw	C:LEU:43:O	J:ARG:602:NH1
0	vdw	C:ILE:39:CD1	J:ARG:602:CD
0	vdw	C:GLU:48:OE1	J:ARG:602:NH1
0	vdw	C:GLU:55:OE2	J:ILE:575:CB
0	vdw	C:GLU:55:OE2	J:ILE:575:CG2
0	vdw	C:ALA:53:CB	J:ARG:578:NH1
0	vdw	C:ASP:51:CB	J:HIS:581:CB
0	vdw	C:ASP:51:CB	J:HIS:581:C
0	vdw	C:ASP:51:CB	J:HIS:581:O
0	vdw	J:ASP:582:C	J:VAL:594:CB
0	vdw	J:ASP:582:C	J:VAL:594:CG2
0	vdw	J:ASP:582:O	J:VAL:594:CB
0	vdw	J:ASP:582:O	J:VAL:594:CG2
0	vdw	C:GLU:48:OE2	J:ARG:602:NH2
0	vdw	C:LYS:45:CD	J:ARG:602:NH2
0	vdw	C:LYS:45:CE	J:ARG:602:NH2
0	vdw	C:GLU:48:CD	C:LYS:45:N
0	vdw	C:GLU:48:CD	C:LYS:45:CB
0	vdw	C:GLU:48:CD	C:LYS:45:CG
0	vdw	C:GLU:48:OE2	C:LYS:45:CG
0	vdw	C:LYS:45:CG	J:ARG:602:NH2
0	vdw	C:ASP:64:OD2	C:GLY:66:C
0	vdw	C:ASN:67:N	C:ASP:64:CG
0	vdw	C:ASN:67:N	C:ASP:64:OD2
0	vdw	C:ASN:67:CA	C:ASP:64:OD2
0	vdw	C:ASN:67:CB	C:ASP:64:OD2
0	vdw	C:ALA:65:C	C:ASN:67:N
0	vdw	C:ASN:67:O	C:ASP:64:CB
0	vdw	C:ASN:67:O	C:ASP:64:OD2
0	vdw	C:ILE:54:N	C:PHE:392:CE1
0	vdw	J:ILE:583:CD1	J:TYR:585:CZ
0	vdw	J:ILE:583:CD1	J:TYR:585:OH
0	vdw	C:ARG:384:NH1	J:ILE:583:CD1
0	vdw	J:ILE:583:CD1	J:TYR:585:CE1
0	vdw	C:GLU:48:CA	J:ILE:583:O
0	vdw	C:GLU:48:C	J:ILE:583:O
0	vdw	C:GLU:48:CB	J:ILE:583:O
0	vdw	C:PHE:49:N	J:ILE:583:O
0	vdw	C:GLU:48:CG	J:ALA:584:CB
0	vdw	C:ASP:64:C	C:GLY:66:N
0	vdw	C:ASP:64:OD2	C:GLY:66:N
0	vdw	C:ASP:64:OD2	C:GLY:66:CA
0	vdw	C:ILE:394:CD1	C:ILE:54:CD1
0	vdw	C:ASN:56:CB	C:ILE:394:CD1
0	vdw	C:PHE:392:CZ	C:VAL:52:O
0	vdw	C:ILE:54:CD1	C:PHE:392:CD2
0	vdw	C:ILE:54:CD1	C:PHE:392:CE2
0	vdw	C:ILE:54:CG2	C:PHE:392:CE2
0	vdw	C:ILE:54:N	C:PHE:392:CZ
0	vdw	C:ILE:54:CG2	C:PHE:392:CZ
0	vdw	C:ILE:54:CG1	C:PHE:392:CD2
0	vdw	C:ILE:54:CG1	C:PHE:392:CE2
0	vdw	C:ILE:54:CG1	C:PHE:392:CZ
0	vdw	C:ARG:391:CB	C:ASP:387:O
0	vdw	C:ARG:391:CZ	C:ASP:387:OD1
0	vdw	C:ARG:391:NH2	C:ASP:387:OD1
0	vdw	C:ASP:387:OD1	J:TYR:585:OH
0	vdw	C:ARG:391:CZ	C:ASP:387:OD2
0	vdw	C:ARG:391:NH2	C:ASP:387:CG
0	vdw	C:ARG:391:NH2	C:ASP:387:OD2
0	vdw	C:ASP:387:O	C:THR:390:C
0	vdw	C:ASP:387:O	C:THR:390:O
0	vdw	C:ARG:384:O	C:ASP:387:N
0	vdw	C:ASP:387:N	C:VAL:383:O
0	vdw	C:ASP:387:CA	C:VAL:383:O
0	vdw	C:ASP:387:CB	C:VAL:383:O
0	vdw	C:ALA:385:C	C:ASP:387:N
0	vdw	C:ALA:385:O	C:ASP:387:N
0	vdw	C:ASP:387:CB	J:TYR:585:OH
0	vdw	C:ASP:387:CG	J:TYR:585:OH
0	vdw	C:ASP:387:C	C:SER:389:N
0	vdw	C:VAL:383:CG2	J:TYR:585:CD2
0	vdw	C:GLN:239:OE1	C:ILE:394:OXT
0	vdw	C:ASP:386:C	C:SER:389:OG
0	vdw	C:ASP:386:O	C:SER:389:OG
0	vdw	C:ALA:385:O	C:SER:389:OG
0	vdw	C:ASP:386:CA	C:SER:389:OG
0	vdw	C:LEU:388:C	C:THR:390:N
0	vdw	C:ARG:382:O	C:ASP:386:CB
0	vdw	C:ASP:386:C	C:LEU:388:N
0	vdw	I:ASP:30:CA	I:GLU:24:O
0	vdw	I:GLU:29:O	I:ILE:31:N
0	vdw	J:ARG:543:CA	J:PRO:540:O
0	vdw	J:ARG:543:C	J:PRO:540:O
0	vdw	J:ARG:543:CB	J:PRO:540:O
0	vdw	J:ARG:543:C	J:VAL:545:N
0	vdw	I:THR:23:O	J:ARG:543:CZ
0	vdw	I:THR:23:O	J:ARG:543:NH1
0	vdw	J:ARG:543:NH1	J:MET:546:SD
0	vdw	I:THR:23:CG2	J:ARG:543:NH1
0	vdw	I:THR:23:O	J:ARG:543:NH2
0	vdw	I:GLU:24:N	I:ILE:31:O
0	vdw	I:GLU:24:O	I:ILE:31:N
0	vdw	J:ARG:543:O	J:GLU:547:CB
0	vdw	J:ASP:544:O	J:GLU:547:CB
0	vdw	J:ARG:543:O	J:GLU:547:N
0	vdw	J:GLU:547:N	J:VAL:545:C
0	vdw	J:ASP:544:O	J:GLU:547:N
0	vdw	J:ILE:542:O	J:MET:546:CB
0	vdw	J:ILE:542:O	J:MET:546:CG
0	vdw	J:ILE:542:O	J:MET:546:SD
0	vdw	I:GLY:22:CA	J:MET:546:CE
0	vdw	I:GLU:24:CD	I:PHE:33:CE2
0	vdw	I:GLU:24:OE1	I:PHE:33:CE2
0	vdw	I:GLU:24:OE1	I:PHE:33:CZ
0	vdw	J:GLU:547:O	J:VAL:551:CB
0	vdw	J:GLU:547:O	J:VAL:551:CG1
0	vdw	J:ARG:548:CA	J:VAL:551:CG1
0	vdw	J:ARG:548:C	J:VAL:551:CG1
0	vdw	J:ARG:548:O	J:VAL:551:CG1
0	vdw	J:GLU:547:O	J:VAL:551:N
0	vdw	J:GLU:547:O	J:SER:550:N
0	vdw	J:ARG:548:N	J:MET:546:C
0	vdw	J:ARG:548:N	J:MET:546:O
0	vdw	J:GLU:547:C	J:PHE:549:N
0	vdw	J:GLU:547:O	J:PHE:549:N
0	vdw	J:PHE:549:C	J:VAL:551:N
0	vdw	J:PHE:549:O	J:VAL:551:N
0	vdw	J:ARG:548:N	J:ASP:544:O
0	vdw	J:MET:546:O	J:SER:550:N
0	vdw	J:MET:546:O	J:PHE:549:C
0	vdw	J:MET:546:O	J:PHE:549:CA
0	vdw	J:MET:546:O	J:PHE:549:CB
0	vdw	J:MET:546:C	J:PHE:549:N
0	vdw	J:MET:546:O	J:PHE:549:N
0	vdw	J:ARG:548:C	J:SER:550:N
0	vdw	I:PHE:7:CZ	I:TYR:35:OH
0	vdw	I:CYS:18:CB	I:PHE:7:CZ
0	vdw	J:SER:555:CB	J:VAL:551:O
0	vdw	J:LEU:552:N	J:SER:550:C
0	vdw	J:CYS:553:N	J:VAL:551:C
0	vdw	J:LEU:552:N	J:PHE:549:C
0	vdw	J:LEU:552:N	J:PHE:549:O
0	vdw	J:LEU:552:CA	J:PHE:549:O
0	vdw	J:CYS:553:N	J:PHE:549:O
0	vdw	J:ARG:548:O	J:LEU:552:N
0	vdw	J:CYS:553:SG	J:PHE:549:O
0	vdw	J:LEU:552:CB	J:PHE:549:O
0	vdw	I:PRO:19:CG	J:PHE:549:CD1
0	vdw	I:CYS:18:CB	I:PHE:7:CD2
0	vdw	I:CYS:18:CB	I:PHE:7:CE2
0	vdw	I:PHE:7:CE2	I:TYR:35:CE2
0	vdw	I:PHE:7:CE2	I:TYR:35:CZ
0	vdw	I:PHE:7:CE2	I:TYR:35:OH
0	vdw	J:ASN:556:N	J:LEU:552:O
0	vdw	J:ASN:556:CB	J:LEU:552:O
0	vdw	I:LEU:16:CB	J:CYS:553:SG
0	vdw	I:LEU:16:CD1	J:CYS:553:SG
0	vdw	J:CYS:553:SG	J:PHE:549:CE1
0	vdw	J:CYS:553:SG	J:PHE:549:CZ
0	vdw	I:LEU:16:O	I:PRO:8:CG
0	vdw	I:PRO:8:O	I:VAL:64:CG2
0	vdw	I:TYR:12:OH	J:ILE:557:CG2
0	vdw	I:LYS:15:CD	I:TYR:12:CE2
0	vdw	I:LYS:15:CD	I:TYR:12:CZ
0	vdw	I:LYS:15:CD	I:TYR:12:OH
0	vdw	I:GLU:9:O	I:VAL:64:N
0	vdw	I:GLU:9:O	I:VAL:64:CG2
0	vdw	I:GLU:9:O	I:THR:63:CA
0	vdw	I:SER:109:O	I:VAL:64:CA
0	vdw	I:ALA:11:CB	I:VAL:64:CG2
0	vdw	I:SER:109:O	I:VAL:64:C
0	vdw	F:ASN:235:ND2	F:LYS:231:O
0	vdw	F:ARG:238:CZ	F:ASN:206:ND2
0	vdw	F:ARG:238:NH2	F:ASN:206:ND2
0	vdw	F:ASN:206:ND2	J:ASN:556:OD1
0	vdw	F:ARG:238:NH1	F:ILE:242:CD1
0	vdw	I:LYS:15:CB	I:TYR:12:CE2
0	vdw	I:LYS:15:CB	I:TYR:12:CZ
0	vdw	I:LYS:15:CB	I:TYR:12:CD2
0	vdw	I:GLY:62:C	I:ILE:10:CD1
0	vdw	I:GLY:62:O	I:ILE:10:CD1
0	vdw	I:ALA:11:N	I:GLY:62:O
0	vdw	I:GLY:62:C	I:VAL:110:CG1
0	vdw	I:LEU:111:O	I:THR:63:N
0	vdw	I:ALA:11:O	I:GLY:62:O
0	vdw	F:ASP:228:O	F:GLU:232:N
0	vdw	F:ASP:228:O	F:GLU:232:CG
0	vdw	F:ARG:229:O	F:GLU:232:N
0	vdw	F:CYS:230:C	F:GLU:232:N
0	vdw	F:CYS:230:O	F:GLU:232:N
0	vdw	F:ASN:235:C	F:TYR:237:N
0	vdw	F:ARG:238:N	F:ASN:235:O
0	vdw	F:ASN:235:O	F:ASP:239:N
0	vdw	F:ARG:238:CB	F:ASN:235:O
0	vdw	F:ASN:235:N	F:LYS:231:O
0	vdw	F:ASN:235:CB	F:LYS:231:O
0	vdw	F:ASN:235:CG	F:LYS:231:O
0	vdw	F:ASN:235:N	F:GLN:233:C
0	vdw	F:ILE:242:CD1	I:TYR:12:CD1
0	vdw	F:ILE:242:CD1	I:TYR:12:CE1
0	vdw	F:MET:246:CE	I:TYR:12:CB
0	vdw	F:MET:246:SD	I:VAL:61:CG2
0	vdw	F:MET:246:CE	I:VAL:61:CG2
0	vdw	F:ARG:229:O	F:GLU:232:CB
0	vdw	F:ARG:236:N	F:GLU:232:O
0	vdw	F:ARG:236:CB	F:GLU:232:O
0	vdw	F:GLU:232:C	F:TYR:234:N
0	vdw	F:GLU:232:O	F:TYR:234:N
0	vdw	F:CYS:230:O	F:GLN:233:N
0	vdw	F:CYS:230:O	F:GLN:233:CA
0	vdw	F:ASN:235:N	F:GLU:232:O
0	vdw	F:ARG:229:O	F:GLN:233:N
0	vdw	F:CYS:230:C	F:GLN:233:N
0	vdw	F:GLN:233:N	F:LYS:231:C
0	vdw	F:ARG:236:C	F:ARG:238:N
0	vdw	F:ARG:236:O	F:ARG:238:N
0	vdw	F:ARG:236:O	F:LEU:240:N
0	vdw	F:ARG:236:N	F:GLN:233:O
0	vdw	F:ARG:236:N	F:TYR:234:C
0	vdw	F:ARG:236:N	F:TYR:234:O
0	vdw	F:ARG:236:CB	F:GLN:233:O
0	vdw	F:GLN:233:O	F:TYR:237:N
0	vdw	F:TYR:234:C	F:TYR:237:N
0	vdw	F:TYR:234:O	F:TYR:237:N
0	vdw	F:GLN:233:O	F:TYR:237:CA
0	vdw	F:TYR:234:O	F:TYR:237:CA
0	vdw	F:ASP:239:N	F:TYR:237:C
0	vdw	F:ARG:238:C	F:LEU:240:N
0	vdw	F:ARG:238:O	F:LEU:240:N
0	vdw	F:MET:241:N	F:TYR:237:O
0	vdw	F:ARG:238:C	F:MET:241:N
0	vdw	F:ARG:238:O	F:MET:241:N
0	vdw	F:ARG:238:O	F:MET:241:CA
0	vdw	F:ARG:238:O	F:MET:241:C
0	vdw	F:ARG:238:O	F:ILE:242:N
0	vdw	F:ASP:239:C	F:MET:241:N
0	vdw	F:MET:241:SD	F:TYR:237:O
0	vdw	F:MET:241:CB	F:TYR:237:O
0	vdw	F:ARG:238:O	F:MET:241:CB
0	vdw	F:ARG:238:O	F:ILE:242:CB
0	vdw	F:ARG:238:O	F:ILE:242:CG1
0	vdw	F:TYR:234:O	F:TYR:237:C
0	vdw	F:ARG:238:N	F:TYR:234:O
0	vdw	F:ARG:238:CA	F:TYR:234:O
0	vdw	F:MET:241:CG	F:TYR:237:O
0	vdw	F:MET:241:C	F:SER:243:N
0	vdw	F:MET:241:O	F:SER:243:N
0	vdw	F:ILE:242:N	F:LEU:240:C
0	vdw	F:CYS:244:N	F:MET:241:C
0	vdw	F:CYS:244:N	F:MET:241:O
0	vdw	F:CYS:244:CA	F:MET:241:O
0	vdw	F:CYS:244:CB	F:MET:241:O
0	vdw	F:LEU:245:N	F:MET:241:O
0	vdw	F:LEU:245:CG	F:MET:241:O
0	vdw	F:LEU:178:CD2	F:MET:241:CA
0	vdw	F:LEU:178:CD2	F:MET:241:O
0	vdw	F:ILE:242:O	F:MET:246:N
0	vdw	F:CYS:244:N	F:ILE:242:C
0	vdw	F:CYS:244:N	F:ILE:242:O
0	vdw	F:ILE:242:O	F:LEU:245:N
0	vdw	F:LEU:46:CD1	F:TYR:237:CD1
0	vdw	F:LEU:46:CD1	F:TYR:237:CE1
0	vdw	F:GLN:233:O	F:TYR:237:CD1
0	vdw	F:LEU:240:C	F:LEU:48:CD1
0	vdw	F:LEU:240:O	F:LEU:48:CD1
0	vdw	F:CYS:244:N	F:LEU:240:O
0	vdw	F:CYS:244:CA	F:LEU:240:O
0	vdw	F:CYS:244:CB	F:LEU:240:O
0	vdw	F:CYS:244:O	F:GLN:248:CG
0	vdw	F:CYS:244:C	F:MET:246:N
0	vdw	F:GLN:44:CD	F:SER:66:OG
0	vdw	F:GLN:44:OE1	F:SER:66:CB
0	vdw	F:GLN:44:OE1	F:SER:66:OG
0	vdw	F:GLN:44:NE2	F:SER:66:OG
0	vdw	F:GLN:44:NE2	F:TYR:237:OH
0	vdw	F:ALA:64:CB	F:LEU:46:CD2
0	vdw	F:GLU:63:O	F:LEU:46:CA
0	vdw	F:LEU:48:CD2	F:VAL:62:CG2
0	vdw	F:LEU:48:CA	F:LEU:61:O
0	vdw	F:CYS:244:SG	F:LEU:48:CB
0	vdw	F:HIS:49:N	F:LEU:61:O
0	vdw	F:GLN:248:CD	F:THR:50:O
0	vdw	F:GLN:248:CD	F:THR:50:OG1
0	vdw	F:GLN:248:OE1	F:THR:50:C
0	vdw	F:GLN:248:OE1	F:THR:50:O
0	vdw	F:GLN:248:OE1	F:THR:50:OG1
0	vdw	F:GLN:248:NE2	F:THR:50:O
0	vdw	F:GLN:248:NE2	F:THR:50:OG1
0	vdw	F:GLN:248:OE1	F:THR:50:CB
0	vdw	J:ALA:603:O	J:LYS:607:CA
0	vdw	J:ALA:603:O	J:LYS:607:CB
0	vdw	J:ALA:609:N	J:LYS:607:C
0	vdw	J:PHE:606:C	J:SER:608:N
0	vdw	J:PHE:606:O	J:SER:608:N
0	vdw	J:LEU:610:N	J:SER:608:C
0	vdw	F:GLY:68:N	F:SER:66:C
0	vdw	F:HIS:69:O	F:SER:66:N
0	vdw	F:ALA:64:CA	F:GLU:45:O
0	vdw	F:ALA:64:C	F:GLU:45:O
0	vdw	F:ARG:65:N	F:GLU:45:O
0	vdw	F:ALA:64:CB	F:HIS:171:CE1
0	vdw	F:ALA:64:N	F:THR:71:O
0	vdw	F:ALA:64:CB	F:HIS:171:NE2
0	vdw	F:GLU:63:O	F:SER:47:N
0	vdw	F:GLU:63:CB	F:SER:47:CB
0	vdw	F:GLU:63:C	F:THR:71:O
0	vdw	F:LEU:61:O	F:SER:47:O
0	vdw	F:SER:47:O	F:VAL:62:CA
0	vdw	F:GLU:63:N	F:SER:47:O
0	vdw	F:HIS:49:CB	J:PRO:577:CG
0	vdw	F:HIS:49:CG	J:PRO:577:CG
0	vdw	F:HIS:49:ND1	J:PRO:577:CG
0	vdw	J:ALA:603:O	J:LYS:607:N
0	vdw	J:ALA:603:C	J:PHE:606:N
0	vdw	J:ALA:603:O	J:PHE:606:N
0	vdw	J:ASN:605:C	J:LYS:607:N
0	vdw	J:ARG:602:O	J:PHE:606:CB
0	vdw	J:ALA:603:O	J:LYS:607:CG
0	vdw	J:ASN:605:C	J:SER:608:OG
0	vdw	J:ASN:605:O	J:SER:608:OG
0	vdw	J:ALA:609:N	J:ASN:605:O
0	vdw	J:ALA:609:N	J:PHE:606:C
0	vdw	J:ALA:609:CB	J:ASN:605:O
0	vdw	J:ALA:609:N	J:PHE:606:O
0	vdw	C:LEU:308:CD2	J:ALA:609:CB
0	vdw	F:GLY:68:N	F:SER:66:O
0	vdw	F:HIS:69:N	F:SER:66:O
0	vdw	F:HIS:69:N	F:LEU:67:C
0	vdw	F:HIS:69:O	F:SER:66:O
0	vdw	F:HIS:69:CA	F:SER:66:O
0	vdw	F:HIS:69:C	F:SER:66:O
0	vdw	F:ALA:64:O	F:GLN:70:CB
0	vdw	F:ARG:65:CB	J:ILE:570:CG2
0	vdw	F:GLN:70:OE1	J:ILE:570:CG2
0	vdw	F:ALA:64:O	F:THR:71:N
0	vdw	F:ALA:64:O	F:GLN:70:CA
0	vdw	F:ALA:64:O	F:GLN:70:C
0	vdw	F:GLU:63:CB	J:ILE:570:CG1
0	vdw	F:GLU:63:CD	J:GLY:573:N
0	vdw	F:GLU:63:OE1	J:GLY:573:N
0	vdw	F:GLU:63:CD	J:LEU:571:N
0	vdw	F:GLU:63:OE1	J:LEU:571:N
0	vdw	F:GLU:63:OE1	J:LEU:571:CA
0	vdw	F:GLU:63:OE1	J:LEU:571:CB
0	vdw	F:GLU:63:CG	F:SER:72:CB
0	vdw	F:GLU:63:CG	F:SER:72:OG
0	vdw	F:GLU:63:CD	J:LEU:572:N
0	vdw	F:GLU:63:OE1	J:LEU:571:C
0	vdw	F:GLU:63:OE1	J:LEU:572:N
0	vdw	F:GLU:63:OE1	J:LEU:572:CA
0	vdw	F:GLU:63:OE1	J:LEU:572:C
0	vdw	F:GLU:63:CG	F:LEU:61:CD1
0	vdw	F:GLU:63:CD	F:LEU:61:CD1
0	vdw	F:GLU:63:OE1	J:LEU:572:CB
0	vdw	F:GLU:63:OE2	J:GLY:573:N
0	vdw	F:GLU:63:OE2	J:GLY:573:CA
0	vdw	J:GLY:573:N	J:LEU:571:C
0	vdw	F:GLU:63:OE2	F:LEU:61:CD1
0	vdw	J:GLY:573:C	J:PRO:577:CD
0	vdw	J:GLY:573:C	J:ILE:575:N
0	vdw	J:ILE:575:C	J:PRO:577:CD
0	vdw	J:ARG:578:N	J:LEU:576:C
0	vdw	J:ILE:575:C	J:PRO:577:N
0	vdw	J:ARG:578:N	J:ILE:575:O
0	vdw	J:ARG:578:N	J:LEU:576:O
0	vdw	C:LYS:81:NZ	J:LEU:576:C
0	vdw	C:LYS:81:NZ	J:ARG:578:N
0	vdw	C:LYS:81:NZ	J:ARG:578:O
0	vdw	J:ARG:602:O	J:PHE:606:N
0	vdw	C:LEU:37:CD1	J:PHE:606:CD1
0	vdw	C:GLN:309:CG	C:LEU:37:CD2
0	vdw	C:LEU:308:CB	C:LEU:37:CD2
0	vdw	F:GLY:68:O	F:LEU:147:CB
0	vdw	F:GLY:68:O	F:LEU:147:CG
0	vdw	F:GLY:68:O	F:LEU:147:N
0	vdw	F:GLY:68:O	F:LEU:147:CA
0	vdw	F:GLN:70:CG	F:LYS:145:CB
0	vdw	C:GLU:55:OE1	J:LEU:571:O
0	vdw	J:ILE:575:N	J:LEU:572:O
0	vdw	J:LEU:572:O	J:LEU:576:N
0	vdw	J:LEU:572:O	J:LEU:576:CD1
0	vdw	C:VAL:79:CG1	J:ILE:575:CG2
0	vdw	J:LEU:572:O	J:LEU:576:CB
0	vdw	J:ARG:578:CB	J:ILE:575:O
0	vdw	C:LYS:81:CD	J:ILE:575:O
0	vdw	C:ARG:44:CG	J:ASP:582:OD2
0	vdw	C:ARG:44:CD	J:ASP:582:OD2
0	vdw	C:ARG:40:O	C:LEU:43:CA
0	vdw	C:ARG:44:N	C:CYS:42:C
0	vdw	C:ARG:44:N	C:CYS:42:O
0	vdw	C:ARG:44:O	C:ILE:39:CD1
0	vdw	C:ILE:39:N	C:LEU:37:C
0	vdw	F:LEU:147:CG	F:LYS:145:CD
0	vdw	F:LEU:147:CD1	F:LYS:145:CD
0	vdw	C:ASP:69:OD1	F:LYS:145:CD
0	vdw	F:LYS:145:CE	F:TYR:143:CE2
0	vdw	F:LYS:145:CE	F:TYR:143:OH
0	vdw	F:GLN:70:NE2	F:LYS:145:CE
0	vdw	C:THR:58:O	J:LEU:571:CD1
0	vdw	C:GLU:55:CD	J:ILE:575:CB
0	vdw	C:GLU:55:CD	J:ILE:575:CG2
0	vdw	C:ALA:53:O	J:ILE:575:CD1
0	vdw	C:ILE:54:C	J:ILE:575:CD1
0	vdw	C:VAL:79:CG1	J:ILE:575:CD1
0	vdw	C:ILE:54:CA	J:ILE:575:CD1
0	vdw	C:VAL:79:O	J:ILE:575:CD1
0	vdw	C:ALA:53:O	C:LYS:81:N
0	vdw	C:ASP:51:N	J:HIS:581:O
0	vdw	C:ASP:51:O	C:SER:82:CA
0	vdw	C:ARG:44:CG	J:ASP:582:CG
0	vdw	C:ARG:44:CD	J:ASP:582:CG
0	vdw	C:ARG:44:CD	J:ASP:582:OD1
0	vdw	C:ARG:44:CB	C:GLU:48:OE1
0	vdw	C:ARG:44:CB	C:GLU:48:CB
0	vdw	C:ARG:44:CG	C:CYS:42:O
0	vdw	C:ARG:44:CG	C:CYS:42:SG
0	vdw	C:ARG:44:CA	C:GLU:48:OE1
0	vdw	C:ARG:44:C	C:GLU:48:OE1
0	vdw	C:GLU:48:OE1	C:LYS:45:N
0	vdw	C:GLU:48:CG	C:LYS:45:N
0	vdw	C:GLU:48:CG	C:LYS:45:CB
0	vdw	C:ARG:44:C	C:ILE:39:CD1
0	vdw	C:GLY:38:N	C:LEU:35:C
0	vdw	C:GLY:38:N	C:LEU:35:O
0	vdw	C:GLY:38:CA	C:TYR:46:OH
0	vdw	C:GLY:38:CA	C:TYR:46:CZ
0	vdw	C:GLY:38:N	C:HIS:34:O
0	vdw	C:GLY:38:N	C:SER:36:C
0	vdw	C:ASN:67:O	C:ASP:64:O
0	vdw	C:ALA:63:CA	C:ASN:57:O
0	vdw	C:ALA:63:CB	C:ASN:57:O
0	vdw	C:ASP:64:N	C:TYR:62:C
0	vdw	C:ALA:63:CB	C:SER:60:O
0	vdw	C:ASN:56:O	C:THR:58:N
0	vdw	C:ASN:57:C	C:LEU:59:N
0	vdw	C:SER:77:OG	C:THR:58:N
0	vdw	C:ASN:56:C	C:THR:58:N
0	vdw	C:ASN:56:O	C:THR:58:CG2
0	vdw	C:ASN:78:CA	C:GLU:55:O
0	vdw	C:ASN:78:C	C:GLU:55:O
0	vdw	C:GLU:55:O	C:VAL:79:N
0	vdw	C:GLU:55:CB	C:THR:58:CG2
0	vdw	C:ILE:54:C	C:VAL:79:O
0	vdw	C:GLU:55:N	C:VAL:79:O
0	vdw	C:ILE:54:CG2	C:TYR:236:CE2
0	vdw	C:ILE:54:CG2	C:LEU:80:CD1
0	vdw	C:ILE:54:CG2	C:TYR:236:CD2
0	vdw	C:ILE:54:CA	C:VAL:79:O
0	vdw	C:ILE:54:CB	C:VAL:79:O
0	vdw	C:LEU:80:CD1	C:VAL:52:CG1
0	vdw	C:ARG:384:NH2	C:VAL:52:CG2
0	vdw	C:ARG:384:NH1	C:ARG:50:O
0	vdw	C:ARG:384:NH2	C:ARG:50:O
0	vdw	C:ARG:384:NH1	C:PHE:49:CB
0	vdw	C:ARG:44:CD	C:PHE:49:O
0	vdw	C:ARG:44:NE	C:PHE:49:O
0	vdw	C:GLU:47:O	C:PHE:49:N
0	vdw	C:ARG:40:NH1	C:GLU:48:O
0	vdw	C:GLU:48:CB	C:LYS:45:N
0	vdw	C:ARG:44:NE	C:GLU:48:O
0	vdw	C:GLU:47:N	C:LYS:45:C
0	vdw	C:GLU:47:N	C:LYS:45:O
0	vdw	C:GLU:48:N	C:LYS:45:O
0	vdw	C:GLU:48:N	C:TYR:46:C
0	vdw	C:LYS:242:CD	C:TYR:62:CB
0	vdw	C:ALA:63:N	C:ARG:61:C
0	vdw	C:ALA:63:N	C:ARG:61:O
0	vdw	C:ALA:63:N	C:SER:60:O
0	vdw	C:ASN:57:CG	C:SER:240:CB
0	vdw	C:ASN:57:OD1	C:SER:240:CB
0	vdw	C:ASN:57:OD1	C:SER:240:OG
0	vdw	C:ASN:57:ND2	C:SER:240:CB
0	vdw	C:ASN:57:ND2	C:SER:240:O
0	vdw	C:ASN:57:CA	C:SER:77:OG
0	vdw	C:ASN:56:OD1	C:SER:240:CB
0	vdw	C:ASN:56:CG	C:SER:77:O
0	vdw	C:ASN:56:OD1	C:SER:77:O
0	vdw	C:ASN:57:N	C:SER:77:O
0	vdw	C:ASN:56:ND2	C:TYR:236:C
0	vdw	C:ASN:56:ND2	C:TYR:236:O
0	vdw	C:ASN:78:ND2	C:ILE:54:CD1
0	vdw	C:ILE:54:CD1	C:TYR:236:CG
0	vdw	C:ILE:54:CD1	C:TYR:236:CD2
0	vdw	C:LEU:388:O	C:TYR:236:CZ
0	vdw	C:PHE:293:CE2	C:TYR:236:CZ
0	vdw	C:ARG:384:CZ	C:PHE:49:CD2
0	vdw	C:ARG:384:NH1	C:PHE:49:CG
0	vdw	C:ARG:384:CD	C:PHE:49:CD2
0	vdw	C:ARG:384:CD	C:PHE:49:CE2
0	vdw	C:ARG:384:NH1	C:PHE:49:CD2
0	vdw	C:GLU:47:O	C:PHE:49:CD1
0	vdw	C:GLU:47:O	C:PHE:49:CE1
0	vdw	C:ALA:332:CB	C:PHE:49:CE1
0	vdw	C:ARG:376:NH2	C:GLU:47:CD
0	vdw	C:ARG:376:NH2	C:GLU:47:OE1
0	vdw	C:GLU:47:CG	C:LEU:380:CD2
0	vdw	C:GLU:47:CD	C:LEU:380:CD2
0	vdw	C:ALA:332:CB	C:GLU:47:CA
0	vdw	C:LYS:242:CD	C:TYR:62:CG
0	vdw	C:GLN:239:OE1	C:ILE:394:CG2
0	vdw	C:LEU:388:O	C:TYR:236:CE1
0	vdw	C:LEU:388:CA	C:TYR:236:OH
0	vdw	C:LEU:388:C	C:TYR:236:OH
0	vdw	C:LEU:388:O	C:TYR:236:OH
0	vdw	C:LEU:388:CB	C:TYR:236:OH
0	vdw	C:PHE:293:CZ	C:TYR:236:CE1
0	vdw	C:PHE:293:CE2	C:TYR:236:CE1
0	vdw	C:ARG:384:O	C:LEU:388:N
0	vdw	C:ARG:384:O	C:LEU:388:CB
0	vdw	C:ARG:384:O	C:LEU:388:CG
0	vdw	C:LEU:388:CB	C:PHE:293:CD2
0	vdw	C:ALA:385:O	C:LEU:388:N
0	vdw	C:ALA:385:O	C:SER:389:N
0	vdw	C:LEU:388:C	C:PHE:293:CZ
0	vdw	C:LEU:388:O	C:PHE:293:CZ
0	vdw	C:ALA:385:N	C:VAL:383:C
0	vdw	C:ALA:385:N	C:VAL:383:O
0	vdw	C:ARG:384:C	C:ASP:386:N
0	vdw	C:ARG:384:O	C:LEU:388:CD1
0	vdw	C:ALA:385:N	C:ARG:382:O
0	vdw	C:ALA:385:N	C:SER:381:O
0	vdw	C:ARG:384:N	C:LEU:380:O
0	vdw	C:ARG:384:CB	C:LEU:380:O
0	vdw	C:ARG:382:C	C:ARG:384:N
0	vdw	C:ARG:382:O	C:ARG:384:N
0	vdw	C:ARG:384:N	C:SER:381:O
0	vdw	C:LEU:380:CA	C:VAL:383:CG1
0	vdw	C:LEU:380:O	C:VAL:383:CG1
0	vdw	C:LEU:379:O	C:VAL:383:CG1
0	vdw	C:LEU:380:O	C:TYR:297:OH
0	vdw	C:LEU:380:C	C:VAL:383:CG1
0	vdw	C:ARG:376:NE	C:LEU:380:CD1
0	vdw	C:ARG:376:CZ	C:LEU:380:CD1
0	vdw	C:ARG:376:O	C:LEU:380:CD1
0	vdw	C:ARG:376:CD	C:LEU:380:CD1
0	vdw	C:ARG:376:NE	C:GLU:47:OE2
0	vdw	C:ARG:376:CZ	C:GLU:47:OE2
0	vdw	C:ARG:376:NH2	C:GLU:47:OE2
0	vdw	C:ALA:385:O	C:SER:389:CB
0	vdw	C:PRO:353:CG	C:SER:389:CB
0	vdw	C:PHE:293:CE1	C:SER:389:CA
0	vdw	C:PHE:293:CZ	C:SER:389:CA
0	vdw	C:ARG:382:O	C:ASP:386:N
0	vdw	C:ARG:382:O	C:ASP:386:CA
0	vdw	C:ALA:385:CA	C:SER:381:O
0	vdw	C:ASP:386:N	C:VAL:383:C
0	vdw	C:ASP:386:N	C:VAL:383:O
0	vdw	C:ALA:385:O	C:PHE:293:CD1
0	vdw	C:LEU:379:O	C:VAL:383:N
0	vdw	C:SER:381:C	C:VAL:383:N
0	vdw	C:LEU:379:C	C:SER:381:N
0	vdw	C:LEU:379:O	C:SER:381:N
0	vdw	C:ARG:382:N	C:LEU:379:O
0	vdw	C:LEU:379:CA	C:LYS:375:O
0	vdw	C:LEU:379:CB	C:LYS:375:O
0	vdw	C:MET:285:CE	C:PRO:283:O
0	vdw	C:ILE:291:O	C:PRO:353:CD
0	vdw	C:GLY:355:N	C:PRO:353:C
0	vdw	C:ARG:382:CB	C:LEU:378:O
0	vdw	C:ARG:382:CB	C:LEU:379:O
0	vdw	C:GLY:355:N	C:PRO:353:O
0	vdw	C:ASN:356:N	C:SER:354:C
0	vdw	C:ALA:352:C	C:SER:354:N
0	vdw	C:ALA:352:O	C:SER:354:N
0	vdw	C:ALA:352:O	C:GLY:355:N
0	vdw	J:GLN:541:N	J:VAL:539:C
0	vdw	J:GLN:541:N	J:VAL:539:O
0	vdw	J:ILE:542:N	J:PRO:540:C
0	vdw	J:ARG:543:N	J:PRO:540:C
0	vdw	J:GLN:541:N	J:SER:538:O
0	vdw	J:ILE:542:N	J:VAL:539:O
0	vdw	J:ILE:542:CA	J:VAL:539:O
0	vdw	J:ILE:542:CB	J:VAL:539:O
0	vdw	J:PRO:540:N	J:SER:538:C
0	vdw	J:PRO:540:CD	J:SER:538:C
0	vdw	J:ILE:542:CG1	J:VAL:539:O
0	vdw	J:ASP:544:CB	J:GLN:541:C
0	vdw	J:ASP:544:CB	J:GLN:541:O
0	vdw	J:ARG:548:CD	J:ASP:544:OD1
0	vdw	J:ASP:544:OD2	J:GLN:541:CD
0	vdw	J:ASP:544:OD2	J:GLN:541:OE1
0	vdw	J:ASP:544:OD2	J:GLN:541:NE2
0	vdw	J:ASP:544:CB	J:GLN:541:CA
0	vdw	J:ASP:544:N	J:PRO:540:O
0	vdw	J:ASP:544:N	J:GLN:541:C
0	vdw	J:ASP:544:N	J:GLN:541:O
0	vdw	J:ASP:544:CA	J:GLN:541:O
0	vdw	J:ILE:542:N	J:PRO:540:O
0	vdw	J:ARG:543:N	J:PRO:540:O
0	vdw	J:ARG:543:N	J:GLN:541:C
0	vdw	J:ARG:543:N	J:GLN:541:O
0	vdw	J:ASP:544:N	J:ILE:542:C
0	vdw	J:ASP:544:C	J:GLN:541:O
0	vdw	J:GLN:541:O	J:VAL:545:N
0	vdw	J:GLN:541:O	J:VAL:545:CG2
0	vdw	J:ASP:544:N	J:ILE:542:O
0	vdw	J:GLN:541:O	J:VAL:545:CB
0	vdw	J:GLN:541:O	J:VAL:545:CG1
0	vdw	I:ILE:31:O	I:THR:23:CA
0	vdw	I:ILE:31:O	I:THR:23:CB
0	vdw	I:ILE:32:CD1	I:THR:23:CB
0	vdw	I:ILE:31:O	I:THR:23:OG1
0	vdw	I:ILE:32:CD1	I:THR:23:OG1
0	vdw	J:ARG:548:CG	J:ASP:544:O
0	vdw	J:ARG:548:CD	J:ASP:544:O
0	vdw	J:ASP:544:O	J:MET:546:N
0	vdw	J:ARG:548:CA	J:ASP:544:O
0	vdw	J:ARG:548:CB	J:ASP:544:O
0	vdw	I:ARG:51:NH1	J:ARG:548:CD
0	vdw	I:ARG:51:NE	J:ARG:548:NE
0	vdw	I:ARG:51:CZ	J:ARG:548:NE
0	vdw	I:ARG:51:NH1	J:ARG:548:NE
0	vdw	J:ASP:544:C	J:MET:546:N
0	vdw	J:ILE:542:O	J:VAL:545:CG2
0	vdw	J:ILE:542:O	J:MET:546:N
0	vdw	J:ILE:542:CA	J:VAL:545:CG2
0	vdw	J:ILE:542:C	J:VAL:545:CG2
0	vdw	I:TYR:21:O	J:ILE:542:CG2
0	vdw	I:GLY:22:CA	J:ILE:542:CG2
0	vdw	I:THR:23:CG2	J:ILE:542:CG2
0	vdw	I:GLY:22:O	I:PHE:33:N
0	vdw	I:GLY:22:O	I:PHE:33:CA
0	vdw	I:GLY:22:N	I:PHE:33:O
0	vdw	I:GLY:22:CA	I:PHE:33:O
0	vdw	I:GLY:22:C	I:PHE:33:O
0	vdw	I:GLY:22:O	I:PHE:33:C
0	vdw	I:GLY:22:O	I:PHE:33:O
0	vdw	I:GLY:22:O	I:ILE:32:C
0	vdw	J:PHE:549:N	J:VAL:545:O
0	vdw	J:ARG:548:O	J:LEU:552:CB
0	vdw	J:PHE:549:CA	J:VAL:545:O
0	vdw	J:PHE:549:CB	J:VAL:545:O
0	vdw	I:PRO:19:CG	J:PHE:549:CB
0	vdw	I:CYS:18:CB	I:TYR:35:CD2
0	vdw	I:CYS:18:SG	I:TYR:35:CD2
0	vdw	I:PRO:19:O	I:TYR:35:CD2
0	vdw	I:ILE:106:CB	I:TYR:35:CD1
0	vdw	I:ASN:105:O	I:GLU:68:CB
0	vdw	I:LEU:16:CD1	J:LEU:552:CD2
0	vdw	I:LEU:16:CB	J:PHE:549:CE2
0	vdw	I:ALA:55:CB	J:PHE:549:CE2
0	vdw	I:PRO:19:CG	J:PHE:549:CG
0	vdw	I:PRO:19:CG	J:PHE:549:CD2
0	vdw	I:ILE:17:C	J:PHE:549:CZ
0	vdw	I:CYS:18:SG	I:VAL:108:CG2
0	vdw	I:CYS:18:SG	I:ILE:56:CB
0	vdw	I:CYS:18:SG	I:TYR:35:CG
0	vdw	I:GLU:67:N	I:LEU:107:O
0	vdw	I:LEU:16:CD2	I:TYR:46:CE2
0	vdw	I:LEU:16:CD2	I:TYR:46:CZ
0	vdw	I:LEU:16:CD2	I:THR:57:OG1
0	vdw	I:LEU:16:CD2	I:TYR:46:OH
0	vdw	I:LEU:16:CB	J:PHE:549:CZ
0	vdw	I:ILE:17:N	I:LYS:15:O
0	vdw	I:ILE:17:N	I:ILE:56:O
0	vdw	I:ILE:17:CB	I:ILE:56:O
0	vdw	I:ARG:65:O	I:LEU:107:O
0	vdw	I:CYS:66:CA	I:LEU:107:O
0	vdw	I:ARG:65:O	I:SER:109:N
0	vdw	F:ASN:206:CB	J:ASN:556:ND2
0	vdw	F:ASN:206:CB	J:ASN:556:CG
0	vdw	F:ASN:206:CB	J:ASN:556:OD1
0	vdw	F:ASN:206:CG	J:ASN:556:ND2
0	vdw	I:GLY:14:C	I:THR:57:CG2
0	vdw	I:LYS:15:N	I:TYR:12:O
0	vdw	I:LYS:15:CB	I:TYR:12:O
0	vdw	I:LYS:15:O	I:THR:57:CG2
0	vdw	I:ALA:58:N	I:LYS:15:O
0	vdw	I:LYS:15:N	I:PRO:13:C
0	vdw	I:ALA:11:CB	I:ALA:58:CB
0	vdw	I:ALA:58:CB	I:ILE:17:CD1
0	vdw	I:ALA:58:CB	I:VAL:110:CG2
0	vdw	I:ARG:65:N	I:SER:109:O
0	vdw	I:THR:41:CG2	I:VAL:110:CG2
0	vdw	F:ASP:228:CG	F:LEU:224:O
0	vdw	F:ASP:228:OD2	F:LEU:224:O
0	vdw	F:LEU:227:O	F:LYS:231:CE
0	vdw	F:ASN:206:N	F:TYR:234:OH
0	vdw	F:ASN:206:CA	F:TYR:234:OH
0	vdw	F:ASN:206:CA	F:TYR:234:CE2
0	vdw	F:ASN:206:C	F:TYR:234:CE2
0	vdw	F:GLY:207:N	F:TYR:234:CE2
0	vdw	F:ASN:206:N	F:ILE:204:C
0	vdw	F:ASN:206:N	F:ILE:204:O
0	vdw	F:GLY:207:N	F:ILE:204:O
0	vdw	F:ARG:238:CD	F:TYR:234:OH
0	vdw	F:ASN:206:CG	J:ASN:556:CG
0	vdw	F:ASN:206:CG	J:ASN:556:OD1
0	vdw	F:GLY:207:N	F:LYS:205:C
0	vdw	F:GLY:207:N	F:LYS:205:O
0	vdw	F:ASN:206:C	F:GLU:208:N
0	vdw	F:ASN:206:O	F:GLU:208:N
0	vdw	F:MET:190:CG	I:PRO:13:O
0	vdw	I:LYS:15:CB	I:TYR:12:CE1
0	vdw	I:GLY:14:N	I:TYR:12:C
0	vdw	I:GLY:14:N	I:TYR:12:O
0	vdw	I:ALA:11:O	I:LEU:60:O
0	vdw	I:LEU:60:O	I:VAL:110:CG1
0	vdw	I:ALA:11:O	I:VAL:61:CA
0	vdw	I:ALA:11:O	I:VAL:61:C
0	vdw	I:ALA:11:O	I:GLY:62:N
0	vdw	I:GLY:62:N	I:LEU:60:O
0	vdw	I:THR:63:O	I:VAL:110:CA
0	vdw	I:THR:63:O	I:VAL:110:C
0	vdw	I:LEU:111:N	I:THR:63:O
0	vdw	I:GLY:62:CA	I:VAL:110:CG1
0	vdw	F:ASP:228:N	F:GLU:225:C
0	vdw	F:ASP:228:N	F:GLU:225:O
0	vdw	F:ASP:228:CA	F:GLU:225:O
0	vdw	F:ASP:228:CB	F:GLU:225:O
0	vdw	F:ARG:229:N	F:GLU:225:O
0	vdw	F:ARG:229:CB	F:GLU:225:O
0	vdw	F:ARG:229:CG	F:GLU:225:O
0	vdw	F:GLU:225:C	F:LEU:227:N
0	vdw	F:GLU:225:O	F:LEU:227:N
0	vdw	F:ASP:228:N	F:LEU:224:O
0	vdw	F:ASP:228:N	F:CYS:226:C
0	vdw	F:ASP:228:CB	F:LEU:224:O
0	vdw	F:ARG:229:N	F:LEU:227:C
0	vdw	F:ASP:228:C	F:CYS:230:N
0	vdw	F:ASP:228:N	F:CYS:226:O
0	vdw	F:ARG:229:N	F:CYS:226:O
0	vdw	F:LEU:227:O	F:LYS:231:N
0	vdw	F:LEU:227:O	F:LYS:231:CB
0	vdw	F:ARG:229:C	F:LYS:231:N
0	vdw	F:ARG:229:O	F:LYS:231:N
0	vdw	F:LEU:227:O	F:PHE:203:CZ
0	vdw	F:LYS:231:O	F:TYR:234:CB
0	vdw	F:LYS:231:O	F:TYR:234:N
0	vdw	F:CYS:230:O	F:TYR:234:CB
0	vdw	F:ARG:238:CD	F:TYR:234:CZ
0	vdw	F:PHE:203:O	F:TYR:234:CD1
0	vdw	F:PHE:203:C	F:TYR:234:CE1
0	vdw	F:PHE:203:O	F:TYR:234:CE1
0	vdw	F:GLY:192:CA	F:TYR:234:CD1
0	vdw	F:GLY:192:C	F:TYR:234:CD1
0	vdw	F:PHE:203:CB	F:TYR:234:CG
0	vdw	F:PHE:203:CB	F:TYR:234:CD2
0	vdw	F:GLY:207:CA	F:TYR:234:CE2
0	vdw	F:MET:190:SD	F:MET:241:CE
0	vdw	I:PRO:13:CD	I:VAL:61:N
0	vdw	I:PRO:13:CD	I:VAL:61:CA
0	vdw	I:PRO:13:CD	I:VAL:61:CB
0	vdw	I:PRO:13:CG	I:VAL:61:N
0	vdw	I:GLY:62:CA	I:LEU:111:O
0	vdw	F:ARG:229:O	F:GLN:233:CG
0	vdw	F:CYS:226:O	F:CYS:230:N
0	vdw	F:CYS:226:O	F:CYS:230:CA
0	vdw	F:CYS:230:O	F:GLN:233:C
0	vdw	F:CYS:230:O	F:GLN:233:CB
0	vdw	F:CYS:230:O	F:TYR:234:N
0	vdw	F:CYS:230:O	F:TYR:234:CA
0	vdw	F:GLN:233:CB	F:GLY:194:CA
0	vdw	F:GLN:233:O	F:TYR:237:CB
0	vdw	F:GLN:233:O	F:TYR:237:CG
0	vdw	F:GLN:233:O	F:TYR:237:CD2
0	vdw	F:TYR:234:O	F:TYR:237:CB
0	vdw	F:ARG:238:CB	F:TYR:234:O
0	vdw	F:MET:241:SD	F:THR:174:CG2
0	vdw	F:MET:241:SD	F:THR:174:CA
0	vdw	F:LEU:178:CD2	F:MET:241:CB
0	vdw	F:MET:241:CE	F:THR:177:CB
0	vdw	F:MET:241:CE	F:THR:177:CG2
0	vdw	F:ALA:181:CB	F:LEU:245:CD1
0	vdw	F:ALA:196:CB	F:ARG:229:NE
0	vdw	F:ALA:196:CA	F:ARG:229:NH2
0	vdw	F:ALA:196:CB	F:ARG:229:NH2
0	vdw	F:GLN:233:NE2	F:GLU:195:O
0	vdw	F:GLN:233:CD	F:GLY:194:CA
0	vdw	F:ALA:193:O	F:TYR:237:CD2
0	vdw	F:ALA:193:O	F:TYR:237:CE2
0	vdw	F:ALA:193:O	F:PRO:170:CB
0	vdw	F:GLN:233:OE1	F:GLY:194:CA
0	vdw	F:GLN:233:OE1	F:GLU:195:N
0	vdw	F:MET:241:CG	F:THR:174:CG2
0	vdw	F:PRO:170:O	F:THR:174:OG1
0	vdw	F:LEU:178:CG	F:MET:241:CG
0	vdw	F:LEU:178:CD1	F:MET:241:CG
0	vdw	F:LEU:178:CD2	F:MET:241:CG
0	vdw	F:LEU:178:CD2	F:LEU:245:CD2
0	vdw	F:LEU:178:CB	F:THR:174:O
0	vdw	F:LEU:178:CG	F:THR:174:O
0	vdw	F:LEU:178:CD1	F:THR:174:O
0	vdw	F:LEU:178:CB	F:SER:175:O
0	vdw	C:THR:16:CG2	J:ALA:611:O
0	vdw	F:SER:175:CA	F:VAL:62:CG2
0	vdw	F:SER:175:CB	F:VAL:62:CG2
0	vdw	F:ALA:60:CB	F:THR:50:CG2
0	vdw	F:SER:59:O	F:THR:50:CB
0	vdw	F:SER:59:O	F:THR:50:CG2
0	vdw	F:PHE:52:N	F:THR:50:C
0	vdw	F:SER:59:O	F:THR:50:CA
0	vdw	F:GLY:51:N	F:SER:59:O
0	vdw	F:GLY:51:N	F:SER:59:OG
0	vdw	F:GLY:51:CA	F:SER:59:OG
0	vdw	C:PRO:19:CG	J:LYS:607:CE
0	vdw	C:PRO:19:CG	J:LYS:607:CG
0	vdw	J:ALA:611:N	J:LYS:607:O
0	vdw	J:ALA:611:CB	J:LYS:607:O
0	vdw	J:ASN:612:N	J:LEU:610:C
0	vdw	J:ALA:609:C	J:ALA:611:N
0	vdw	C:THR:16:OG1	J:LEU:610:C
0	vdw	J:ASN:612:N	J:LEU:610:O
0	vdw	F:SER:72:CA	F:VAL:62:O
0	vdw	F:LEU:73:CD1	F:VAL:62:CB
0	vdw	F:LEU:73:N	F:VAL:62:O
0	vdw	F:HIS:49:O	F:LEU:61:CA
0	vdw	F:LEU:73:O	F:VAL:62:N
0	vdw	F:HIS:49:O	F:LEU:61:N
0	vdw	F:HIS:49:O	F:LEU:61:CB
0	vdw	F:LEU:61:N	F:PHE:52:CE2
0	vdw	F:LEU:61:CB	F:PHE:52:CE2
0	vdw	F:ALA:60:C	F:HIS:49:O
0	vdw	F:ALA:60:C	F:PHE:52:CE2
0	vdw	F:LEU:61:CB	F:PHE:52:CZ
0	vdw	F:ALA:60:CA	F:HIS:49:O
0	vdw	F:PHE:52:N	F:SER:59:OG
0	vdw	F:GLY:51:C	F:ILE:53:N
0	vdw	J:LEU:610:CD2	J:PHE:606:CE2
0	vdw	C:HIS:34:CE1	J:PHE:606:CE2
0	vdw	J:LEU:610:N	J:PHE:606:O
0	vdw	J:LEU:610:CA	J:PHE:606:O
0	vdw	J:LEU:610:CB	J:PHE:606:O
0	vdw	J:ALA:609:C	J:PHE:606:O
0	vdw	C:LEU:308:CD2	J:ALA:609:C
0	vdw	C:LEU:308:CD2	J:ALA:609:O
0	vdw	J:ALA:609:O	J:LEU:613:CD2
0	vdw	J:ALA:609:O	J:ASN:612:C
0	vdw	J:ALA:609:O	J:ASN:612:O
0	vdw	F:HIS:69:CA	F:LYS:145:O
0	vdw	F:HIS:69:CG	F:LYS:145:O
0	vdw	F:HIS:69:CD2	F:LYS:145:O
0	vdw	F:HIS:69:C	F:LYS:145:O
0	vdw	F:GLN:70:N	F:LYS:145:O
0	vdw	F:GLN:70:O	F:LYS:145:N
0	vdw	F:GLN:70:O	F:LYS:145:O
0	vdw	F:HIS:69:CE1	F:THR:71:OG1
0	vdw	F:ASP:144:OD1	F:HIS:69:CE1
0	vdw	F:ASP:144:OD1	F:GLN:70:O
0	vdw	F:ASP:144:C	F:GLN:70:O
0	vdw	F:ASP:144:CA	F:GLN:70:O
0	vdw	F:THR:71:CA	F:TYR:143:O
0	vdw	F:THR:71:C	F:TYR:143:O
0	vdw	F:SER:72:N	F:TYR:143:O
0	vdw	F:GLU:63:CA	F:THR:71:O
0	vdw	F:ASP:144:OD1	F:THR:71:CB
0	vdw	F:SER:72:CA	F:TYR:143:O
0	vdw	F:ILE:74:CG1	F:LEU:61:CD2
0	vdw	F:LEU:61:CD2	F:LEU:73:O
0	vdw	F:PHE:52:CE1	J:LEU:576:CD2
0	vdw	F:ILE:74:CD1	J:LEU:576:CD2
0	vdw	C:LYS:81:NZ	J:LEU:576:O
0	vdw	C:LYS:81:CD	J:LEU:576:O
0	vdw	C:LYS:81:CE	J:LEU:576:O
0	vdw	C:LYS:84:CG	J:GLU:580:CD
0	vdw	C:LYS:84:CG	J:GLU:580:OE2
0	vdw	C:LYS:84:CG	J:GLU:580:OE1
0	vdw	C:LYS:84:CD	J:GLU:580:OE2
0	vdw	C:LEU:43:N	C:PRO:41:O
0	vdw	C:HIS:34:CD2	C:ILE:39:CG2
0	vdw	C:HIS:34:NE2	J:PHE:606:CZ
0	vdw	C:HIS:34:CD2	C:PRO:41:N
0	vdw	C:HIS:34:CD2	C:PRO:41:CA
0	vdw	C:HIS:34:NE2	C:PRO:41:CA
0	vdw	C:ARG:33:O	J:PHE:606:CE1
0	vdw	C:ARG:33:C	J:PHE:606:CE1
0	vdw	C:ARG:33:CB	J:PHE:606:CE1
0	vdw	C:ARG:33:O	C:SER:36:OG
0	vdw	C:ASP:69:OD1	F:LYS:145:CG
0	vdw	F:LYS:145:CB	F:TYR:143:CE2
0	vdw	F:TYR:143:CG	J:LEU:571:CD2
0	vdw	F:TYR:143:CD2	J:LEU:571:CD2
0	vdw	C:LEU:59:CD2	J:LEU:571:CD2
0	vdw	F:TYR:143:CB	J:LEU:571:CD2
0	vdw	J:LEU:572:CB	J:LEU:576:CD1
0	vdw	J:LEU:572:CG	J:LEU:576:CD1
0	vdw	J:LEU:572:CD2	J:LEU:576:CD1
0	vdw	J:LEU:572:CB	J:LEU:576:CD2
0	vdw	J:LEU:572:CD2	J:LEU:576:CD2
0	vdw	C:ILE:86:CD1	J:LEU:576:CG
0	vdw	C:ILE:86:CG1	C:LYS:81:CD
0	vdw	C:GLY:83:O	C:LYS:81:CE
0	vdw	C:LYS:81:CG	C:THR:85:O
0	vdw	C:ILE:86:CG1	C:LYS:81:CG
0	vdw	C:LYS:84:N	C:SER:82:C
0	vdw	C:LYS:84:N	C:SER:82:O
0	vdw	C:GLY:83:C	C:THR:85:N
0	vdw	C:ARG:40:C	C:CYS:42:N
0	vdw	C:ARG:40:O	C:CYS:42:N
0	vdw	C:ARG:44:CZ	C:CYS:42:SG
0	vdw	C:ARG:44:NH2	C:CYS:42:SG
0	vdw	C:CYS:42:SG	C:GLU:339:OE2
0	vdw	C:ARG:40:C	C:LEU:43:N
0	vdw	C:ARG:40:O	C:LEU:43:N
0	vdw	C:LEU:43:N	C:PRO:41:C
0	vdw	C:ARG:40:CA	C:ARG:44:O
0	vdw	C:ARG:40:C	C:HIS:34:CD2
0	vdw	C:ARG:40:O	C:HIS:34:CD2
0	vdw	C:ARG:40:C	C:HIS:34:CG
0	vdw	C:HIS:34:CA	C:ILE:39:O
0	vdw	C:HIS:34:CA	C:ILE:39:CG2
0	vdw	C:HIS:34:O	C:ILE:39:CA
0	vdw	C:HIS:34:C	C:ILE:39:C
0	vdw	C:HIS:34:O	C:ILE:39:C
0	vdw	C:HIS:34:C	C:ILE:39:O
0	vdw	C:HIS:34:O	C:ILE:39:O
0	vdw	C:HIS:34:C	C:ILE:39:CG2
0	vdw	C:HIS:34:O	C:ILE:39:CG2
0	vdw	C:HIS:34:CA	C:LEU:31:O
0	vdw	C:HIS:34:CB	C:ILE:39:C
0	vdw	C:HIS:34:CB	C:ILE:39:O
0	vdw	C:HIS:34:CB	C:ILE:39:CG2
0	vdw	C:ILE:39:O	C:LEU:35:N
0	vdw	C:ILE:39:O	C:LEU:35:CA
0	vdw	C:HIS:34:C	C:SER:36:N
0	vdw	C:HIS:34:O	C:SER:36:N
0	vdw	C:HIS:34:O	C:LEU:37:N
0	vdw	C:LEU:35:C	C:LEU:37:N
0	vdw	C:LEU:35:O	C:LEU:37:N
0	vdw	C:GLN:32:O	C:SER:36:N
0	vdw	C:GLN:307:OE1	C:SER:36:CB
0	vdw	C:CYS:306:O	C:SER:36:CB
0	vdw	C:GLN:307:CA	C:SER:36:CB
0	vdw	C:GLN:32:O	C:SER:36:CB
0	vdw	C:LEU:308:CD1	C:SER:36:OG
0	vdw	C:ARG:33:C	C:SER:36:OG
0	vdw	C:ASP:69:OD1	F:LEU:147:CD2
0	vdw	C:ASP:69:OD1	F:LYS:145:NZ
0	vdw	C:ASP:69:OD2	F:LYS:145:NZ
0	vdw	C:ASP:69:OD2	F:TYR:143:OH
0	vdw	F:LYS:145:NZ	F:TYR:143:CE2
0	vdw	F:LYS:145:NZ	F:TYR:143:CZ
0	vdw	F:LYS:145:NZ	F:TYR:143:OH
0	vdw	C:ASP:69:CG	F:LYS:145:NZ
0	vdw	C:LEU:59:O	F:TYR:143:CE1
0	vdw	C:LEU:59:CA	F:TYR:143:CE1
0	vdw	C:LEU:59:C	F:TYR:143:CE1
0	vdw	C:LEU:59:CB	C:SER:77:CB
0	vdw	C:LEU:59:CB	C:SER:77:OG
0	vdw	C:LEU:59:CB	F:LEU:101:CD1
0	vdw	C:LEU:59:CD2	F:LEU:101:CD1
0	vdw	C:LEU:59:CD2	J:LEU:572:CD1
0	vdw	C:LEU:59:CD1	C:VAL:79:CG2
0	vdw	C:LEU:80:C	C:VAL:87:N
0	vdw	C:ILE:86:C	C:LEU:80:O
0	vdw	C:LEU:80:O	C:VAL:87:N
0	vdw	C:LEU:80:O	C:VAL:87:CA
0	vdw	C:LYS:81:CA	C:THR:85:O
0	vdw	C:LEU:80:O	C:VAL:87:C
0	vdw	C:LEU:80:O	C:VAL:87:O
0	vdw	C:ILE:86:CA	C:LEU:80:O
0	vdw	C:ILE:86:CG2	C:LEU:80:O
0	vdw	C:LYS:81:C	C:THR:85:O
0	vdw	C:SER:82:N	C:THR:85:O
0	vdw	C:ARG:50:CZ	C:SER:82:O
0	vdw	C:ARG:50:NH1	C:SER:82:O
0	vdw	C:ARG:44:NH1	C:ARG:50:CG
0	vdw	C:ARG:44:NH1	C:ARG:50:CD
0	vdw	C:ARG:44:CZ	C:ARG:50:CG
0	vdw	C:ARG:50:CG	C:ASP:333:OD2
0	vdw	C:ARG:50:CD	C:ASP:333:OD2
0	vdw	C:ARG:50:NE	C:ASP:333:OD2
0	vdw	C:ARG:44:NH1	C:CYS:42:CB
0	vdw	C:ARG:44:NH1	C:CYS:42:SG
0	vdw	C:ARG:40:CZ	C:ARG:44:NH2
0	vdw	C:ALA:332:O	C:ARG:40:CZ
0	vdw	C:ARG:40:NH1	C:ARG:44:NH2
0	vdw	C:ARG:40:CZ	C:GLU:339:OE1
0	vdw	C:ARG:40:NH2	C:ARG:44:NH2
0	vdw	C:ARG:40:CZ	C:GLU:339:CD
0	vdw	C:ARG:40:CZ	C:GLU:339:OE2
0	vdw	C:ARG:40:CZ	C:ASP:333:O
0	vdw	C:ARG:44:NH2	C:ASP:333:O
0	vdw	C:ARG:40:CZ	C:ILE:331:CG2
0	vdw	C:ARG:40:CB	C:ARG:44:O
0	vdw	C:ARG:40:CG	C:ARG:44:O
0	vdw	C:ARG:40:CD	C:ARG:44:O
0	vdw	C:ARG:40:CD	C:LYS:45:O
0	vdw	C:ARG:40:CB	C:GLU:339:OE2
0	vdw	C:ARG:40:CG	C:GLU:339:OE2
0	vdw	C:ARG:40:CD	C:GLU:339:OE2
0	vdw	C:ARG:40:NE	C:GLU:339:CD
0	vdw	C:ARG:40:NE	C:GLU:339:OE2
0	vdw	C:ARG:40:CD	C:ILE:331:CG2
0	vdw	C:ARG:40:NE	C:ILE:331:CG2
0	vdw	C:ARG:44:O	C:ILE:39:CA
0	vdw	C:ARG:44:O	C:ILE:39:C
0	vdw	C:ARG:40:N	C:ARG:44:O
0	vdw	C:ARG:40:NE	C:GLU:339:OE1
0	vdw	C:HIS:34:O	C:ILE:39:N
0	vdw	C:LEU:35:O	C:TYR:46:OH
0	vdw	C:ILE:68:O	C:THR:70:N
0	vdw	C:ASP:69:C	C:LYS:71:N
0	vdw	C:ARG:61:CZ	C:ASP:69:O
0	vdw	C:ASN:72:CB	C:ASP:69:CB
0	vdw	C:ARG:61:CA	C:ASN:72:ND2
0	vdw	C:SER:60:C	C:TYR:62:N
0	vdw	C:SER:60:O	C:TYR:62:N
0	vdw	C:ASN:72:ND2	C:LEU:59:O
0	vdw	C:ASN:72:ND2	C:SER:60:CA
0	vdw	C:ASN:72:ND2	C:SER:60:C
0	vdw	C:ARG:61:N	C:ASN:72:ND2
0	vdw	C:ILE:74:CD1	C:LEU:59:O
0	vdw	C:ARG:61:N	C:ILE:74:O
0	vdw	C:ILE:74:CG2	C:SER:60:CA
0	vdw	C:SER:60:N	C:THR:58:C
0	vdw	C:LEU:59:N	C:SER:77:OG
0	vdw	C:LEU:59:CA	C:SER:77:OG
0	vdw	C:LEU:59:C	C:SER:77:OG
0	vdw	C:SER:60:N	C:SER:77:OG
0	vdw	C:SER:77:CB	C:THR:89:O
0	vdw	C:ASN:78:N	C:THR:89:O
0	vdw	C:ASN:78:OD1	C:LEU:80:CB
0	vdw	C:ASN:78:OD1	C:SER:233:OG
0	vdw	C:ASN:78:OD1	C:SER:233:CB
0	vdw	C:ASN:78:OD1	C:SER:233:O
0	vdw	C:VAL:79:CA	C:VAL:87:O
0	vdw	C:VAL:79:C	C:VAL:87:O
0	vdw	C:LEU:80:N	C:VAL:87:O
0	vdw	C:ASN:78:OD1	C:SER:233:CA
0	vdw	C:LEU:229:O	C:LEU:80:CD2
0	vdw	C:LEU:80:CD2	C:SER:233:CB
0	vdw	C:LEU:80:CD2	C:SER:233:N
0	vdw	C:LEU:80:CD2	C:SER:233:CA
0	vdw	C:LEU:80:CA	C:VAL:87:O
0	vdw	C:LEU:229:CD2	C:SER:82:CB
0	vdw	C:ARG:50:CB	C:SER:82:OG
0	vdw	C:ASP:333:CB	C:PHE:49:CD2
0	vdw	C:ARG:44:NH2	C:ASP:333:OD2
0	vdw	C:ARG:50:CZ	C:ASP:333:OD2
0	vdw	C:ALA:332:C	C:ARG:40:NH1
0	vdw	C:ALA:332:O	C:ARG:40:NH1
0	vdw	C:ARG:40:NH1	C:ASP:333:O
0	vdw	C:ARG:40:NH1	C:ILE:331:CG2
0	vdw	C:ALA:332:O	C:ARG:40:NH2
0	vdw	C:ALA:332:N	C:TYR:46:O
0	vdw	C:ILE:331:CA	C:TYR:46:O
0	vdw	C:ILE:331:C	C:TYR:46:O
0	vdw	C:TYR:46:CG	C:VAL:329:CG1
0	vdw	C:TYR:46:CD1	C:VAL:329:CG1
0	vdw	C:TYR:46:CD2	C:VAL:329:CG1
0	vdw	C:TYR:46:CE1	C:VAL:329:CG1
0	vdw	C:LEU:330:O	C:TYR:46:CB
0	vdw	C:ILE:331:CD1	C:TYR:46:CD1
0	vdw	C:LEU:35:CD2	C:TYR:46:CE1
0	vdw	C:TYR:46:CE2	C:VAL:329:CG1
0	vdw	C:TYR:46:CZ	C:VAL:329:CG1
0	vdw	C:GLN:278:O	C:ILE:68:CD1
0	vdw	C:ARG:61:O	C:ILE:68:CG1
0	vdw	C:ARG:61:CG	C:ILE:74:O
0	vdw	C:ARG:61:CB	C:ASN:72:O
0	vdw	C:ARG:61:CB	C:ASN:72:CB
0	vdw	C:ARG:61:CB	C:ASN:72:ND2
0	vdw	C:SER:60:OG	C:TYR:62:N
0	vdw	C:LEU:75:O	C:SER:60:OG
0	vdw	C:ILE:74:O	C:SER:60:OG
0	vdw	C:SER:77:CA	C:THR:89:O
0	vdw	C:SER:77:C	C:THR:89:O
0	vdw	C:ASN:78:CG	C:TYR:236:CB
0	vdw	C:ASN:78:ND2	C:TYR:236:CB
0	vdw	C:ASN:232:O	C:TYR:236:CB
0	vdw	C:ASN:78:CB	C:SER:233:O
0	vdw	C:ASN:78:CG	C:SER:233:O
0	vdw	C:ALA:237:CB	C:ASN:78:CB
0	vdw	C:ASN:232:O	C:TYR:236:CG
0	vdw	C:ASN:232:O	C:TYR:236:CD2
0	vdw	C:ASN:232:O	C:LEU:234:N
0	vdw	C:ASN:232:O	C:MET:235:N
0	vdw	C:ASN:232:O	C:MET:235:CB
0	vdw	C:ASN:232:CB	C:ASP:228:O
0	vdw	C:ASN:232:ND2	C:ASP:228:O
0	vdw	C:ASN:232:ND2	C:LEU:388:CD1
0	vdw	C:ARG:384:NE	C:PHE:49:CD2
0	vdw	C:ALA:332:CB	C:PHE:49:CZ
0	vdw	C:PHE:49:CZ	C:TYR:297:CE1
0	vdw	C:PHE:49:CZ	C:TYR:297:CZ
0	vdw	C:PHE:49:CZ	C:TYR:297:OH
0	vdw	C:ALA:332:CB	C:TYR:297:CE1
0	vdw	C:ALA:332:CA	C:TYR:297:CD1
0	vdw	C:ALA:332:CB	C:TYR:297:CD1
0	vdw	C:ALA:332:CB	C:TYR:46:O
0	vdw	C:ASP:277:CG	C:THR:279:N
0	vdw	C:ASP:277:OD1	C:THR:279:N
0	vdw	C:ASP:277:OD1	C:THR:279:CB
0	vdw	C:ASP:277:C	C:THR:279:N
0	vdw	C:ASP:277:O	C:THR:279:N
0	vdw	C:SER:281:N	C:THR:279:O
0	vdw	C:LYS:242:CB	C:TYR:62:CE2
0	vdw	C:SER:281:CB	C:TYR:62:CE1
0	vdw	C:SER:281:OG	C:TYR:62:CE1
0	vdw	C:SER:281:CB	C:TYR:62:CZ
0	vdw	C:SER:281:OG	C:TYR:62:CZ
0	vdw	C:SER:281:CB	C:TYR:62:OH
0	vdw	C:PRO:244:CB	C:TYR:62:OH
0	vdw	C:LYS:242:CB	C:TYR:62:CD2
0	vdw	C:LEU:75:O	C:LYS:242:N
0	vdw	C:ALA:237:O	C:SER:240:C
0	vdw	C:ALA:237:O	C:SER:240:O
0	vdw	C:GLY:76:CA	C:SER:240:O
0	vdw	C:ALA:237:O	C:SER:240:N
0	vdw	C:ALA:237:O	C:GLN:239:N
0	vdw	C:LEU:238:C	C:SER:240:N
0	vdw	C:LEU:238:O	C:SER:240:N
0	vdw	C:ALA:237:CA	C:LEU:234:O
0	vdw	C:ALA:237:O	C:VAL:241:CG2
0	vdw	C:ALA:237:N	C:MET:235:C
0	vdw	C:ALA:237:N	C:MET:235:O
0	vdw	C:GLN:239:CB	C:MET:235:O
0	vdw	C:GLN:239:CG	C:MET:235:O
0	vdw	C:GLN:239:CB	C:TYR:236:O
0	vdw	C:LEU:234:C	C:TYR:236:N
0	vdw	C:ALA:237:N	C:LEU:234:C
0	vdw	C:ALA:237:N	C:LEU:234:O
0	vdw	C:ASN:232:O	C:TYR:236:N
0	vdw	C:LEU:238:N	C:MET:235:C
0	vdw	C:LEU:238:N	C:MET:235:O
0	vdw	C:LEU:238:N	C:TYR:236:C
0	vdw	C:ALA:237:N	C:SER:233:O
0	vdw	C:ARG:384:CG	C:SER:295:CB
0	vdw	C:LEU:380:CB	C:TYR:297:CE1
0	vdw	C:LEU:380:CB	C:TYR:297:CZ
0	vdw	C:LEU:380:C	C:TYR:297:OH
0	vdw	C:LEU:380:CB	C:TYR:297:OH
0	vdw	C:SER:381:N	C:TYR:297:OH
0	vdw	C:LEU:380:C	C:SER:377:O
0	vdw	C:ARG:376:O	C:LEU:380:CB
0	vdw	C:SER:295:OG	C:TYR:297:OH
0	vdw	C:PHE:185:C	C:SER:178:O
0	vdw	C:ASP:277:OD1	C:LYS:280:CG
0	vdw	C:ASP:277:CG	C:LYS:280:N
0	vdw	C:ASP:277:OD1	C:LYS:280:N
0	vdw	C:ASP:277:OD1	C:LYS:280:CA
0	vdw	C:ASP:277:OD1	C:LYS:280:CB
0	vdw	C:ASP:277:OD1	C:THR:279:CA
0	vdw	C:ASP:277:OD1	C:THR:279:C
0	vdw	C:ARG:245:N	C:LYS:280:O
0	vdw	C:LYS:280:O	C:PRO:244:CA
0	vdw	C:LEU:243:O	C:SER:281:CA
0	vdw	C:PRO:244:CA	C:SER:281:CA
0	vdw	C:PRO:244:CA	C:SER:281:CB
0	vdw	C:LEU:243:O	C:VAL:282:N
0	vdw	C:LYS:242:CA	C:VAL:282:O
0	vdw	C:LYS:242:C	C:VAL:282:O
0	vdw	C:LEU:243:N	C:VAL:282:O
0	vdw	C:LEU:243:CA	C:VAL:282:O
0	vdw	C:LEU:284:N	C:VAL:241:O
0	vdw	C:LEU:284:CA	C:VAL:241:O
0	vdw	C:LEU:284:CB	C:VAL:241:O
0	vdw	C:GLN:239:N	C:MET:235:O
0	vdw	C:GLN:239:N	C:TYR:236:O
0	vdw	C:ALA:237:C	C:GLN:239:N
0	vdw	C:LEU:238:O	C:VAL:241:CG2
0	vdw	C:ILE:291:CG2	C:PHE:293:CE1
0	vdw	C:ALA:351:O	C:PHE:293:N
0	vdw	C:ALA:351:O	C:ALA:385:CB
0	vdw	C:ALA:351:CB	C:ALA:385:CB
0	vdw	C:ALA:385:CB	C:SER:381:O
0	vdw	C:ALA:351:C	C:ALA:385:CB
0	vdw	C:ALA:292:CA	C:ALA:351:O
0	vdw	C:ALA:292:C	C:ALA:351:O
0	vdw	C:ALA:292:CB	C:ALA:351:O
0	vdw	C:ALA:351:CB	C:SER:381:O
0	vdw	C:SER:377:O	C:SER:381:CA
0	vdw	C:SER:377:O	C:SER:381:CB
0	vdw	C:SER:377:O	C:SER:381:OG
0	vdw	C:LEU:378:CA	C:SER:381:OG
0	vdw	C:LEU:378:C	C:SER:381:OG
0	vdw	C:ILE:349:CB	C:SER:381:CB
0	vdw	C:ILE:349:CG2	C:SER:381:CB
0	vdw	C:ILE:349:CG2	C:SER:381:OG
0	vdw	C:LEU:378:O	C:SER:381:OG
0	vdw	C:ARG:382:N	C:LEU:378:O
0	vdw	C:ALA:351:CB	C:TYR:357:CE1
0	vdw	C:SER:381:CA	C:TYR:297:OH
0	vdw	C:ARG:382:N	C:LEU:380:C
0	vdw	C:SER:295:OG	C:SER:381:CB
0	vdw	C:LEU:379:N	C:SER:377:C
0	vdw	C:LEU:379:N	C:SER:377:O
0	vdw	C:LEU:380:N	C:SER:377:O
0	vdw	C:SER:377:O	C:SER:381:N
0	vdw	C:LEU:378:C	C:LEU:380:N
0	vdw	C:ARG:376:C	C:LEU:378:N
0	vdw	C:ARG:376:O	C:LEU:380:N
0	vdw	C:LEU:379:N	C:LYS:375:O
0	vdw	C:ILE:374:O	C:SER:377:C
0	vdw	C:ILE:374:O	C:LEU:378:N
0	vdw	C:ILE:374:O	C:LEU:378:CA
0	vdw	C:LYS:375:C	C:SER:377:N
0	vdw	C:ARG:376:N	C:MET:373:O
0	vdw	C:ARG:376:N	C:ILE:374:C
0	vdw	C:ARG:376:N	C:ILE:374:O
0	vdw	C:ARG:376:C	C:MET:373:O
0	vdw	C:MET:373:O	C:SER:377:N
0	vdw	C:ILE:374:C	C:SER:377:N
0	vdw	C:ILE:374:O	C:SER:377:N
0	vdw	C:ARG:376:N	C:GLU:372:O
0	vdw	C:ARG:376:N	C:MET:373:C
0	vdw	C:ARG:376:CB	C:GLU:372:O
0	vdw	C:ARG:376:CB	C:MET:373:O
0	vdw	C:ASN:180:N	C:THR:184:O
0	vdw	C:ASN:180:CG	C:SER:186:OG
0	vdw	C:ASN:180:OD1	C:SER:186:OG
0	vdw	C:ASN:180:ND2	C:SER:186:OG
0	vdw	C:ASN:180:CG	C:SER:186:CB
0	vdw	C:ASN:180:OD1	C:SER:186:CB
0	vdw	C:ASN:180:ND2	C:SER:186:CB
0	vdw	C:ASN:180:OD1	C:SER:178:O
0	vdw	C:SER:178:O	C:SER:186:N
0	vdw	C:VAL:176:O	C:VAL:187:CA
0	vdw	C:LEU:188:N	C:VAL:176:O
0	vdw	C:ARG:245:CD	C:TYR:189:CD2
0	vdw	C:ARG:245:CD	C:TYR:189:CE2
0	vdw	C:TYR:189:CE2	C:VAL:187:CG1
0	vdw	C:ARG:245:CD	C:TYR:189:CD1
0	vdw	C:ARG:245:CD	C:TYR:189:CE1
0	vdw	C:ARG:245:CD	C:TYR:189:CZ
0	vdw	C:LEU:243:O	C:VAL:282:CG2
0	vdw	C:MET:285:N	C:PRO:283:O
0	vdw	C:PRO:283:CA	C:VAL:241:O
0	vdw	C:PRO:283:C	C:VAL:241:O
0	vdw	C:ASN:287:O	C:ILE:291:N
0	vdw	C:ASN:287:O	C:ILE:291:CG1
0	vdw	C:ALA:288:CA	C:ILE:291:CG1
0	vdw	C:ASN:287:O	C:LYS:289:N
0	vdw	C:ASN:287:O	C:ASN:290:N
0	vdw	C:ALA:288:O	C:ILE:291:N
0	vdw	C:ALA:288:O	C:ILE:291:CB
0	vdw	C:ALA:288:O	C:ASN:290:N
0	vdw	C:ILE:291:N	C:LYS:289:C
0	vdw	C:ILE:164:CD1	C:ILE:291:N
0	vdw	C:ILE:164:CD1	C:ILE:291:CA
0	vdw	C:ILE:164:CD1	C:ILE:291:CD1
0	vdw	C:ILE:164:CG2	C:ILE:291:CD1
0	vdw	C:ALA:352:CB	C:ILE:291:O
0	vdw	C:ALA:352:CA	C:ILE:291:O
0	vdw	C:ALA:352:CB	C:SER:354:OG
0	vdw	C:ALA:352:N	C:ASN:356:O
0	vdw	C:ALA:352:O	C:GLY:355:CA
0	vdw	C:ALA:292:CB	C:ALA:351:C
0	vdw	C:ARG:382:CZ	C:TYR:357:OH
0	vdw	C:ARG:382:NH2	C:TYR:357:CZ
0	vdw	C:LEU:378:CG	C:TYR:357:CZ
0	vdw	C:LEU:378:CD2	C:TYR:357:CZ
0	vdw	C:LEU:378:O	C:TYR:357:OH
0	vdw	C:ARG:382:NH2	C:TYR:357:OH
0	vdw	C:LEU:378:CB	C:TYR:357:OH
0	vdw	C:LEU:378:CG	C:TYR:357:OH
0	vdw	C:ARG:245:NH1	C:TYR:189:CB
0	vdw	C:ARG:245:NH1	C:TYR:189:CG
0	vdw	C:ARG:245:CD	C:TYR:189:CG
0	vdw	C:ARG:245:CZ	C:LYS:173:NZ
0	vdw	C:ARG:245:NH1	C:LYS:173:NZ
0	vdw	C:LYS:173:NZ	C:PRO:190:O
0	vdw	C:ARG:245:NH1	C:LYS:173:CE
0	vdw	C:ARG:245:NH2	C:VAL:282:CG1
0	vdw	C:ALA:288:N	C:ILE:286:C
0	vdw	C:ALA:288:N	C:ILE:286:O
0	vdw	C:ASN:287:C	C:LYS:289:N
0	vdw	C:ALA:288:C	C:ASN:290:N
0	vdw	C:LYS:289:O	C:SER:354:OG
0	vdw	C:ARG:382:NH1	C:GLY:355:CA
0	vdw	C:ARG:382:NH1	C:GLY:355:C
0	vdw	C:ARG:382:NH1	C:GLY:355:O
0	vdw	C:GLY:355:O	C:TYR:357:CE2
0	vdw	C:ARG:382:NH2	D:GLU:188:OE1
0	vdw	C:ARG:382:NH2	C:TYR:357:CE2
0	vdw	D:GLU:188:OE2	D:PHE:192:CE1
0	vdw	C:ASP:191:N	C:TYR:189:O
0	vdw	C:LYS:173:NZ	C:PRO:190:C
0	vdw	C:LYS:173:CE	C:PRO:190:O
0	vdw	C:ASN:287:ND2	C:LYS:289:CE
0	vdw	C:ASN:356:CG	D:ASP:185:OD1
0	vdw	C:ASN:356:ND2	D:ASP:185:OD1
0	vdw	C:ASN:356:OD1	D:ASN:187:CB
0	vdw	J:GLN:541:CB	J:SER:538:CB
0	vdw	J:ILE:542:CG1	J:SER:538:O
0	vdw	J:ILE:537:O	J:VAL:539:N
0	vdw	J:GLN:541:NE2	J:VAL:545:CG1
0	vdw	J:GLN:541:CB	J:SER:538:O
0	vdw	I:ILE:32:CG2	J:LEU:534:CD1
0	vdw	I:ARG:51:CB	J:ARG:548:NH1
0	vdw	I:ARG:51:NE	J:ARG:548:CZ
0	vdw	I:ARG:51:N	I:ASN:49:C
0	vdw	I:ARG:51:N	I:ASN:49:O
0	vdw	I:GLY:50:N	I:HIS:48:C
0	vdw	I:GLY:50:N	I:HIS:48:O
0	vdw	I:ARG:51:N	I:HIS:48:O
0	vdw	I:ARG:51:O	I:HIS:48:O
0	vdw	I:HIS:48:O	J:ARG:548:NH1
0	vdw	I:ARG:51:O	J:ARG:548:NH1
0	vdw	I:ARG:51:O	I:HIS:48:N
0	vdw	I:ARG:51:CA	I:HIS:48:O
0	vdw	I:ARG:51:C	J:ARG:548:NH1
0	vdw	I:THR:52:O	J:ARG:548:NH1
0	vdw	I:ARG:51:CG	J:ARG:548:NH1
0	vdw	I:LEU:53:CD1	J:ARG:548:CZ
0	vdw	I:LEU:53:CD1	J:ARG:548:NH2
0	vdw	I:LEU:53:CB	I:TYR:46:O
0	vdw	I:GLN:20:N	I:GLU:54:O
0	vdw	I:GLN:20:CB	I:GLU:54:O
0	vdw	I:PRO:19:C	I:TYR:21:N
0	vdw	I:GLN:20:O	I:TYR:35:CB
0	vdw	I:ASN:34:O	I:ILE:106:N
0	vdw	I:ASN:34:O	I:ILE:106:CA
0	vdw	I:ASN:34:O	I:ILE:106:O
0	vdw	I:ILE:106:O	I:TYR:35:CA
0	vdw	I:ALA:55:N	I:ILE:44:O
0	vdw	I:ALA:55:C	I:CYS:18:O
0	vdw	I:CYS:18:O	I:ILE:56:N
0	vdw	I:CYS:18:O	I:ILE:56:CG1
0	vdw	I:CYS:18:O	I:ILE:56:CA
0	vdw	I:CYS:18:O	I:ILE:56:CB
0	vdw	I:GLU:67:O	I:LEU:107:N
0	vdw	I:GLU:67:O	I:LEU:107:CA
0	vdw	I:GLU:67:O	I:LEU:107:CB
0	vdw	I:ILE:106:O	I:VAL:36:CG2
0	vdw	I:ILE:106:O	I:VAL:36:N
0	vdw	F:LYS:205:CE	I:TYR:46:CD1
0	vdw	F:LYS:205:CE	I:TYR:46:CE1
0	vdw	I:THR:57:OG1	I:TYR:46:CE2
0	vdw	I:ILE:44:CG1	I:TYR:46:CE2
0	vdw	I:ILE:44:CD1	I:TYR:46:CE2
0	vdw	I:ILE:44:CD1	I:TYR:46:CZ
0	vdw	I:ALA:55:O	I:THR:57:N
0	vdw	I:ALA:55:O	I:ILE:44:N
0	vdw	I:LYS:42:O	I:THR:57:N
0	vdw	I:ILE:44:CG1	I:THR:57:OG1
0	vdw	I:ILE:44:CD1	I:THR:57:OG1
0	vdw	I:ILE:56:CG2	I:THR:41:CB
0	vdw	I:THR:41:CG2	I:VAL:108:O
0	vdw	I:GLY:38:N	I:VAL:108:O
0	vdw	I:GLY:38:CA	I:VAL:108:O
0	vdw	I:THR:41:OG1	I:VAL:108:O
0	vdw	I:VAL:108:N	I:VAL:36:O
0	vdw	I:GLU:67:OE2	I:LEU:107:CD2
0	vdw	I:GLU:67:CG	I:GLU:69:OE2
0	vdw	I:GLU:67:CD	I:GLU:69:OE2
0	vdw	I:GLU:67:OE1	I:GLU:69:OE2
0	vdw	F:GLU:208:N	F:LYS:205:O
0	vdw	F:GLU:209:N	F:GLY:207:C
0	vdw	F:GLU:209:N	F:GLY:207:O
0	vdw	F:GLU:208:N	F:ILE:204:O
0	vdw	F:GLU:209:N	F:ILE:204:O
0	vdw	E:PRO:241:CD	F:GLU:208:O
0	vdw	F:GLU:208:CB	F:LYS:205:O
0	vdw	F:GLU:208:CG	F:LYS:205:O
0	vdw	F:ASP:189:CG	F:LYS:205:CA
0	vdw	F:ASP:189:OD2	F:LYS:205:CA
0	vdw	I:ILE:44:CD1	I:TYR:46:OH
0	vdw	I:THR:41:CA	I:THR:57:O
0	vdw	I:THR:41:C	I:THR:57:O
0	vdw	I:LYS:42:N	I:THR:57:O
0	vdw	I:LYS:42:CA	I:THR:57:O
0	vdw	I:ILE:44:CD1	I:THR:57:CB
0	vdw	I:LYS:42:O	I:THR:57:O
0	vdw	I:GLY:40:C	I:THR:59:N
0	vdw	I:ALA:58:CA	I:GLY:40:O
0	vdw	I:GLY:38:O	I:THR:41:CB
0	vdw	I:GLY:40:C	I:THR:59:OG1
0	vdw	I:PRO:39:O	I:VAL:110:N
0	vdw	I:PRO:39:O	I:VAL:110:O
0	vdw	I:PRO:39:CD	I:SER:109:OG
0	vdw	I:GLY:38:CA	I:SER:109:OG
0	vdw	F:GLY:207:CA	F:PHE:203:CB
0	vdw	F:GLY:207:CA	F:PHE:203:CD2
0	vdw	F:GLY:207:O	F:PHE:203:CD2
0	vdw	F:ASP:189:OD1	F:ILE:204:CA
0	vdw	F:ASP:189:OD1	F:ILE:204:C
0	vdw	F:GLU:209:O	F:ILE:204:N
0	vdw	F:GLU:209:O	F:ILE:204:O
0	vdw	F:ASP:189:CG	F:LYS:205:N
0	vdw	F:ASP:189:OD1	F:LYS:205:N
0	vdw	F:ASP:189:OD2	F:LYS:205:N
0	vdw	F:ASP:189:CG	F:ILE:204:CB
0	vdw	F:ASP:189:OD1	F:ILE:204:CB
0	vdw	F:VAL:188:O	I:GLY:14:CA
0	vdw	I:GLY:14:CA	I:THR:57:CG2
0	vdw	F:ASP:189:CB	F:ILE:204:CB
0	vdw	I:ALA:58:O	I:PRO:13:CA
0	vdw	I:ALA:58:O	I:PRO:13:C
0	vdw	I:ALA:58:O	I:GLY:14:N
0	vdw	I:ALA:58:C	I:GLY:40:O
0	vdw	I:ALA:58:C	I:LEU:60:N
0	vdw	I:GLY:40:O	I:THR:59:N
0	vdw	I:GLY:40:O	I:THR:59:CA
0	vdw	I:GLY:40:O	I:LEU:60:N
0	vdw	I:GLY:40:O	I:THR:59:OG1
0	vdw	F:LEU:187:O	I:THR:59:CA
0	vdw	F:LEU:187:O	I:THR:59:C
0	vdw	I:PRO:112:CD	I:VAL:110:O
0	vdw	F:ASP:222:C	F:LEU:224:N
0	vdw	F:GLU:225:N	F:LEU:223:C
0	vdw	F:GLU:225:N	F:LEU:223:O
0	vdw	F:ASP:222:O	F:GLU:225:N
0	vdw	F:CYS:226:N	F:LEU:224:C
0	vdw	F:LEU:223:O	F:LEU:227:N
0	vdw	F:LEU:223:O	F:LEU:227:CB
0	vdw	F:LEU:223:O	F:LEU:227:CG
0	vdw	F:PHE:203:CZ	F:VAL:201:CG2
0	vdw	F:PHE:203:CD1	F:VAL:201:O
0	vdw	F:PHE:203:CE1	F:VAL:201:O
0	vdw	F:PHE:203:CE1	F:VAL:201:CG2
0	vdw	F:GLU:209:O	F:PHE:203:CD2
0	vdw	F:GLY:192:O	F:PHE:203:N
0	vdw	F:GLY:192:O	F:PHE:203:O
0	vdw	F:GLY:192:N	F:PHE:203:O
0	vdw	F:GLU:209:O	F:PHE:203:CA
0	vdw	F:ALA:191:N	F:ASP:189:O
0	vdw	F:ILE:204:CG2	F:MET:190:O
0	vdw	F:ALA:191:N	F:THR:177:CG2
0	vdw	F:MET:190:CE	I:PRO:13:CB
0	vdw	F:MET:190:CE	I:PRO:13:CG
0	vdw	F:MET:190:CE	F:THR:177:CG2
0	vdw	F:ASP:189:O	F:VAL:124:CG1
0	vdw	F:LEU:187:CD1	F:MET:190:CE
0	vdw	I:PRO:13:CB	I:THR:59:O
0	vdw	I:PRO:13:CG	I:THR:59:O
0	vdw	I:LEU:60:CA	I:PRO:13:CG
0	vdw	I:LEU:60:C	I:PRO:13:CG
0	vdw	I:PRO:13:CB	I:THR:59:C
0	vdw	I:PRO:13:CG	I:THR:59:C
0	vdw	F:LEU:187:O	I:PRO:13:CB
0	vdw	F:GLU:186:CA	I:THR:59:O
0	vdw	F:GLU:186:C	I:THR:59:O
0	vdw	F:LEU:187:N	I:THR:59:O
0	vdw	F:GLY:184:CA	I:LEU:60:CD1
0	vdw	F:GLY:184:C	I:LEU:60:CD1
0	vdw	F:LEU:187:O	I:THR:59:O
0	vdw	I:LEU:60:CD2	I:PRO:112:CB
0	vdw	I:ASP:160:CB	I:THR:187:OG1
0	vdw	I:ASP:160:OD2	I:THR:187:OG1
0	vdw	F:ASP:222:O	F:CYS:226:N
0	vdw	F:ASP:222:O	F:CYS:226:CA
0	vdw	F:ASP:222:O	F:CYS:226:CB
0	vdw	F:ASP:222:O	F:CYS:226:SG
0	vdw	F:ASP:222:CB	F:CYS:226:SG
0	vdw	F:CYS:226:O	F:CYS:230:CB
0	vdw	F:CYS:226:O	F:CYS:230:SG
0	vdw	F:ALA:196:O	F:CYS:226:SG
0	vdw	F:ALA:196:CB	F:CYS:226:SG
0	vdw	F:CYS:226:SG	F:THR:199:CB
0	vdw	F:CYS:226:SG	F:THR:199:OG1
0	vdw	F:ASP:222:CG	F:CYS:226:SG
0	vdw	F:ASP:222:OD2	F:CYS:226:SG
0	vdw	F:CYS:230:CB	F:VAL:201:CG1
0	vdw	F:CYS:230:SG	F:VAL:201:CG1
0	vdw	F:CYS:230:SG	F:GLY:194:C
0	vdw	F:CYS:230:SG	F:GLY:194:O
0	vdw	F:CYS:230:SG	F:GLU:195:N
0	vdw	F:CYS:230:SG	F:THR:199:O
0	vdw	F:CYS:230:SG	F:GLY:194:CA
0	vdw	F:PHE:203:CE1	F:VAL:201:CG1
0	vdw	F:ALA:193:CA	F:VAL:201:O
0	vdw	F:ALA:193:CB	F:VAL:201:O
0	vdw	F:ALA:193:C	F:PRO:170:CB
0	vdw	F:ALA:193:CB	F:SER:202:CA
0	vdw	F:ALA:193:CB	F:SER:202:CB
0	vdw	F:ALA:193:CB	F:ILE:173:CD1
0	vdw	F:GLY:192:C	F:SER:202:OG
0	vdw	F:GLY:192:O	F:SER:202:CB
0	vdw	F:GLY:192:O	F:SER:202:OG
0	vdw	F:GLY:192:O	F:SER:202:CA
0	vdw	F:GLY:192:O	F:SER:202:C
0	vdw	F:ALA:191:O	F:THR:177:CB
0	vdw	F:ALA:191:O	F:THR:177:OG1
0	vdw	F:ALA:191:C	F:ILE:173:CG2
0	vdw	F:ALA:191:O	F:ILE:173:CG2
0	vdw	F:PHE:121:CE1	F:THR:177:OG1
0	vdw	F:LEU:187:CD1	F:THR:177:CG2
0	vdw	F:ALA:191:CB	F:THR:177:OG1
0	vdw	F:PHE:121:CZ	F:THR:177:OG1
0	vdw	F:ALA:181:N	F:THR:177:O
0	vdw	F:ALA:181:CB	F:THR:177:O
0	vdw	F:ALA:181:N	F:LEU:178:O
0	vdw	F:LEU:187:CD1	F:THR:177:O
0	vdw	F:ALA:179:C	F:ALA:181:N
0	vdw	F:ALA:181:C	F:ALA:183:N
0	vdw	F:ASN:197:CG	F:ASP:219:OD1
0	vdw	F:ASN:197:ND2	F:ASP:219:CG
0	vdw	F:ASN:197:ND2	F:ASP:219:OD1
0	vdw	F:ALA:196:N	F:THR:199:O
0	vdw	F:ALA:196:C	F:GLY:198:N
0	vdw	F:ALA:196:O	F:GLY:198:N
0	vdw	F:ALA:196:C	F:THR:199:N
0	vdw	F:ALA:196:O	F:THR:199:N
0	vdw	F:ALA:196:O	F:THR:199:CA
0	vdw	F:ALA:196:O	F:THR:199:CB
0	vdw	F:ALA:196:O	F:THR:199:OG1
0	vdw	F:ALA:196:CB	F:CYS:230:SG
0	vdw	F:GLY:194:C	F:PRO:170:CG
0	vdw	F:GLY:194:O	F:VAL:200:CA
0	vdw	F:GLY:194:O	F:VAL:200:CG1
0	vdw	F:GLY:194:O	F:VAL:201:N
0	vdw	F:GLY:194:CA	F:PRO:170:CG
0	vdw	F:PRO:170:O	F:THR:174:N
0	vdw	F:PRO:170:O	F:THR:174:CB
0	vdw	F:ILE:173:C	F:SER:175:N
0	vdw	F:ILE:173:O	F:SER:175:N
0	vdw	F:HIS:171:O	F:THR:174:N
0	vdw	F:HIS:171:O	F:THR:174:CB
0	vdw	F:ILE:173:O	F:PHE:121:CZ
0	vdw	F:ILE:173:O	F:ILE:176:N
0	vdw	F:ILE:173:O	F:THR:177:N
0	vdw	F:ILE:176:N	F:THR:174:C
0	vdw	F:CYS:172:C	F:THR:174:N
0	vdw	F:CYS:172:O	F:THR:174:N
0	vdw	F:ILE:173:C	F:THR:177:OG1
0	vdw	F:ILE:173:O	F:THR:177:CB
0	vdw	F:ILE:173:O	F:THR:177:OG1
0	vdw	F:LEU:178:N	F:THR:174:O
0	vdw	F:ALA:179:N	F:THR:177:C
0	vdw	F:LEU:178:N	F:SER:175:O
0	vdw	F:ILE:176:C	F:LEU:178:N
0	vdw	F:ILE:176:O	F:LEU:178:N
0	vdw	F:PHE:121:CE1	F:THR:177:CA
0	vdw	F:ASP:182:N	F:LEU:178:O
0	vdw	F:ASP:182:CA	F:LEU:178:O
0	vdw	F:ASP:182:CB	F:LEU:178:O
0	vdw	F:LEU:178:C	F:LEU:180:N
0	vdw	F:LEU:178:O	F:LEU:180:N
0	vdw	F:ALA:179:N	F:ILE:176:C
0	vdw	F:ALA:179:N	F:ILE:176:O
0	vdw	F:ALA:179:CA	F:ILE:176:O
0	vdw	F:ALA:179:O	F:ALA:183:N
0	vdw	F:ASP:182:N	F:LEU:180:O
0	vdw	F:ALA:183:N	F:LEU:180:O
0	vdw	F:ASP:182:C	F:GLY:184:N
0	vdw	F:ASP:182:N	F:LEU:180:C
0	vdw	F:ALA:183:N	F:LEU:180:C
0	vdw	F:ASP:182:O	F:GLY:184:N
0	vdw	C:GLU:20:CD	C:PRO:18:CB
0	vdw	C:GLU:20:OE2	C:PRO:18:CB
0	vdw	C:PRO:18:CB	C:VAL:21:CG2
0	vdw	C:PRO:18:CG	C:VAL:21:CG2
0	vdw	F:GLU:195:OE2	F:GLY:198:N
0	vdw	F:GLU:195:OE2	F:GLY:198:CA
0	vdw	F:ASN:197:C	F:THR:199:N
0	vdw	F:GLU:195:CG	F:SER:167:CA
0	vdw	F:GLU:195:CD	F:SER:167:OG
0	vdw	F:GLU:195:CG	F:SER:166:C
0	vdw	F:GLU:195:CG	F:SER:166:O
0	vdw	F:PRO:170:CD	F:SER:167:O
0	vdw	F:LEU:168:O	F:PRO:170:N
0	vdw	F:PRO:170:CD	F:SER:167:C
0	vdw	F:LEU:168:C	F:PRO:170:N
0	vdw	F:LEU:168:C	F:PRO:170:CD
0	vdw	F:PRO:170:CD	F:SER:166:O
0	vdw	F:HIS:171:N	F:LEU:168:O
0	vdw	F:HIS:171:CA	F:LEU:168:O
0	vdw	F:HIS:171:CB	F:LEU:168:O
0	vdw	F:CYS:172:N	F:LEU:168:O
0	vdw	F:CYS:172:N	F:PRO:170:C
0	vdw	F:HIS:171:C	F:LEU:168:O
0	vdw	F:HIS:171:N	F:ILE:169:C
0	vdw	F:HIS:171:N	F:ILE:169:O
0	vdw	F:CYS:172:N	F:ILE:169:C
0	vdw	F:CYS:172:N	F:ILE:169:O
0	vdw	F:CYS:172:SG	F:LEU:168:O
0	vdw	F:HIS:171:O	F:SER:175:N
0	vdw	F:HIS:171:O	F:SER:175:OG
0	vdw	F:HIS:171:O	F:SER:175:CB
0	vdw	F:HIS:171:O	F:LEU:73:CD1
0	vdw	F:LEU:73:CD1	F:SER:175:OG
0	vdw	F:CYS:172:O	F:SER:175:N
0	vdw	F:CYS:172:CA	F:SER:175:OG
0	vdw	F:CYS:172:C	F:SER:175:OG
0	vdw	F:CYS:172:O	F:SER:175:OG
0	vdw	F:SER:175:OG	F:THR:75:OG1
0	vdw	F:HIS:171:C	F:ILE:173:N
0	vdw	F:ALA:60:CB	F:SER:175:O
0	vdw	F:SER:175:CB	F:THR:75:CB
0	vdw	F:SER:175:CB	F:THR:75:OG1
0	vdw	F:ALA:179:CB	F:SER:175:O
0	vdw	F:LEU:178:CA	F:SER:175:O
0	vdw	F:ALA:179:N	F:SER:175:O
0	vdw	F:SER:175:C	F:THR:177:N
0	vdw	F:SER:175:O	F:THR:177:N
0	vdw	F:ALA:179:CB	F:ALA:60:CB
0	vdw	F:SER:59:C	F:THR:75:O
0	vdw	F:ALA:60:N	F:THR:75:O
0	vdw	F:ASP:182:OD1	F:GLY:58:CA
0	vdw	F:SER:59:CA	F:THR:75:O
0	vdw	C:GLU:20:N	C:PRO:18:C
0	vdw	C:GLU:20:N	C:PRO:18:O
0	vdw	C:PRO:19:C	C:VAL:21:N
0	vdw	C:GLU:20:OE1	C:PRO:18:CB
0	vdw	C:PRO:18:O	C:VAL:21:C
0	vdw	C:PRO:18:O	C:VAL:21:CB
0	vdw	C:LEU:22:N	C:PRO:18:O
0	vdw	C:PRO:19:CA	J:LEU:610:CD2
0	vdw	C:LEU:22:CB	C:PRO:18:O
0	vdw	C:PRO:18:C	C:VAL:21:N
0	vdw	C:PRO:18:O	C:VAL:21:N
0	vdw	C:PRO:18:O	C:VAL:21:CA
0	vdw	C:PHE:17:O	J:LEU:610:CG
0	vdw	C:PHE:17:O	J:LEU:610:CD2
0	vdw	C:THR:16:CB	J:LEU:610:O
0	vdw	C:THR:16:OG1	J:LEU:610:O
0	vdw	C:THR:16:CB	J:LEU:613:CG
0	vdw	C:THR:16:CB	J:LEU:613:CD1
0	vdw	J:ASP:615:N	J:LEU:613:O
0	vdw	C:ILE:12:O	J:ASP:615:CA
0	vdw	C:PRO:14:CD	J:ASP:615:CA
0	vdw	C:ILE:12:O	J:ASP:615:CB
0	vdw	C:HIS:13:CA	J:ASP:615:OD1
0	vdw	C:PRO:14:CD	J:ASP:615:OD1
0	vdw	C:HIS:13:CE1	J:ASP:615:CG
0	vdw	C:HIS:13:CE1	J:ASP:615:OD2
0	vdw	C:HIS:13:ND1	J:ASP:615:CG
0	vdw	C:HIS:13:ND1	J:ASP:615:OD1
0	vdw	C:HIS:13:ND1	J:ASP:615:OD2
0	vdw	F:ASP:144:CG	F:LEU:168:CD1
0	vdw	F:ASP:144:OD2	F:LEU:168:CD1
0	vdw	F:ILE:165:O	F:LEU:168:N
0	vdw	F:LEU:168:CG	F:THR:71:CG2
0	vdw	F:LEU:168:CD1	F:TYR:105:OH
0	vdw	F:ILE:169:N	F:SER:167:C
0	vdw	F:LEU:168:N	F:SER:166:C
0	vdw	F:LEU:168:N	F:SER:166:O
0	vdw	F:LEU:73:CD1	F:SER:175:CB
0	vdw	F:CYS:172:SG	F:LEU:73:CD2
0	vdw	F:LEU:73:CB	F:TYR:140:O
0	vdw	F:ALA:60:O	F:ILE:74:CA
0	vdw	F:LEU:73:C	F:TYR:140:O
0	vdw	F:ALA:60:O	F:ILE:74:CG2
0	vdw	F:ALA:60:O	F:THR:75:N
0	vdw	F:ILE:53:CB	F:SER:59:CB
0	vdw	F:ILE:53:CB	F:SER:59:OG
0	vdw	F:ILE:53:N	F:SER:59:OG
0	vdw	F:ILE:53:CG1	F:SER:59:CB
0	vdw	F:ILE:53:CD1	F:SER:59:CB
0	vdw	F:ILE:53:CG1	F:SER:59:OG
0	vdw	C:SER:221:OG	F:GLU:54:N
0	vdw	F:ASN:55:N	F:ILE:53:C
0	vdw	C:LYS:84:CD	F:GLU:54:CG
0	vdw	C:ARG:33:NH1	J:LEU:610:CD1
0	vdw	C:LEU:22:CD2	J:LEU:610:CD1
0	vdw	C:LEU:22:CD2	J:LEU:610:CD2
0	vdw	C:ARG:33:NH1	J:LEU:613:CD1
0	vdw	C:ARG:33:NH1	J:LEU:613:CD2
0	vdw	J:GLU:614:C	J:ILE:616:N
0	vdw	J:GLU:614:O	J:ILE:616:N
0	vdw	J:ASP:615:C	J:ILE:617:N
0	vdw	C:ILE:12:O	J:ILE:616:N
0	vdw	J:ASP:615:O	J:ILE:617:N
0	vdw	F:ASP:144:OD1	F:HIS:69:NE2
0	vdw	F:ASP:144:CG	F:THR:71:OG1
0	vdw	F:ASP:144:OD1	F:THR:71:OG1
0	vdw	F:ASP:144:CG	F:TYR:105:OH
0	vdw	F:ASP:144:OD2	F:TYR:105:OH
0	vdw	F:ASP:144:CG	F:LYS:104:NZ
0	vdw	F:ASP:144:OD2	F:LYS:104:NZ
0	vdw	F:LEU:168:CD2	F:THR:71:CG2
0	vdw	F:SER:72:O	F:THR:142:CA
0	vdw	F:SER:72:O	F:THR:142:CB
0	vdw	F:SER:72:O	F:TYR:143:N
0	vdw	F:SER:72:O	F:THR:142:N
0	vdw	F:LEU:73:CA	F:TYR:140:O
0	vdw	F:ILE:74:N	F:TYR:140:O
0	vdw	F:ILE:74:CG2	F:PHE:52:CZ
0	vdw	C:LEU:220:CD1	F:ILE:74:CD1
0	vdw	C:LYS:84:O	C:SER:221:CB
0	vdw	C:LYS:84:C	C:SER:221:OG
0	vdw	C:LYS:84:O	C:SER:221:OG
0	vdw	C:SER:221:CB	F:ILE:53:CG2
0	vdw	C:HIS:34:CG	C:SER:30:O
0	vdw	C:HIS:34:ND1	C:SER:30:O
0	vdw	C:HIS:34:CE1	C:SER:30:O
0	vdw	C:HIS:34:ND1	J:PHE:606:CZ
0	vdw	C:HIS:34:CE1	J:PHE:606:CZ
0	vdw	C:HIS:34:ND1	C:SER:30:C
0	vdw	J:LEU:610:CD2	J:PHE:606:CZ
0	vdw	C:ARG:33:C	C:LEU:35:N
0	vdw	C:ARG:33:CB	C:LEU:29:O
0	vdw	C:ARG:33:CG	C:LEU:29:O
0	vdw	C:ARG:33:CG	C:LEU:22:CD2
0	vdw	C:ARG:33:CD	C:LEU:308:CD1
0	vdw	C:ARG:33:CD	C:CYS:306:O
0	vdw	C:CYS:306:O	C:LEU:308:CD1
0	vdw	F:ASP:144:O	F:LYS:104:NZ
0	vdw	F:SER:72:O	F:TYR:143:O
0	vdw	F:ASP:144:CB	F:LYS:104:NZ
0	vdw	F:LEU:101:CG	F:THR:142:O
0	vdw	F:LEU:101:CD1	F:THR:142:O
0	vdw	F:LEU:101:N	F:THR:142:O
0	vdw	F:LEU:101:CB	F:THR:142:O
0	vdw	C:ILE:86:CG1	C:LYS:84:O
0	vdw	C:ILE:86:N	C:LYS:84:O
0	vdw	C:SER:221:O	C:THR:85:N
0	vdw	C:LEU:220:O	C:THR:85:CA
0	vdw	C:SER:221:O	C:THR:85:CA
0	vdw	C:LEU:220:O	C:THR:85:C
0	vdw	C:ILE:86:N	C:LEU:220:O
0	vdw	C:SER:221:O	C:THR:85:OG1
0	vdw	C:LEU:220:O	C:THR:85:CG2
0	vdw	C:SER:221:O	C:THR:85:CB
0	vdw	C:ARG:222:N	C:LEU:220:O
0	vdw	C:SER:221:O	C:THR:223:N
0	vdw	C:THR:223:OG1	C:THR:85:OG1
0	vdw	C:ASP:335:OD1	C:THR:223:OG1
0	vdw	C:THR:223:N	C:THR:85:OG1
0	vdw	C:ASP:335:CG	C:THR:223:OG1
0	vdw	C:ASP:335:OD2	C:THR:223:OG1
0	vdw	C:LYS:84:CE	C:THR:223:CG2
0	vdw	C:ASP:335:OD1	C:THR:223:CB
0	vdw	C:GLU:339:OE2	C:PRO:41:CD
0	vdw	C:LEU:31:CD1	C:PRO:41:CD
0	vdw	C:HIS:34:CG	C:PRO:41:N
0	vdw	C:HIS:34:CB	C:LEU:31:O
0	vdw	C:ARG:33:N	C:LEU:31:O
0	vdw	C:HIS:34:N	C:LEU:31:O
0	vdw	C:LEU:31:O	C:LEU:35:N
0	vdw	C:LEU:31:O	C:LEU:35:CG
0	vdw	C:LEU:31:O	C:LEU:35:CB
0	vdw	C:GLN:32:C	C:HIS:34:N
0	vdw	C:GLN:32:O	C:HIS:34:N
0	vdw	C:GLN:32:O	C:LEU:35:N
0	vdw	C:ARG:33:N	C:LEU:31:C
0	vdw	C:HIS:34:N	C:LEU:31:C
0	vdw	C:ARG:33:N	C:LEU:29:O
0	vdw	C:GLN:307:CB	C:PRO:304:O
0	vdw	C:GLN:307:CG	C:PRO:304:O
0	vdw	C:CYS:306:N	C:PRO:304:O
0	vdw	C:GLN:307:N	C:GLU:305:C
0	vdw	C:ASN:72:CA	F:LEU:102:CD2
0	vdw	C:ASN:72:OD1	F:LEU:102:CD2
0	vdw	C:ASN:72:OD1	F:LEU:102:CD1
0	vdw	C:LEU:59:CD1	F:LEU:101:CD1
0	vdw	F:LEU:101:CD1	F:THR:142:CG2
0	vdw	C:ILE:88:CG2	C:LEU:59:CD1
0	vdw	C:ILE:88:CG2	F:LEU:101:CD2
0	vdw	C:ASN:78:O	C:ILE:88:CA
0	vdw	C:VAL:218:O	C:VAL:87:C
0	vdw	C:ILE:88:N	C:VAL:218:O
0	vdw	C:ILE:86:O	C:VAL:219:CA
0	vdw	C:ILE:86:O	C:LEU:220:O
0	vdw	C:VAL:218:O	C:VAL:87:CA
0	vdw	C:ILE:86:O	C:VAL:219:C
0	vdw	C:ILE:86:O	C:LEU:220:N
0	vdw	C:LEU:229:CD1	C:THR:85:CB
0	vdw	C:LEU:229:CD1	C:THR:85:CG2
0	vdw	C:ARG:50:NH2	C:LEU:229:CD1
0	vdw	C:THR:85:CG2	C:VAL:219:CG1
0	vdw	C:THR:85:CG2	C:VAL:226:CG2
0	vdw	C:ARG:50:CZ	C:ASP:335:OD2
0	vdw	C:ARG:50:NH1	C:ASP:335:CG
0	vdw	C:ARG:50:NH1	C:ASP:335:OD2
0	vdw	C:ARG:50:NH2	C:LEU:229:CD2
0	vdw	C:ARG:40:NH2	C:GLU:339:OE1
0	vdw	C:ASP:335:N	C:GLU:339:OE1
0	vdw	C:ARG:40:NH2	C:GLU:339:CD
0	vdw	C:ARG:40:NH2	C:GLU:339:OE2
0	vdw	C:ARG:40:NH2	C:ASP:333:C
0	vdw	C:ARG:40:NH2	C:ASP:333:O
0	vdw	C:ARG:40:NH2	C:LEU:334:CA
0	vdw	C:GLU:339:OE1	C:LEU:334:CA
0	vdw	C:ILE:331:CD1	C:LEU:35:CD2
0	vdw	C:LEU:31:CG	C:LEU:35:CD1
0	vdw	C:LEU:35:CD1	C:VAL:300:CG2
0	vdw	C:ASN:72:N	C:THR:70:C
0	vdw	C:ARG:61:NE	C:ASN:72:O
0	vdw	C:ASN:72:C	C:ILE:74:N
0	vdw	C:ASN:72:OD1	C:ILE:74:CB
0	vdw	C:ASN:72:OD1	C:ILE:74:CG1
0	vdw	C:ASN:72:CG	C:ILE:74:N
0	vdw	C:ASN:72:OD1	C:ILE:74:N
0	vdw	C:ASN:72:OD1	F:LEU:102:CG
0	vdw	C:ILE:74:CD1	C:SER:90:CB
0	vdw	C:ILE:74:CD1	F:LEU:101:CB
0	vdw	C:ASN:78:O	C:THR:89:CA
0	vdw	C:ASN:78:O	C:THR:89:O
0	vdw	C:LYS:216:O	C:THR:89:CA
0	vdw	C:ASN:78:O	C:ILE:88:C
0	vdw	C:ASN:78:O	C:THR:89:N
0	vdw	C:SER:233:OG	C:THR:89:CB
0	vdw	C:SER:233:OG	C:THR:89:OG1
0	vdw	C:SER:233:CB	C:THR:89:OG1
0	vdw	C:SER:233:OG	C:VAL:87:CG1
0	vdw	C:SER:233:CB	C:VAL:87:CG1
0	vdw	C:LEU:229:O	C:SER:233:CB
0	vdw	C:LEU:229:CB	C:VAL:87:CG2
0	vdw	C:LEU:229:O	C:SER:233:N
0	vdw	C:ILE:217:CG2	C:VAL:87:CG1
0	vdw	C:LEU:229:O	C:TRP:231:N
0	vdw	C:LEU:229:N	C:VAL:226:C
0	vdw	C:LEU:229:N	C:VAL:226:O
0	vdw	C:LEU:229:CA	C:VAL:226:O
0	vdw	C:LEU:229:C	C:VAL:226:O
0	vdw	C:LEU:229:CB	C:VAL:226:O
0	vdw	C:LEU:229:N	C:PHE:227:C
0	vdw	C:LEU:229:N	C:PHE:227:O
0	vdw	C:LEU:229:C	C:TRP:231:N
0	vdw	C:ASN:296:OD1	C:ASP:333:CA
0	vdw	C:ASN:296:OD1	C:ASP:333:C
0	vdw	C:ASN:296:OD1	C:LEU:334:N
0	vdw	C:ASN:296:OD1	C:LEU:334:CA
0	vdw	C:ASN:296:OD1	C:LEU:334:CB
0	vdw	C:ASN:296:OD1	C:LEU:334:CG
0	vdw	C:ASN:296:O	C:ASP:333:N
0	vdw	C:ASN:296:O	C:ASP:333:CA
0	vdw	C:LEU:302:CD2	C:VAL:329:CG2
0	vdw	C:LEU:302:CD1	C:VAL:329:CG2
0	vdw	C:ASN:327:CG	C:LEU:302:CD1
0	vdw	C:ASN:327:ND2	C:LEU:302:CD1
0	vdw	C:ASN:327:O	C:LEU:302:CG
0	vdw	C:ASN:327:OD1	C:LEU:302:CD1
0	vdw	C:GLN:278:CG	F:PHE:20:O
0	vdw	C:GLN:278:NE2	F:PHE:20:C
0	vdw	C:GLN:278:NE2	F:PHE:20:O
0	vdw	C:ARG:61:CZ	F:PHE:20:CE2
0	vdw	C:ARG:61:NH1	F:PHE:20:CE2
0	vdw	C:ARG:61:NH2	F:PHE:20:CE2
0	vdw	C:ARG:61:NH2	F:PHE:20:CG
0	vdw	C:ARG:61:NH2	F:PHE:20:CD1
0	vdw	C:ARG:61:NH2	F:PHE:20:CE1
0	vdw	C:ARG:61:CZ	F:PHE:20:CZ
0	vdw	C:ARG:61:NH2	F:PHE:20:CZ
0	vdw	C:ARG:61:NH1	F:PHE:20:CD2
0	vdw	C:ARG:61:NH2	F:PHE:20:CD2
0	vdw	C:ARG:61:CZ	C:ASN:72:O
0	vdw	C:ARG:61:NH2	C:ASN:72:O
0	vdw	C:GLY:76:N	C:ILE:74:C
0	vdw	C:ASN:73:O	C:LEU:75:N
0	vdw	C:ILE:74:CA	C:ILE:91:O
0	vdw	C:ILE:74:C	C:ILE:91:O
0	vdw	C:ILE:91:O	C:LEU:75:N
0	vdw	C:GLY:76:N	C:ILE:74:CG2
0	vdw	C:GLY:76:C	C:ILE:74:CG2
0	vdw	C:GLY:76:O	C:ILE:74:CG2
0	vdw	C:GLY:76:O	C:ILE:91:CG1
0	vdw	C:ILE:74:CG2	C:ILE:91:O
0	vdw	C:GLY:76:N	C:ILE:91:O
0	vdw	C:GLY:76:O	C:ILE:91:N
0	vdw	C:GLY:76:O	C:ILE:91:CA
0	vdw	C:GLY:76:O	C:ILE:91:CB
0	vdw	C:GLY:76:O	C:SER:90:C
0	vdw	C:ALA:237:CB	C:SER:233:O
0	vdw	C:ALA:237:CB	C:LEU:234:O
0	vdw	C:MET:235:N	C:SER:233:C
0	vdw	C:MET:235:N	C:SER:233:O
0	vdw	C:LEU:234:CA	C:TRP:231:O
0	vdw	C:ASN:232:C	C:LEU:234:N
0	vdw	C:ASN:232:C	C:MET:235:N
0	vdw	C:SER:233:N	C:TRP:231:C
0	vdw	C:SER:233:N	C:TRP:231:O
0	vdw	C:LEU:234:N	C:TRP:231:C
0	vdw	C:LEU:234:N	C:TRP:231:O
0	vdw	C:CYS:230:O	C:LEU:234:N
0	vdw	C:ASN:232:N	C:ASP:228:O
0	vdw	C:ASN:232:CG	C:ASP:228:O
0	vdw	C:ASN:232:OD1	C:ASP:228:O
0	vdw	C:ALA:294:CB	C:ASP:228:O
0	vdw	C:ASN:232:N	C:CYS:230:C
0	vdw	C:ASP:228:C	C:CYS:230:N
0	vdw	C:ASN:296:CG	C:ASP:333:CA
0	vdw	C:ASN:296:CG	C:LEU:334:N
0	vdw	C:ASN:296:CG	C:ASP:228:OD2
0	vdw	C:ASN:296:ND2	C:ASP:228:CG
0	vdw	C:ASN:296:ND2	C:ASP:228:OD2
0	vdw	C:ASN:296:CA	C:ILE:347:O
0	vdw	C:ILE:331:O	C:TYR:297:CA
0	vdw	C:ASN:296:C	C:ILE:347:O
0	vdw	C:ILE:347:O	C:TYR:297:N
0	vdw	C:GLY:298:O	C:ILE:331:N
0	vdw	C:GLY:298:O	C:ILE:331:O
0	vdw	C:GLY:298:O	C:LEU:330:CA
0	vdw	C:GLY:298:O	C:LEU:330:C
0	vdw	C:GLY:298:N	C:ILE:331:O
0	vdw	C:ILE:331:O	C:TYR:297:C
0	vdw	C:VAL:300:N	C:VAL:329:O
0	vdw	C:VAL:300:CG2	C:VAL:329:O
0	vdw	C:THR:328:CA	C:VAL:300:O
0	vdw	C:THR:328:C	C:VAL:300:O
0	vdw	C:VAL:300:O	C:VAL:329:N
0	vdw	C:ASP:277:CA	C:PHE:247:CE2
0	vdw	C:GLN:278:CD	F:PHE:20:O
0	vdw	C:ASP:277:O	F:PHE:20:CD2
0	vdw	C:PRO:244:CG	F:MET:18:CE
0	vdw	C:LEU:75:CB	C:LYS:242:O
0	vdw	C:LEU:75:CD2	C:LYS:242:O
0	vdw	C:ILE:91:O	C:LEU:75:CA
0	vdw	C:ILE:91:O	C:LEU:75:CB
0	vdw	C:LEU:238:CA	C:VAL:241:CG2
0	vdw	C:ALA:237:C	C:LEU:234:O
0	vdw	C:LEU:234:O	C:LEU:238:N
0	vdw	C:LEU:234:O	C:LEU:238:CA
0	vdw	C:LEU:234:C	C:TRP:231:O
0	vdw	C:LEU:234:O	C:LEU:238:CB
0	vdw	C:LEU:234:O	C:LEU:238:CG
0	vdw	C:MET:235:N	C:TRP:231:O
0	vdw	C:MET:235:CB	C:TRP:231:O
0	vdw	C:MET:235:CG	C:TRP:231:O
0	vdw	C:MET:235:CG	C:TRP:231:CD1
0	vdw	C:MET:235:CG	C:TRP:231:NE1
0	vdw	C:ALA:292:O	C:MET:235:CG
0	vdw	C:LEU:234:CB	C:TRP:231:O
0	vdw	C:MET:235:CG	C:TRP:231:CE2
0	vdw	C:ALA:294:N	C:TRP:231:CD1
0	vdw	C:ALA:294:CB	C:TRP:231:CD1
0	vdw	C:ALA:294:N	C:ASN:232:OD1
0	vdw	C:ALA:294:CA	C:ASN:232:OD1
0	vdw	C:ALA:294:CB	C:ASN:232:OD1
0	vdw	C:ALA:292:O	C:TRP:231:NE1
0	vdw	C:LEU:350:CD2	C:TRP:231:CD1
0	vdw	C:LEU:350:CD2	C:TRP:231:NE1
0	vdw	C:LEU:350:CD2	C:PHE:293:C
0	vdw	C:ALA:294:CA	C:ILE:349:O
0	vdw	C:ALA:294:CA	C:LEU:350:CD2
0	vdw	C:ALA:294:CB	C:LEU:350:CD2
0	vdw	C:ILE:349:O	C:SER:295:N
0	vdw	C:ALA:294:CB	C:ASP:228:CA
0	vdw	C:SER:295:OG	C:TYR:297:CE2
0	vdw	C:ILE:349:N	C:SER:295:O
0	vdw	C:ASP:228:OD1	C:SER:295:C
0	vdw	C:ASP:228:OD1	C:SER:295:O
0	vdw	C:ILE:331:O	C:TYR:297:CB
0	vdw	C:LEU:330:CD1	C:SER:377:OG
0	vdw	C:MET:373:O	C:SER:377:OG
0	vdw	C:ILE:347:CD1	C:SER:377:OG
0	vdw	C:MET:373:CG	C:THR:370:OG1
0	vdw	C:ILE:299:CG1	C:MET:373:SD
0	vdw	C:ILE:299:CG2	C:MET:373:SD
0	vdw	C:ALA:179:CA	C:THR:184:O
0	vdw	C:PHE:185:CA	C:SER:178:O
0	vdw	C:ARG:177:NH2	C:PHE:185:CG
0	vdw	C:ARG:177:NH2	C:PHE:185:CD2
0	vdw	C:ARG:177:CG	C:PHE:185:CB
0	vdw	C:ARG:177:CD	C:PHE:185:CB
0	vdw	C:ARG:177:CG	C:VAL:187:CG2
0	vdw	C:ARG:177:CD	C:VAL:187:CG2
0	vdw	C:ARG:177:CD	C:PHE:247:CE1
0	vdw	C:ASP:277:CB	C:PHE:247:CE2
0	vdw	C:ARG:245:O	C:ASP:277:N
0	vdw	C:ARG:245:O	C:ASP:277:CB
0	vdw	C:PHE:247:CD2	C:TYR:189:OH
0	vdw	C:ASP:277:CB	C:TYR:189:OH
0	vdw	C:ARG:245:O	C:CYS:276:CA
0	vdw	C:ARG:245:O	C:CYS:276:C
0	vdw	C:PRO:244:C	C:TYR:211:OH
0	vdw	C:PRO:244:O	C:TYR:211:CZ
0	vdw	C:PRO:244:O	C:TYR:211:OH
0	vdw	C:LEU:75:CD2	C:PRO:244:CD
0	vdw	C:LYS:242:O	C:PRO:244:CD
0	vdw	C:LEU:243:CD2	C:VAL:241:CG1
0	vdw	C:LEU:243:CB	C:TYR:211:CE2
0	vdw	C:LEU:284:CB	C:VAL:241:CB
0	vdw	C:LEU:284:CD2	C:VAL:241:CB
0	vdw	C:LEU:213:CD1	C:LEU:284:CD2
0	vdw	C:LEU:238:CD1	C:MET:235:CE
0	vdw	C:ILE:159:CD1	C:LEU:238:CD1
0	vdw	C:MET:235:CE	C:TRP:231:CH2
0	vdw	C:MET:235:SD	C:TRP:231:CE2
0	vdw	C:MET:235:SD	C:TRP:231:CZ2
0	vdw	C:MET:235:CE	C:TRP:231:CZ2
0	vdw	C:ALA:292:CB	C:LEU:350:C
0	vdw	C:ALA:292:N	C:ASN:290:O
0	vdw	C:ALA:292:CB	C:LYS:358:CG
0	vdw	C:ILE:349:O	C:PHE:293:O
0	vdw	C:LEU:350:CA	C:PHE:293:O
0	vdw	C:LEU:350:CD2	C:PHE:293:O
0	vdw	C:ALA:351:N	C:PHE:293:O
0	vdw	C:GLN:359:O	C:LEU:350:N
0	vdw	C:LEU:350:CD2	C:TRP:231:CE2
0	vdw	C:ILE:349:CG2	C:TYR:357:CD1
0	vdw	C:GLN:359:O	C:ILE:349:C
0	vdw	C:ILE:347:CG2	C:ILE:349:CG1
0	vdw	C:MET:373:O	C:SER:377:CA
0	vdw	C:MET:373:O	C:SER:377:CB
0	vdw	C:ILE:374:O	C:SER:377:CA
0	vdw	C:ILE:374:O	C:SER:377:CB
0	vdw	C:LEU:330:CD1	C:MET:373:O
0	vdw	C:GLU:372:C	C:ILE:374:N
0	vdw	C:MET:373:N	C:PRO:371:C
0	vdw	C:MET:373:N	C:PRO:371:O
0	vdw	C:ILE:374:N	C:PRO:371:O
0	vdw	C:MET:373:N	C:THR:370:O
0	vdw	C:MET:373:CA	C:THR:370:O
0	vdw	C:MET:373:CB	C:THR:370:O
0	vdw	C:ILE:374:N	C:THR:370:O
0	vdw	C:ALA:179:CB	C:THR:184:O
0	vdw	C:SER:178:O	C:SER:186:O
0	vdw	C:ARG:177:CA	C:SER:186:O
0	vdw	C:SER:178:N	C:SER:186:O
0	vdw	C:ARG:177:CB	C:VAL:187:CG2
0	vdw	C:ARG:177:CB	C:PHE:247:CD1
0	vdw	C:VAL:176:O	C:VAL:187:CG1
0	vdw	C:TYR:189:CZ	C:VAL:187:CG1
0	vdw	C:TYR:189:OH	C:VAL:187:CG1
0	vdw	C:ARG:245:CB	C:TYR:189:CE1
0	vdw	C:ARG:245:CB	C:TYR:189:CZ
0	vdw	C:ARG:245:CB	C:TYR:189:OH
0	vdw	C:GLY:175:CA	C:TYR:189:CD1
0	vdw	C:GLY:175:CA	C:TYR:189:CE1
0	vdw	C:ALA:246:O	C:TYR:189:CE1
0	vdw	C:LEU:243:CD1	C:LEU:284:CD1
0	vdw	C:LEU:243:CD1	C:TYR:211:CD2
0	vdw	C:LEU:243:CD1	C:TYR:211:CE2
0	vdw	C:ILE:164:O	C:ILE:286:CB
0	vdw	C:ILE:164:O	C:ILE:286:CG2
0	vdw	C:ILE:164:O	C:PRO:166:CD
0	vdw	C:ASN:290:C	C:ILE:164:CD1
0	vdw	C:ASN:290:O	C:ILE:164:CD1
0	vdw	C:ASN:290:CB	C:ILE:164:CD1
0	vdw	C:ILE:164:CG1	C:SER:162:OG
0	vdw	C:ALA:292:N	C:ASN:290:C
0	vdw	C:ASN:290:O	C:LYS:358:CE
0	vdw	C:LYS:358:CG	C:SER:162:CB
0	vdw	C:LEU:350:O	C:TYR:357:CA
0	vdw	C:LEU:350:O	C:TYR:357:C
0	vdw	C:LEU:350:O	C:LYS:358:N
0	vdw	C:LEU:350:O	C:LYS:358:CB
0	vdw	C:TYR:357:CA	D:PHE:186:O
0	vdw	C:LEU:378:CG	C:TYR:357:CE1
0	vdw	C:TYR:357:CB	D:PHE:186:O
0	vdw	C:ILE:374:CG2	C:LEU:378:CD1
0	vdw	C:LEU:378:CD2	D:GLU:188:CG
0	vdw	C:ILE:374:O	C:LEU:378:CB
0	vdw	C:ILE:374:O	C:LEU:378:CD1
0	vdw	C:LYS:375:N	C:PRO:371:O
0	vdw	C:LYS:375:N	C:MET:373:C
0	vdw	C:ILE:374:CB	C:PRO:371:O
0	vdw	C:GLU:372:N	C:THR:370:C
0	vdw	C:GLU:372:OE1	C:THR:370:CB
0	vdw	C:GLU:372:N	C:THR:370:O
0	vdw	C:LEU:188:O	C:VAL:176:N
0	vdw	C:GLY:175:CA	C:LEU:188:O
0	vdw	C:ALA:174:O	C:PRO:190:CD
0	vdw	C:ALA:169:CB	C:MET:285:O
0	vdw	C:ALA:169:CB	C:PRO:166:O
0	vdw	C:ASN:287:CB	C:ASN:290:ND2
0	vdw	C:ASN:290:OD1	C:LYS:358:NZ
0	vdw	C:ASN:290:CB	C:SER:162:O
0	vdw	C:ARG:163:O	C:ASN:290:CB
0	vdw	C:ARG:163:O	C:ASN:290:CG
0	vdw	C:ARG:163:O	C:ASN:290:ND2
0	vdw	C:LYS:358:NZ	D:ASP:185:CG
0	vdw	C:LYS:358:NZ	D:ASP:185:OD1
0	vdw	C:LYS:358:NZ	D:ASP:185:CB
0	vdw	C:LYS:358:NZ	C:SER:162:O
0	vdw	C:LYS:358:CD	C:SER:162:CA
0	vdw	C:LYS:358:CD	C:SER:162:CB
0	vdw	C:ASN:356:C	D:PHE:186:O
0	vdw	C:TYR:357:N	D:PHE:186:O
0	vdw	C:TYR:357:O	D:PHE:186:O
0	vdw	C:ASN:356:CB	D:ASP:185:OD1
0	vdw	C:TYR:357:O	D:GLY:184:O
0	vdw	C:TYR:357:O	D:ASP:185:CA
0	vdw	C:TYR:357:O	D:PHE:186:N
0	vdw	D:GLU:188:CG	D:PHE:192:CE1
0	vdw	C:ASN:287:ND2	C:ASN:290:ND2
0	vdw	D:ASN:187:C	D:ASP:189:N
0	vdw	D:ASN:187:CG	D:GLN:190:CG
0	vdw	D:ASN:187:ND2	D:GLN:190:CG
0	vdw	D:ASN:187:ND2	D:GLN:190:CD
0	vdw	D:ASN:187:ND2	D:GLN:190:NE2
0	vdw	D:ASN:187:OD1	D:ASP:189:N
0	vdw	D:ASN:187:OD1	D:ASP:189:CA
0	vdw	D:ASN:187:OD1	D:ASP:189:CB
0	vdw	D:ASN:187:OD1	D:GLN:190:N
0	vdw	D:GLN:190:N	D:GLU:188:C
0	vdw	D:GLN:190:N	D:GLU:188:O
0	vdw	D:GLU:188:C	D:LEU:191:N
0	vdw	D:GLU:188:O	D:LEU:191:N
0	vdw	D:ASP:189:C	D:LEU:191:N
0	vdw	D:GLU:188:O	D:PHE:192:N
0	vdw	D:GLU:188:O	D:PHE:192:CD1
0	vdw	D:GLU:188:O	D:LEU:191:CA
0	vdw	D:GLU:188:O	D:LEU:191:CB
0	vdw	D:ASN:187:OD1	D:GLN:190:CG
0	vdw	J:GLU:535:CG	J:GLY:531:O
0	vdw	J:GLU:535:C	J:ILE:537:N
0	vdw	J:ILE:537:O	J:LEU:534:O
0	vdw	J:ILE:537:N	J:LEU:533:O
0	vdw	J:LEU:534:C	J:THR:536:N
0	vdw	J:LEU:534:O	J:THR:536:N
0	vdw	J:GLU:535:N	J:GLY:531:O
0	vdw	J:ILE:532:O	J:THR:536:N
0	vdw	J:GLU:535:N	J:LEU:533:C
0	vdw	J:LEU:533:C	J:THR:536:N
0	vdw	J:LEU:533:O	J:THR:536:N
0	vdw	J:GLY:531:O	J:LEU:533:N
0	vdw	J:GLY:531:CA	J:THR:527:O
0	vdw	J:ILE:537:CG2	J:LEU:534:O
0	vdw	J:ASP:530:O	J:LEU:534:N
0	vdw	J:GLY:531:O	J:LEU:534:N
0	vdw	J:ILE:532:C	J:LEU:534:N
0	vdw	J:ASP:530:O	J:LEU:534:CB
0	vdw	J:ASP:530:O	J:LEU:534:CG
0	vdw	I:ASN:34:ND2	I:TYR:21:CD1
0	vdw	I:ASN:34:ND2	I:TYR:21:CE1
0	vdw	I:THR:52:C	I:TYR:46:O
0	vdw	I:LEU:53:N	I:TYR:46:O
0	vdw	I:LEU:53:CA	I:TYR:46:O
0	vdw	I:GLN:20:CB	I:GLU:54:CG
0	vdw	I:GLN:20:CD	I:LEU:43:CD1
0	vdw	I:GLN:20:OE1	I:LEU:43:CD1
0	vdw	I:GLN:20:NE2	I:TYR:35:O
0	vdw	I:GLN:20:NE2	I:LEU:43:CD1
0	vdw	I:ASN:34:OD1	I:VAL:36:CG1
0	vdw	I:LEU:53:O	I:TYR:46:N
0	vdw	I:LEU:53:O	I:TYR:46:CA
0	vdw	I:LEU:53:O	I:TYR:46:O
0	vdw	I:GLN:45:CA	I:LEU:53:O
0	vdw	I:GLN:45:C	I:LEU:53:O
0	vdw	I:GLU:54:CA	I:ILE:44:O
0	vdw	I:GLU:54:CB	I:LEU:43:CD2
0	vdw	I:ILE:56:CD1	I:LEU:43:CG
0	vdw	I:ILE:56:CD1	I:LEU:43:CD1
0	vdw	I:LEU:43:CD1	I:PRO:37:CG
0	vdw	I:ILE:56:CD1	I:PRO:37:CG
0	vdw	F:LYS:205:NZ	I:GLU:47:OE1
0	vdw	F:GLU:209:OE2	I:GLU:47:CD
0	vdw	F:GLU:209:OE2	I:GLU:47:OE2
0	vdw	F:LYS:205:NZ	I:GLN:45:O
0	vdw	I:ILE:44:N	I:LYS:42:C
0	vdw	I:ILE:44:N	I:LYS:42:O
0	vdw	I:LEU:43:CB	I:PRO:37:CG
0	vdw	I:PRO:37:CA	I:THR:41:OG1
0	vdw	I:PRO:37:C	I:THR:41:OG1
0	vdw	I:GLY:38:N	I:THR:41:OG1
0	vdw	I:GLY:38:CA	I:THR:41:OG1
0	vdw	I:GLY:38:C	I:THR:41:OG1
0	vdw	I:GLY:38:O	I:THR:41:OG1
0	vdw	E:LEU:243:N	E:PRO:241:O
0	vdw	E:LEU:244:N	E:PRO:241:O
0	vdw	E:LEU:244:CB	E:PRO:241:O
0	vdw	E:LYS:245:N	E:PRO:241:O
0	vdw	E:HIS:242:N	E:LYS:240:C
0	vdw	E:LEU:243:N	E:PRO:241:C
0	vdw	E:HIS:242:N	E:LYS:240:O
0	vdw	E:HIS:242:CD2	E:LYS:240:CB
0	vdw	F:GLU:209:CD	F:LYS:205:CD
0	vdw	F:GLU:209:OE1	F:LYS:205:CD
0	vdw	E:SER:238:OG	F:GLU:209:CD
0	vdw	E:SER:238:OG	F:GLU:209:OE1
0	vdw	E:SER:238:CB	F:GLU:209:OE1
0	vdw	F:GLU:209:CD	F:LYS:205:NZ
0	vdw	F:GLU:209:OE1	F:LYS:205:NZ
0	vdw	F:GLU:209:OE2	F:LYS:205:NZ
0	vdw	E:PHE:239:O	F:GLU:209:CB
0	vdw	F:VAL:188:CG1	I:ILE:44:CD1
0	vdw	I:ILE:44:CG2	I:LYS:42:CG
0	vdw	I:LYS:42:CB	I:THR:59:CG2
0	vdw	I:GLY:38:O	I:THR:41:CA
0	vdw	I:GLY:38:O	I:THR:41:C
0	vdw	I:GLY:38:O	I:THR:41:O
0	vdw	I:GLY:38:O	I:THR:41:N
0	vdw	I:PRO:39:C	I:THR:41:N
0	vdw	I:GLY:38:C	I:GLY:40:N
0	vdw	I:GLY:38:O	I:GLY:40:N
0	vdw	E:LYS:245:CG	F:LEU:223:CD2
0	vdw	E:LYS:245:CE	F:LEU:223:CD2
0	vdw	F:LEU:223:CD2	F:LEU:227:CD1
0	vdw	E:LEU:248:CD1	F:LEU:223:CD1
0	vdw	F:ILE:210:CD1	F:VAL:201:CG2
0	vdw	F:ILE:210:CA	F:SER:202:O
0	vdw	E:PHE:239:O	F:GLU:209:CA
0	vdw	E:PHE:239:O	F:GLU:209:C
0	vdw	E:PHE:239:O	F:ILE:210:N
0	vdw	E:PHE:239:O	F:ILE:210:CA
0	vdw	E:PHE:239:CZ	F:ILE:210:CB
0	vdw	E:PHE:239:CE2	F:ILE:210:CB
0	vdw	E:SER:238:CB	F:ILE:204:CD1
0	vdw	F:ILE:204:CG1	F:VAL:211:CG1
0	vdw	F:ILE:204:CD1	F:VAL:211:CG1
0	vdw	E:SER:238:OG	F:ILE:204:CD1
0	vdw	F:VAL:188:CA	I:THR:59:CG2
0	vdw	F:ASP:189:N	F:LEU:187:C
0	vdw	F:ASP:189:N	F:LEU:187:O
0	vdw	F:VAL:124:O	F:VAL:188:CA
0	vdw	F:VAL:124:O	F:VAL:188:CB
0	vdw	F:LEU:187:C	I:THR:59:CG2
0	vdw	F:LEU:187:O	I:THR:59:CG2
0	vdw	F:LEU:187:C	I:THR:59:CB
0	vdw	F:LEU:187:O	I:THR:59:CB
0	vdw	F:LEU:187:C	F:VAL:124:O
0	vdw	F:VAL:124:O	F:VAL:188:N
0	vdw	F:GLU:186:CG	I:THR:59:OG1
0	vdw	F:GLU:186:CD	I:THR:59:OG1
0	vdw	F:GLU:186:OE1	I:THR:59:OG1
0	vdw	F:GLU:186:CB	I:THR:59:CB
0	vdw	F:GLU:186:CB	I:THR:59:OG1
0	vdw	F:ASN:126:ND2	F:GLU:186:OE1
0	vdw	F:ARG:129:CG	F:GLU:186:CD
0	vdw	F:ARG:129:NE	F:GLU:186:CD
0	vdw	F:ARG:129:NE	F:GLU:186:OE1
0	vdw	F:GLU:186:CG	F:TYR:130:OH
0	vdw	F:GLU:186:OE2	I:GLY:40:N
0	vdw	F:ARG:129:CG	F:GLU:186:OE2
0	vdw	F:ARG:129:CD	F:GLU:186:OE2
0	vdw	F:ARG:129:NE	F:GLU:186:OE2
0	vdw	F:GLU:221:C	F:LEU:223:N
0	vdw	E:LEU:244:CD2	F:PHE:213:CE2
0	vdw	F:LEU:227:CD2	F:VAL:201:CG2
0	vdw	F:ILE:210:CG2	F:VAL:201:CG2
0	vdw	F:GLY:212:O	F:VAL:201:CG2
0	vdw	F:ILE:210:CG2	F:SER:202:O
0	vdw	F:SER:202:C	F:VAL:211:CG2
0	vdw	F:SER:202:O	F:VAL:211:N
0	vdw	F:SER:202:O	F:VAL:211:CG2
0	vdw	F:GLY:212:N	F:ILE:210:CG2
0	vdw	F:GLY:212:C	F:ILE:210:CG2
0	vdw	F:GLY:212:O	F:ILE:210:CG2
0	vdw	F:ILE:210:C	F:SER:202:O
0	vdw	E:PHE:239:CZ	F:ILE:210:CG2
0	vdw	F:ILE:204:CG2	F:VAL:211:CG2
0	vdw	F:SER:202:CB	F:VAL:211:CG2
0	vdw	F:SER:202:OG	F:VAL:211:CG2
0	vdw	F:ILE:120:CG2	F:VAL:211:CG2
0	vdw	F:ALA:191:CB	F:VAL:124:CG2
0	vdw	F:ILE:120:O	F:VAL:124:CG2
0	vdw	F:ILE:204:CG2	F:VAL:211:CG1
0	vdw	F:LEU:187:CB	F:VAL:124:CG1
0	vdw	F:PHE:121:CA	F:VAL:124:CB
0	vdw	F:ILE:185:O	F:LEU:187:N
0	vdw	F:ILE:185:O	F:LEU:187:CG
0	vdw	F:GLU:186:O	F:VAL:125:CA
0	vdw	F:GLU:186:O	F:VAL:125:C
0	vdw	F:ASN:126:N	F:GLU:186:O
0	vdw	F:LEU:187:CD2	F:VAL:125:CG2
0	vdw	F:LEU:187:N	I:THR:59:CB
0	vdw	F:LEU:187:CA	F:VAL:124:O
0	vdw	F:ASN:126:CB	F:GLU:186:O
0	vdw	F:GLU:186:N	F:GLY:184:O
0	vdw	F:ILE:185:C	F:TYR:130:OH
0	vdw	F:GLU:186:N	F:TYR:130:OH
0	vdw	I:ASN:131:ND2	I:SER:189:CB
0	vdw	I:ASN:131:ND2	I:SER:189:OG
0	vdw	I:ASP:160:OD2	I:PHE:188:C
0	vdw	I:ASP:160:N	I:THR:187:O
0	vdw	I:ASP:160:OD2	I:THR:187:C
0	vdw	I:ASP:160:OD2	I:THR:187:O
0	vdw	I:ASP:160:N	I:VAL:158:O
0	vdw	F:ASP:220:C	F:ASP:222:N
0	vdw	F:ASP:220:O	F:ASP:222:N
0	vdw	F:ASP:220:C	F:ASP:222:OD1
0	vdw	F:ASP:222:OD2	F:THR:199:OG1
0	vdw	F:PHE:213:CZ	F:THR:199:CG2
0	vdw	F:LYS:215:CD	F:THR:199:CG2
0	vdw	F:TRP:214:N	F:VAL:200:C
0	vdw	F:PHE:213:CA	F:VAL:200:O
0	vdw	F:PHE:213:C	F:VAL:200:O
0	vdw	F:TRP:214:N	F:VAL:200:O
0	vdw	F:GLY:212:O	F:VAL:201:CA
0	vdw	F:TRP:214:O	F:VAL:200:C
0	vdw	F:TRP:214:CA	F:VAL:200:O
0	vdw	F:TRP:214:C	F:VAL:200:O
0	vdw	F:TRP:214:O	F:VAL:200:O
0	vdw	F:TRP:214:CB	F:VAL:200:O
0	vdw	F:PHE:213:CD2	F:VAL:201:CB
0	vdw	F:GLY:212:O	F:VAL:201:C
0	vdw	F:GLY:212:O	F:SER:202:N
0	vdw	F:LEU:180:CD1	F:PHE:121:CD1
0	vdw	F:ILE:176:CG2	F:PHE:121:CE1
0	vdw	F:LEU:180:CD1	F:VAL:125:CG2
0	vdw	F:ILE:185:N	F:LEU:180:O
0	vdw	F:ILE:185:CA	F:LEU:180:O
0	vdw	F:ILE:185:CB	F:LEU:180:O
0	vdw	F:GLY:184:N	F:LEU:180:O
0	vdw	F:ALA:183:CA	F:LEU:180:O
0	vdw	F:ALA:183:CB	F:LEU:180:O
0	vdw	F:ILE:185:CG1	F:LEU:180:O
0	vdw	F:ALA:183:C	F:ILE:185:N
0	vdw	F:ILE:185:CA	F:TYR:130:OH
0	vdw	I:ASN:131:CG	I:PHE:128:N
0	vdw	I:ASN:131:ND2	I:PHE:128:N
0	vdw	I:ASN:131:CB	I:PHE:128:N
0	vdw	I:SER:189:CB	I:VAL:158:CG1
0	vdw	I:SER:189:CB	I:VAL:158:O
0	vdw	I:ASP:160:OD1	I:SER:189:CB
0	vdw	I:ASP:160:CG	I:SER:189:OG
0	vdw	I:ASP:160:OD1	I:SER:189:OG
0	vdw	I:ASP:160:OD2	I:SER:189:OG
0	vdw	I:PHE:188:CA	I:VAL:158:O
0	vdw	I:PHE:188:C	I:VAL:158:O
0	vdw	I:SER:189:N	I:VAL:158:O
0	vdw	C:VAL:21:CG2	I:PHE:188:CB
0	vdw	F:ASP:217:O	F:ASP:219:N
0	vdw	F:ASP:219:O	F:LYS:215:CE
0	vdw	F:ASP:219:O	F:ASP:222:CG
0	vdw	F:ASP:219:O	F:ASP:222:OD1
0	vdw	F:ASN:197:O	F:THR:199:N
0	vdw	F:ASN:197:O	F:GLY:218:CA
0	vdw	F:ASP:216:N	F:GLY:198:O
0	vdw	F:LYS:215:CD	F:THR:199:OG1
0	vdw	F:THR:199:CA	F:TRP:214:O
0	vdw	F:ASP:216:O	F:GLY:198:O
0	vdw	F:LYS:215:CE	F:THR:199:OG1
0	vdw	F:SER:166:O	F:VAL:200:CG2
0	vdw	F:THR:199:C	F:TRP:214:O
0	vdw	F:TRP:214:C	F:VAL:200:N
0	vdw	F:TRP:214:O	F:VAL:200:N
0	vdw	F:TRP:214:O	F:VAL:200:CA
0	vdw	F:TRP:214:CB	F:VAL:200:CB
0	vdw	F:ILE:169:CG2	F:VAL:200:CG1
0	vdw	F:ILE:169:CG2	F:PHE:116:CE2
0	vdw	F:ILE:169:O	F:ILE:173:CG1
0	vdw	F:ILE:173:CG1	F:LEU:117:CD2
0	vdw	F:ILE:120:CD1	F:ILE:173:CD1
0	vdw	F:ILE:176:CB	F:PHE:121:CE2
0	vdw	F:ILE:176:CG2	F:PHE:121:CE2
0	vdw	F:ILE:176:CB	F:PHE:121:CZ
0	vdw	F:ILE:176:CG2	F:PHE:121:CZ
0	vdw	F:ALA:179:C	F:ILE:176:O
0	vdw	F:ILE:176:O	F:LEU:180:N
0	vdw	F:ILE:176:O	F:LEU:180:CA
0	vdw	F:ILE:176:O	F:LEU:180:CG
0	vdw	F:ALA:179:CB	F:ILE:176:O
0	vdw	F:ILE:176:O	F:LEU:180:CB
0	vdw	F:ILE:176:CG2	F:LEU:180:CD1
0	vdw	F:ALA:179:O	F:ALA:183:CB
0	vdw	F:ALA:183:CA	F:GLY:58:CA
0	vdw	F:ALA:183:CB	F:GLY:58:CA
0	vdw	F:ALA:183:CA	F:ASN:57:C
0	vdw	F:ALA:183:CA	F:ASN:57:O
0	vdw	F:ALA:183:CB	F:ASN:57:C
0	vdw	F:ALA:183:CB	F:ASN:57:O
0	vdw	F:ALA:183:CB	F:GLY:58:N
0	vdw	C:VAL:21:CG2	I:VAL:190:CG2
0	vdw	C:PRO:18:CD	C:VAL:21:CG2
0	vdw	C:PRO:18:CD	I:PHE:188:CD2
0	vdw	F:ASP:216:O	F:GLY:218:N
0	vdw	F:ILE:169:N	F:SER:166:O
0	vdw	F:ILE:169:CB	F:SER:166:O
0	vdw	F:SER:163:CB	F:SER:166:OG
0	vdw	F:ILE:165:O	F:ILE:169:N
0	vdw	F:ILE:165:O	F:ILE:169:CG1
0	vdw	F:CYS:172:CA	F:ILE:169:O
0	vdw	F:CYS:172:CB	F:ILE:169:O
0	vdw	F:ILE:169:O	F:ILE:173:N
0	vdw	F:CYS:172:O	F:ILE:176:CG1
0	vdw	F:CYS:172:O	F:ILE:176:N
0	vdw	F:CYS:172:O	F:ILE:176:CB
0	vdw	F:ILE:176:CG1	F:THR:75:CG2
0	vdw	F:ALA:179:CB	F:THR:75:CG2
0	vdw	F:THR:75:OG1	F:VAL:139:CG2
0	vdw	F:THR:75:CG2	F:VAL:139:CG2
0	vdw	F:ILE:176:CG1	F:VAL:139:CG2
0	vdw	F:ALA:179:CB	F:VAL:77:CG2
0	vdw	F:ALA:76:C	F:GLY:58:O
0	vdw	F:LEU:180:CD2	F:VAL:77:CG2
0	vdw	F:GLY:58:O	F:VAL:77:N
0	vdw	F:GLY:58:O	F:VAL:77:CB
0	vdw	F:CYS:56:SG	F:GLY:58:O
0	vdw	F:GLY:58:O	F:VAL:77:CA
0	vdw	F:GLY:58:O	F:VAL:77:O
0	vdw	F:CYS:56:C	F:GLY:58:N
0	vdw	F:ASN:57:N	F:VAL:77:O
0	vdw	F:GLY:58:N	F:VAL:77:O
0	vdw	F:ASN:57:CB	F:GLY:79:O
0	vdw	C:GLU:20:C	C:LEU:22:N
0	vdw	C:ILE:25:CD1	C:PHE:17:CG
0	vdw	C:ILE:25:CD1	C:PHE:17:CD1
0	vdw	C:ILE:25:CD1	C:PHE:17:CD2
0	vdw	C:PRO:14:C	C:THR:16:N
0	vdw	C:PRO:14:O	C:THR:16:N
0	vdw	C:ILE:15:O	C:PHE:17:CE2
0	vdw	C:HIS:13:O	C:ILE:15:N
0	vdw	C:ILE:12:C	C:PRO:14:CD
0	vdw	C:ILE:12:O	C:PRO:14:CD
0	vdw	C:ILE:12:N	J:ILE:616:O
0	vdw	C:GLU:11:CA	J:ILE:617:CD1
0	vdw	C:GLU:11:CB	J:ILE:617:CD1
0	vdw	C:ILE:10:C	J:ILE:617:CD1
0	vdw	C:GLU:11:N	J:ILE:617:CD1
0	vdw	C:GLU:8:O	C:ILE:10:N
0	vdw	C:ILE:10:N	J:PHE:618:O
0	vdw	F:SER:163:N	F:SER:166:OG
0	vdw	F:ASP:217:OD2	F:SER:163:CA
0	vdw	F:GLN:164:C	F:SER:166:N
0	vdw	F:GLN:164:O	F:SER:166:N
0	vdw	F:ILE:165:C	F:SER:167:N
0	vdw	F:ILE:165:O	F:SER:167:N
0	vdw	F:ILE:165:O	F:LEU:168:CB
0	vdw	F:THR:75:OG1	F:VAL:139:CG1
0	vdw	F:ILE:74:C	F:TYR:140:N
0	vdw	F:ILE:74:O	F:TYR:140:N
0	vdw	F:ILE:74:O	F:TYR:140:CA
0	vdw	F:ILE:74:O	F:TYR:140:C
0	vdw	F:ILE:74:O	F:TYR:140:O
0	vdw	F:ILE:74:O	F:TYR:140:CB
0	vdw	F:ILE:74:O	F:VAL:139:CA
0	vdw	F:ILE:74:O	F:VAL:139:C
0	vdw	F:ILE:74:O	F:TYR:140:CD2
0	vdw	F:PHE:138:O	F:THR:75:CA
0	vdw	F:ALA:76:CB	F:CYS:56:SG
0	vdw	F:PHE:138:O	F:THR:75:C
0	vdw	F:ALA:76:N	F:PHE:138:O
0	vdw	F:ALA:76:CA	F:PHE:138:O
0	vdw	F:ALA:76:CB	F:TYR:78:CE1
0	vdw	F:CYS:56:SG	F:ILE:53:CG2
0	vdw	F:CYS:56:N	F:GLU:54:C
0	vdw	F:CYS:56:CA	F:TYR:78:CE2
0	vdw	F:CYS:56:CB	F:TYR:78:CD2
0	vdw	F:CYS:56:CB	F:TYR:78:CE2
0	vdw	F:CYS:56:CB	F:TYR:78:CG
0	vdw	F:CYS:56:CB	F:TYR:78:CE1
0	vdw	F:CYS:56:CB	F:TYR:78:CZ
0	vdw	F:CYS:56:CB	F:VAL:77:O
0	vdw	C:ALA:23:CA	C:SER:30:CB
0	vdw	C:ALA:23:N	C:VAL:21:C
0	vdw	C:ALA:23:N	C:VAL:21:O
0	vdw	C:LEU:22:O	C:SER:30:CB
0	vdw	C:LEU:22:O	C:SER:26:N
0	vdw	C:LEU:22:O	C:SER:26:O
0	vdw	C:ARG:24:N	C:LEU:22:C
0	vdw	C:LEU:22:CD1	C:LEU:29:CD2
0	vdw	C:LEU:22:CD1	C:LEU:29:CG
0	vdw	C:PRO:14:CB	I:TYR:268:CE2
0	vdw	C:ILE:12:CD1	J:ILE:616:CB
0	vdw	C:ILE:12:CG1	J:ILE:616:O
0	vdw	C:ILE:10:O	J:ILE:617:CD1
0	vdw	C:ILE:10:O	J:PHE:618:N
0	vdw	C:ILE:10:O	J:PHE:618:O
0	vdw	C:THR:9:CA	J:GLU:619:CB
0	vdw	C:THR:9:CG2	J:GLU:619:CB
0	vdw	C:THR:9:CG2	J:GLU:619:OE1
0	vdw	F:LEU:141:CD2	F:TYR:105:CE2
0	vdw	F:LEU:168:CD2	F:TYR:105:OH
0	vdw	F:ILE:165:CB	F:TYR:105:CE1
0	vdw	F:ILE:165:CG1	F:TYR:105:CE1
0	vdw	F:LEU:141:CD2	F:LEU:168:CD2
0	vdw	F:THR:142:N	F:TYR:140:C
0	vdw	F:THR:142:N	F:TYR:140:O
0	vdw	F:GLY:100:N	F:LEU:141:C
0	vdw	F:LEU:141:N	F:LYS:98:O
0	vdw	F:LEU:141:CA	F:LYS:98:O
0	vdw	F:LEU:141:CB	F:LYS:98:O
0	vdw	C:SER:221:CA	F:ILE:53:CG2
0	vdw	F:ASN:55:CB	F:ILE:53:CG2
0	vdw	F:ASN:55:N	F:ILE:53:CG2
0	vdw	C:SER:221:CA	F:ASN:55:CB
0	vdw	C:SER:26:O	C:SER:30:N
0	vdw	C:SER:26:O	C:SER:30:CB
0	vdw	C:GLU:28:O	C:SER:30:N
0	vdw	C:GLN:32:N	C:SER:30:C
0	vdw	C:GLU:28:C	C:SER:30:N
0	vdw	C:ARG:33:NE	C:LEU:29:CD1
0	vdw	C:GLN:32:N	C:LEU:29:O
0	vdw	C:LEU:29:CD1	I:LEU:266:CD2
0	vdw	C:GLU:8:O	J:GLU:619:CB
0	vdw	C:LYS:71:NZ	F:LYS:104:CG
0	vdw	F:LEU:102:CB	F:LYS:104:CG
0	vdw	F:GLY:100:N	F:LEU:141:O
0	vdw	F:GLY:100:CA	F:LEU:141:O
0	vdw	C:ARG:222:N	C:LEU:220:C
0	vdw	C:GLU:137:N	C:VAL:219:O
0	vdw	C:GLU:137:CB	C:VAL:219:O
0	vdw	C:ARG:222:O	F:ASN:55:ND2
0	vdw	C:THR:223:O	C:THR:336:O
0	vdw	C:GLU:340:OE1	C:THR:223:O
0	vdw	C:GLU:340:OE1	C:THR:336:O
0	vdw	C:GLU:340:CB	C:THR:336:O
0	vdw	C:ALA:338:CB	C:PRO:27:O
0	vdw	C:ALA:338:C	C:SER:342:OG
0	vdw	C:GLU:337:C	C:GLU:339:N
0	vdw	C:GLU:337:O	C:GLU:339:N
0	vdw	C:ALA:338:C	C:GLU:340:N
0	vdw	C:GLU:28:O	C:LEU:31:N
0	vdw	C:GLU:28:O	C:LEU:31:CA
0	vdw	C:GLU:28:O	C:LEU:31:C
0	vdw	C:GLU:28:O	C:LEU:31:CB
0	vdw	C:LEU:31:N	C:PRO:27:O
0	vdw	C:GLU:28:C	C:LEU:31:N
0	vdw	C:LEU:31:CB	C:PRO:27:O
0	vdw	C:LEU:29:C	C:LEU:31:N
0	vdw	C:LEU:29:O	C:LEU:31:N
0	vdw	C:GLN:32:N	C:GLU:28:O
0	vdw	C:GLN:32:CB	C:GLU:28:O
0	vdw	C:GLN:32:CG	C:GLU:28:O
0	vdw	C:CYS:306:CB	C:GLN:32:CB
0	vdw	C:ASP:303:O	C:CYS:306:CA
0	vdw	C:ASP:303:O	C:CYS:306:CB
0	vdw	C:ASP:303:O	C:GLU:305:N
0	vdw	C:ASP:303:O	C:CYS:306:N
0	vdw	C:ASP:303:CB	C:CYS:306:SG
0	vdw	C:ASP:303:CG	C:CYS:306:SG
0	vdw	C:ASP:303:OD2	C:CYS:306:SG
0	vdw	C:CYS:306:N	C:PRO:304:C
0	vdw	C:ASP:303:C	C:GLU:305:N
0	vdw	C:LYS:71:CE	F:LYS:104:CG
0	vdw	C:SER:90:CB	F:LEU:101:CD2
0	vdw	C:LYS:216:NZ	F:LEU:101:O
0	vdw	F:GLU:103:N	F:LEU:101:O
0	vdw	F:ASN:99:C	F:LEU:101:N
0	vdw	C:LYS:216:CE	F:GLY:100:O
0	vdw	C:LYS:216:NZ	F:GLY:100:O
0	vdw	C:ILE:88:O	C:VAL:218:N
0	vdw	C:GLU:135:O	C:VAL:218:CA
0	vdw	C:VAL:219:CG2	C:VAL:226:CG2
0	vdw	C:CYS:230:SG	C:VAL:219:CG2
0	vdw	C:GLU:135:O	C:VAL:219:N
0	vdw	C:VAL:219:CG1	C:VAL:226:CG2
0	vdw	C:GLY:224:C	C:VAL:226:N
0	vdw	C:GLY:224:O	C:VAL:226:N
0	vdw	C:ASP:335:O	C:GLU:339:CB
0	vdw	C:ASP:335:O	C:GLU:339:CG
0	vdw	C:GLU:339:C	C:THR:341:N
0	vdw	C:GLU:339:CA	C:ILE:343:CD1
0	vdw	C:GLU:339:O	C:ILE:343:CG1
0	vdw	C:GLU:339:O	C:ILE:343:CD1
0	vdw	C:GLU:339:O	C:ILE:343:CB
0	vdw	C:LEU:31:CD2	C:SER:342:OG
0	vdw	C:ASP:303:N	C:GLN:32:OE1
0	vdw	C:GLN:32:NE2	C:GLU:301:O
0	vdw	C:ASN:73:N	C:LYS:71:O
0	vdw	C:LYS:216:O	C:SER:90:OG
0	vdw	C:LYS:216:O	C:SER:90:N
0	vdw	C:ILE:217:CA	C:ILE:88:O
0	vdw	C:CYS:230:SG	C:ILE:217:CG2
0	vdw	C:ILE:217:CG1	C:THR:89:CG2
0	vdw	C:CYS:230:SG	C:VAL:226:O
0	vdw	C:CYS:230:SG	C:VAL:226:CG1
0	vdw	C:CYS:230:N	C:VAL:226:O
0	vdw	C:CYS:230:N	C:PHE:227:O
0	vdw	C:ASP:228:N	C:VAL:226:C
0	vdw	C:ASP:228:N	C:VAL:226:O
0	vdw	C:PHE:227:N	C:PRO:225:C
0	vdw	C:ILE:343:CD1	C:LEU:334:CD2
0	vdw	C:LEU:334:CD1	C:THR:346:CG2
0	vdw	C:ILE:343:CG1	C:VAL:300:CG1
0	vdw	C:ILE:343:CD1	C:VAL:300:CG1
0	vdw	C:LEU:302:O	C:PRO:304:CD
0	vdw	C:CYS:276:O	F:PHE:20:CA
0	vdw	F:MET:18:CB	F:PHE:20:CE1
0	vdw	F:MET:18:CE	F:PHE:20:CZ
0	vdw	C:THR:92:CA	C:TYR:214:O
0	vdw	C:ILE:91:CA	C:TYR:214:O
0	vdw	C:ILE:91:C	C:TYR:214:O
0	vdw	C:THR:92:N	C:TYR:214:O
0	vdw	C:ALA:215:CA	C:SER:90:O
0	vdw	C:LYS:216:N	C:SER:90:O
0	vdw	C:ALA:215:CB	C:ILE:91:CD1
0	vdw	C:ILE:91:CD1	C:LEU:234:CD1
0	vdw	C:CYS:230:O	C:ILE:217:CD1
0	vdw	C:ILE:217:CD1	C:LEU:155:CD1
0	vdw	C:LEU:155:CD2	C:TRP:231:CA
0	vdw	C:CYS:230:CA	C:VAL:226:O
0	vdw	C:CYS:230:CB	C:VAL:226:O
0	vdw	C:PHE:227:O	C:TRP:231:N
0	vdw	C:PHE:227:O	C:TRP:231:CB
0	vdw	C:ASN:296:CB	C:ASP:228:OD2
0	vdw	C:ILE:347:N	C:TYR:297:O
0	vdw	C:THR:346:CA	C:TYR:297:O
0	vdw	C:THR:346:C	C:TYR:297:O
0	vdw	C:GLY:298:CA	C:SER:345:O
0	vdw	C:GLY:298:C	C:SER:345:O
0	vdw	C:ILE:299:O	C:SER:345:CB
0	vdw	C:ILE:299:CG2	C:MET:373:CE
0	vdw	C:ILE:299:N	C:SER:345:O
0	vdw	C:THR:328:CB	C:VAL:300:O
0	vdw	C:CYS:276:CB	F:ALA:19:O
0	vdw	C:CYS:276:SG	F:ALA:19:O
0	vdw	C:CYS:276:N	F:ALA:19:O
0	vdw	C:CYS:276:CA	F:ALA:19:O
0	vdw	C:CYS:276:CB	F:PHE:20:CD2
0	vdw	C:CYS:276:SG	F:MET:18:CE
0	vdw	C:CYS:276:SG	C:ILE:95:CD1
0	vdw	C:GLY:93:CA	F:MET:18:SD
0	vdw	C:GLY:93:C	F:MET:18:SD
0	vdw	C:GLY:93:O	F:MET:18:SD
0	vdw	C:GLY:94:N	F:MET:18:SD
0	vdw	C:GLY:94:CA	F:MET:18:SD
0	vdw	C:LEU:75:CD1	C:THR:92:C
0	vdw	C:GLY:93:N	C:LEU:75:CD1
0	vdw	C:GLY:93:CA	C:LEU:75:CD1
0	vdw	C:THR:92:C	C:TYR:214:O
0	vdw	C:LEU:213:C	C:THR:92:O
0	vdw	C:THR:92:O	C:TYR:214:N
0	vdw	C:LEU:213:CA	C:THR:92:O
0	vdw	C:THR:92:O	C:TYR:214:O
0	vdw	C:ILE:159:CD1	C:LEU:234:CD2
0	vdw	C:CYS:230:O	C:LEU:234:CB
0	vdw	C:LEU:155:CD2	C:TRP:231:CE3
0	vdw	C:SER:348:CB	C:THR:361:CB
0	vdw	C:ILE:347:CG2	C:ILE:349:CD1
0	vdw	C:ILE:347:CG2	C:LEU:362:CD1
0	vdw	C:ILE:347:CA	C:THR:361:O
0	vdw	C:ILE:347:C	C:THR:361:O
0	vdw	C:SER:348:N	C:THR:361:O
0	vdw	C:ILE:299:CD1	C:ILE:347:CD1
0	vdw	C:ILE:347:CG1	C:LEU:362:CG
0	vdw	C:ILE:299:CG1	C:MET:373:CE
0	vdw	C:ILE:299:CD1	C:ILE:369:CD1
0	vdw	C:MET:373:CE	C:THR:370:N
0	vdw	C:MET:373:CE	C:THR:370:OG1
0	vdw	C:LYS:368:O	C:MET:373:CE
0	vdw	C:ILE:369:CA	C:MET:373:CE
0	vdw	C:ARG:177:NH2	C:PHE:185:CE2
0	vdw	C:ARG:177:NE	C:PHE:247:CD1
0	vdw	C:ARG:177:NE	C:PHE:247:CE1
0	vdw	C:ARG:177:NH1	C:ASP:249:OD1
0	vdw	C:ARG:177:NH1	C:ASP:249:CB
0	vdw	C:ALA:246:C	C:ILE:275:O
0	vdw	C:ILE:275:O	C:PHE:247:N
0	vdw	C:ILE:275:O	C:PHE:247:O
0	vdw	C:ALA:246:CA	C:ILE:275:O
0	vdw	C:ALA:246:CB	C:ILE:275:O
0	vdw	C:TYR:211:CE1	C:VAL:172:CG2
0	vdw	C:TYR:211:CD1	C:VAL:172:CG2
0	vdw	C:LEU:213:CB	C:VAL:130:CG1
0	vdw	C:ILE:159:CG2	C:SER:129:OG
0	vdw	C:ILE:159:CD1	C:LEU:155:O
0	vdw	C:ILE:159:CG2	C:SER:129:CA
0	vdw	C:ILE:159:CG2	C:SER:129:CB
0	vdw	C:ILE:159:CD1	C:VAL:130:CG2
0	vdw	C:ILE:159:CG1	C:TRP:231:CZ3
0	vdw	C:ILE:159:CG1	C:TRP:231:CH2
0	vdw	C:ILE:159:CA	C:SER:162:OG
0	vdw	C:ILE:159:CB	C:LEU:155:O
0	vdw	C:ILE:159:CG1	C:LEU:155:O
0	vdw	C:SER:158:CB	C:TRP:231:CZ3
0	vdw	C:SER:158:CB	C:TRP:231:CH2
0	vdw	C:ILE:159:CB	C:SER:129:OG
0	vdw	C:LEU:350:CD1	C:TRP:231:CE2
0	vdw	C:LEU:350:CD1	C:TRP:231:CZ2
0	vdw	C:GLN:359:CB	C:LEU:350:CD1
0	vdw	C:GLN:359:CB	C:LEU:350:CB
0	vdw	C:GLN:359:CB	C:LEU:350:CG
0	vdw	C:GLN:359:N	C:LEU:350:CB
0	vdw	C:GLN:359:O	C:SER:348:O
0	vdw	C:LEU:360:CA	C:SER:348:O
0	vdw	C:GLN:359:O	C:ILE:349:CA
0	vdw	C:LEU:360:C	C:SER:348:O
0	vdw	C:SER:348:O	C:THR:361:N
0	vdw	C:ILE:349:CD1	C:LEU:360:CD1
0	vdw	C:LEU:360:CG	C:LEU:362:CD1
0	vdw	C:LEU:360:CD1	C:LEU:362:CD1
0	vdw	C:ILE:374:CG1	C:LEU:362:CD2
0	vdw	C:ILE:369:CG2	C:ILE:374:CD1
0	vdw	C:ILE:374:CD1	C:THR:370:O
0	vdw	C:ILE:374:CD1	C:THR:370:C
0	vdw	C:ILE:374:CD1	C:PRO:371:CA
0	vdw	C:ALA:174:C	C:ALA:246:O
0	vdw	C:ALA:246:O	C:GLY:175:N
0	vdw	C:ILE:274:CD1	C:PHE:247:C
0	vdw	C:ILE:274:CD1	C:PHE:247:O
0	vdw	C:ALA:174:CA	C:ALA:246:O
0	vdw	C:ILE:275:N	C:PHE:247:O
0	vdw	C:ILE:275:CB	C:PHE:247:O
0	vdw	C:ALA:246:CB	C:ILE:274:CD1
0	vdw	C:ALA:246:CB	C:ILE:274:CG1
0	vdw	C:TYR:211:CE2	C:VAL:172:CA
0	vdw	C:TYR:211:CE2	C:VAL:172:CG2
0	vdw	C:TYR:211:CZ	C:VAL:172:CG2
0	vdw	C:TRP:209:CB	C:VAL:172:CB
0	vdw	C:LEU:170:O	C:TYR:211:CB
0	vdw	C:LEU:170:O	C:TYR:211:CG
0	vdw	C:LEU:170:O	C:TYR:211:CD2
0	vdw	C:LEU:170:C	C:TYR:211:CD2
0	vdw	C:LEU:170:O	C:SER:210:CA
0	vdw	C:LEU:170:O	C:SER:210:C
0	vdw	C:LEU:170:O	C:TYR:211:N
0	vdw	C:LEU:170:O	C:TYR:211:CA
0	vdw	C:LEU:170:O	C:SER:210:OG
0	vdw	C:TYR:211:CG	C:VAL:172:CG2
0	vdw	C:TYR:211:CD2	C:VAL:172:CG2
0	vdw	C:LEU:165:CD1	C:LEU:170:CD2
0	vdw	C:LEU:165:CD2	C:LEU:170:CD2
0	vdw	C:LEU:170:CB	C:TYR:211:O
0	vdw	C:LEU:170:CB	C:SER:210:OG
0	vdw	C:LEU:165:CD2	C:LEU:170:CD1
0	vdw	C:ILE:159:O	C:ILE:164:N
0	vdw	C:ILE:164:N	C:SER:162:C
0	vdw	C:ILE:164:N	C:SER:162:O
0	vdw	C:ARG:163:C	C:LEU:165:N
0	vdw	C:ILE:159:O	C:SER:162:OG
0	vdw	C:ILE:159:O	C:SER:162:N
0	vdw	C:ARG:163:N	C:ILE:159:O
0	vdw	C:HIS:161:N	C:ILE:159:O
0	vdw	C:SER:158:O	C:SER:162:OG
0	vdw	C:ILE:159:C	C:SER:162:OG
0	vdw	C:SER:158:C	C:SER:162:OG
0	vdw	C:SER:158:O	C:SER:162:N
0	vdw	C:LEU:160:C	C:SER:162:N
0	vdw	C:SER:158:O	C:SER:162:CA
0	vdw	C:SER:158:O	C:SER:162:CB
0	vdw	C:LYS:358:CA	D:GLY:184:O
0	vdw	C:LYS:358:O	D:GLY:184:O
0	vdw	C:LYS:358:O	D:SER:182:O
0	vdw	C:LYS:358:O	D:ASN:183:CA
0	vdw	C:GLN:359:CA	D:SER:182:O
0	vdw	C:LYS:358:O	D:PHE:186:CE1
0	vdw	C:LYS:358:O	D:GLY:184:N
0	vdw	C:LEU:360:CB	D:PHE:186:CZ
0	vdw	C:LEU:360:CB	D:SER:182:CB
0	vdw	C:GLY:175:C	C:PHE:247:CB
0	vdw	C:GLY:175:O	C:PHE:247:CA
0	vdw	C:GLY:175:O	C:PHE:247:CB
0	vdw	C:ALA:174:CB	C:TRP:209:CZ3
0	vdw	C:ALA:174:N	C:VAL:172:C
0	vdw	C:ALA:174:N	C:VAL:172:O
0	vdw	C:LYS:171:O	C:LYS:173:N
0	vdw	C:TRP:209:O	C:VAL:172:N
0	vdw	C:LEU:170:O	C:VAL:172:N
0	vdw	C:ALA:169:C	C:LYS:171:N
0	vdw	C:LYS:168:O	C:LYS:171:N
0	vdw	C:LYS:168:O	C:LYS:171:CB
0	vdw	C:LEU:170:C	C:TYR:211:N
0	vdw	C:ALA:169:N	C:PRO:166:O
0	vdw	C:LEU:170:N	C:LYS:168:C
0	vdw	C:LEU:170:N	C:LYS:168:O
0	vdw	C:ALA:169:N	C:LYS:167:C
0	vdw	C:LEU:170:N	C:LYS:167:O
0	vdw	C:LEU:165:C	C:TYR:127:CD1
0	vdw	C:PRO:166:N	C:TYR:127:CD1
0	vdw	C:PRO:166:CA	C:TYR:127:CD1
0	vdw	C:ALA:128:CA	C:LEU:165:O
0	vdw	C:PRO:166:CG	C:TYR:127:CE1
0	vdw	C:LEU:165:O	C:TYR:127:CA
0	vdw	C:LEU:165:O	C:TYR:127:C
0	vdw	C:ALA:128:N	C:LEU:165:O
0	vdw	C:ASN:126:O	C:PRO:166:CA
0	vdw	C:ASN:126:O	C:PRO:166:C
0	vdw	C:ILE:164:C	C:PRO:166:CD
0	vdw	C:ALA:128:C	C:LEU:165:O
0	vdw	C:ALA:128:O	C:LEU:165:O
0	vdw	C:ARG:163:CA	C:TYR:127:CG
0	vdw	C:ARG:163:CB	C:TYR:127:CG
0	vdw	C:ARG:163:CA	C:TYR:127:CD1
0	vdw	C:ARG:163:C	C:TYR:127:CD1
0	vdw	C:ARG:163:O	C:TYR:127:CD1
0	vdw	C:ARG:163:CB	C:TYR:127:CD1
0	vdw	C:ARG:163:N	C:HIS:161:C
0	vdw	C:ARG:163:N	C:HIS:161:O
0	vdw	C:ARG:163:CG	C:HIS:161:O
0	vdw	D:GLY:184:O	D:PHE:186:CD1
0	vdw	D:GLY:184:O	D:PHE:186:N
0	vdw	D:GLY:184:C	D:SER:159:CB
0	vdw	D:PHE:186:CE1	D:SER:182:CB
0	vdw	D:PHE:186:CZ	D:SER:182:CB
0	vdw	C:LEU:360:CD2	D:LEU:191:CD1
0	vdw	D:LEU:191:C	D:SER:193:N
0	vdw	D:LEU:191:O	D:SER:193:N
0	vdw	D:LEU:191:O	D:LEU:195:CD1
0	vdw	D:LEU:191:C	D:LEU:194:N
0	vdw	D:LEU:191:O	D:LEU:194:N
0	vdw	D:LEU:191:O	D:LEU:194:CA
0	vdw	D:LEU:191:O	D:LEU:195:N
0	vdw	D:LEU:191:O	D:LEU:194:CB
0	vdw	C:LYS:168:CA	C:LYS:171:CG
0	vdw	C:LYS:168:C	C:LYS:171:CG
0	vdw	C:LYS:168:O	C:LYS:171:CG
0	vdw	C:LYS:167:O	C:LYS:171:CG
0	vdw	C:LYS:168:N	C:PRO:166:C
0	vdw	C:LYS:168:N	C:PRO:166:O
0	vdw	C:ARG:163:CD	C:TYR:127:CD2
0	vdw	C:ASP:122:OD1	C:TYR:127:CE2
0	vdw	C:ARG:163:CD	C:TYR:127:CE2
0	vdw	C:ASP:122:OD1	C:TYR:127:CZ
0	vdw	C:ASP:122:OD1	C:TYR:127:OH
0	vdw	C:ILE:123:O	C:TYR:127:CD2
0	vdw	C:ASP:122:CG	C:TYR:127:CE2
0	vdw	C:ARG:163:CB	C:TYR:127:CD2
0	vdw	C:ARG:163:C	C:TYR:127:CE1
0	vdw	C:ARG:163:O	C:TYR:127:CE1
0	vdw	C:ARG:163:CB	C:TYR:127:CE1
0	vdw	C:ARG:163:CB	C:TYR:127:CE2
0	vdw	C:ARG:163:CB	C:TYR:127:CZ
0	vdw	C:ARG:163:CD	C:ASP:122:OD1
0	vdw	C:ARG:163:NE	D:LEU:158:CD1
0	vdw	C:ARG:163:CD	C:ASP:122:CG
0	vdw	C:ARG:163:CD	C:ASP:122:OD2
0	vdw	C:ARG:163:NE	C:ASP:122:OD2
0	vdw	D:ASP:185:O	D:LEU:158:CG
0	vdw	D:ASP:185:O	D:LEU:158:CD2
0	vdw	D:ASP:185:O	D:SER:159:CB
0	vdw	D:GLN:190:OE1	D:PHE:186:CA
0	vdw	D:GLN:190:OE1	D:PHE:186:CB
0	vdw	D:GLN:190:C	D:PHE:192:N
0	vdw	D:ASP:189:O	D:LEU:191:N
0	vdw	D:GLN:190:O	D:LEU:194:CB
0	vdw	D:GLN:190:O	D:LEU:194:N
0	vdw	D:GLN:190:O	D:LEU:194:CA
0	vdw	D:ASP:189:O	D:SER:193:N
0	vdw	D:ASP:189:O	D:SER:193:CB
0	vdw	D:ASP:189:O	D:SER:193:OG
0	vdw	D:LEU:194:N	D:PHE:192:C
0	vdw	D:GLU:196:N	D:PHE:192:O
0	vdw	D:GLU:196:CB	D:PHE:192:O
0	vdw	C:ASN:126:ND2	C:GLU:121:C
0	vdw	C:ASN:126:ND2	C:GLU:121:O
0	vdw	C:ASP:122:CB	D:LYS:140:CE
0	vdw	C:ASP:122:OD2	D:LEU:158:CD1
0	vdw	C:ASP:122:O	D:LYS:140:CD
0	vdw	D:LYS:140:O	D:SER:143:OG
0	vdw	D:ASP:141:O	D:SER:143:OG
0	vdw	D:ILE:139:O	D:SER:143:CA
0	vdw	D:ASP:141:C	D:SER:143:N
0	vdw	D:ASP:141:O	D:SER:143:N
0	vdw	J:ILE:532:O	J:THR:536:CB
0	vdw	J:LEU:533:O	J:THR:536:CA
0	vdw	J:LEU:533:C	J:THR:536:CB
0	vdw	J:LEU:533:O	J:THR:536:CB
0	vdw	J:ILE:532:O	J:THR:536:OG1
0	vdw	J:ILE:532:C	J:THR:536:OG1
0	vdw	J:LEU:533:CA	J:THR:536:OG1
0	vdw	J:GLY:531:C	J:LEU:533:N
0	vdw	J:ILE:532:N	J:LYS:528:O
0	vdw	J:ASP:530:C	J:ILE:532:N
0	vdw	J:ASP:530:O	J:ILE:532:N
0	vdw	J:ASP:530:C	J:LEU:533:N
0	vdw	J:ASP:530:O	J:LEU:533:N
0	vdw	J:ASP:530:N	J:LYS:528:C
0	vdw	J:ASP:530:N	J:LYS:528:O
0	vdw	J:LYS:528:CB	J:SER:525:CA
0	vdw	J:ASP:530:O	J:LEU:533:CA
0	vdw	J:ASP:530:O	J:LEU:533:C
0	vdw	J:ASP:530:O	J:LEU:533:CB
0	vdw	J:ASP:530:CA	J:THR:527:O
0	vdw	J:ASP:530:C	J:THR:527:O
0	vdw	J:GLY:531:N	J:THR:527:O
0	vdw	J:ALA:529:C	J:GLY:531:N
0	vdw	J:GLY:531:N	J:LYS:528:O
0	vdw	J:ASP:530:N	J:THR:527:C
0	vdw	J:ASP:530:N	J:THR:527:O
0	vdw	J:ASP:530:CB	J:THR:527:O
0	vdw	J:ALA:529:N	J:THR:527:C
0	vdw	J:ALA:529:N	J:THR:527:O
0	vdw	J:GLU:526:C	J:LYS:528:N
0	vdw	J:ASP:530:CG	J:GLU:526:O
0	vdw	J:ASP:530:OD1	J:GLU:526:O
0	vdw	J:GLU:526:O	J:LYS:528:N
0	vdw	E:ASN:195:ND2	E:HIS:242:CE1
0	vdw	E:ASN:195:ND2	E:HIS:242:NE2
0	vdw	E:ASN:195:CG	E:HIS:242:CE1
0	vdw	E:ASN:195:CG	E:HIS:242:NE2
0	vdw	E:ASN:195:OD1	E:HIS:242:CE1
0	vdw	E:ASN:195:OD1	E:HIS:242:NE2
0	vdw	E:GLY:247:N	E:LYS:245:C
0	vdw	E:ALA:249:N	E:LYS:245:O
0	vdw	E:ALA:249:CB	E:LYS:245:O
0	vdw	E:GLN:246:N	E:HIS:242:O
0	vdw	E:HIS:242:C	E:LEU:244:N
0	vdw	E:HIS:242:O	E:LYS:245:N
0	vdw	E:LEU:243:C	E:LYS:245:N
0	vdw	E:GLN:246:N	E:LEU:244:C
0	vdw	E:GLN:246:N	E:LEU:244:O
0	vdw	E:GLN:246:CB	E:HIS:242:O
0	vdw	E:GLN:246:N	E:LEU:243:O
0	vdw	E:LEU:243:N	E:LYS:240:O
0	vdw	E:LEU:243:CB	E:LYS:240:O
0	vdw	E:LEU:243:CD1	E:PHE:239:CB
0	vdw	F:ASN:126:OD1	I:LYS:42:NZ
0	vdw	E:LEU:244:O	E:LEU:248:N
0	vdw	E:LEU:244:O	E:LEU:248:CB
0	vdw	E:LEU:244:O	E:LEU:248:CG
0	vdw	E:PHE:239:CD1	F:ILE:210:O
0	vdw	E:PHE:239:CE1	F:ILE:210:O
0	vdw	E:SER:238:CA	F:ILE:210:O
0	vdw	E:SER:238:CB	F:ILE:210:O
0	vdw	E:PHE:239:N	F:ILE:210:O
0	vdw	F:GLY:212:N	F:ILE:210:C
0	vdw	E:ASN:211:CG	E:PHE:239:CD1
0	vdw	E:ASN:211:CG	E:PHE:239:CE1
0	vdw	E:ASN:211:OD1	E:PHE:239:CE1
0	vdw	E:SER:238:CB	F:VAL:211:CG1
0	vdw	F:ILE:120:O	F:SER:123:CB
0	vdw	E:VAL:236:O	F:SER:123:CB
0	vdw	F:VAL:124:O	F:VAL:188:CG2
0	vdw	F:ASN:126:C	F:SER:128:N
0	vdw	F:ARG:129:CB	F:ASN:126:O
0	vdw	F:ASN:126:O	F:TYR:130:CE2
0	vdw	F:ASN:126:O	F:SER:128:N
0	vdw	F:ARG:129:N	F:ASN:126:O
0	vdw	F:ASN:126:O	F:TYR:130:CD2
0	vdw	E:LEU:244:O	E:LEU:248:CD1
0	vdw	E:LEU:244:CD2	F:PHE:213:CD2
0	vdw	E:LEU:213:CD2	E:LEU:244:CD1
0	vdw	E:LEU:213:CD1	E:LEU:244:CD1
0	vdw	F:ILE:120:CG1	F:VAL:211:O
0	vdw	F:ILE:120:CA	F:VAL:211:O
0	vdw	F:ILE:120:O	F:SER:123:CA
0	vdw	F:ILE:120:O	F:VAL:124:N
0	vdw	F:ILE:120:O	F:SER:123:N
0	vdw	F:ASN:122:N	F:ILE:120:O
0	vdw	E:VAL:236:O	F:SER:123:CA
0	vdw	F:PHE:121:O	F:VAL:124:N
0	vdw	F:PHE:121:O	F:VAL:124:CA
0	vdw	F:PHE:121:O	F:VAL:124:C
0	vdw	F:PHE:121:O	F:VAL:125:N
0	vdw	F:SER:123:C	F:VAL:125:N
0	vdw	F:PHE:121:O	F:VAL:125:CA
0	vdw	F:PHE:121:O	F:VAL:125:CB
0	vdw	F:ASN:126:N	F:VAL:124:O
0	vdw	F:PHE:121:C	F:VAL:124:N
0	vdw	F:PHE:121:C	F:VAL:125:N
0	vdw	F:ASN:122:C	F:VAL:124:N
0	vdw	F:PHE:121:O	F:VAL:125:CG2
0	vdw	F:ILE:93:CD1	F:PHE:121:O
0	vdw	F:PHE:121:O	F:SER:123:N
0	vdw	F:LEU:127:CG	F:VAL:125:O
0	vdw	F:LEU:127:CD2	F:VAL:125:CG1
0	vdw	F:ILE:185:CG2	F:VAL:125:CG1
0	vdw	F:LEU:127:N	F:VAL:125:C
0	vdw	F:LEU:127:N	F:VAL:125:O
0	vdw	F:ILE:93:CD1	F:VAL:125:CB
0	vdw	F:ILE:185:CG2	F:TYR:130:CE2
0	vdw	F:PRO:80:CG	F:TYR:130:CE1
0	vdw	I:ALA:129:C	I:ASN:131:N
0	vdw	I:ALA:129:O	I:ASN:131:N
0	vdw	I:ASN:130:N	I:PHE:128:C
0	vdw	I:ASN:131:O	I:PHE:128:O
0	vdw	I:ASN:130:O	I:LEU:132:N
0	vdw	I:GLU:159:CA	I:PHE:188:CD1
0	vdw	I:GLU:159:CB	I:PHE:188:CD1
0	vdw	I:GLU:159:CB	I:PHE:188:CE1
0	vdw	I:GLU:159:CA	I:ILE:138:O
0	vdw	I:GLU:159:CB	I:ILE:138:O
0	vdw	I:GLU:159:CB	I:ILE:138:CB
0	vdw	I:ARG:231:NH2	I:GLU:159:CD
0	vdw	I:ARG:231:NH2	I:GLU:159:OE1
0	vdw	I:ARG:231:NH2	I:GLU:159:OE2
0	vdw	I:ARG:231:CZ	I:GLU:159:OE1
0	vdw	I:GLU:159:OE1	I:ILE:138:CG2
0	vdw	I:GLU:159:OE1	I:ILE:138:CB
0	vdw	E:LYS:221:CE	F:ASP:220:CB
0	vdw	E:LYS:221:CE	F:ASP:220:CG
0	vdw	E:LYS:221:CE	F:ASP:220:OD2
0	vdw	E:LYS:221:NZ	F:ASP:220:CB
0	vdw	E:LYS:221:NZ	F:ASP:220:CG
0	vdw	E:LYS:221:NZ	F:ASP:220:OD1
0	vdw	E:ILE:222:O	F:ASP:220:OD2
0	vdw	F:LYS:215:CB	F:PHE:213:CE1
0	vdw	E:ILE:226:CG2	F:PHE:213:CE1
0	vdw	F:PHE:116:CE1	F:PHE:213:C
0	vdw	F:PHE:116:CE1	F:PHE:213:O
0	vdw	E:ARG:227:CA	F:PHE:213:O
0	vdw	E:ARG:227:C	F:PHE:213:O
0	vdw	E:SER:228:N	F:PHE:213:O
0	vdw	E:SER:228:OG	F:PHE:213:CA
0	vdw	E:ILE:226:CG2	F:PHE:213:CD1
0	vdw	E:SER:228:CB	F:PHE:213:CB
0	vdw	F:PHE:116:CE1	F:PHE:213:N
0	vdw	F:GLY:212:C	F:PHE:116:CZ
0	vdw	F:PHE:116:CZ	F:PHE:213:N
0	vdw	F:ILE:120:CD1	F:PHE:116:CZ
0	vdw	E:SER:228:OG	F:GLY:212:CA
0	vdw	E:SER:228:OG	F:GLY:212:C
0	vdw	E:SER:228:OG	F:PHE:213:N
0	vdw	E:SER:228:CB	F:PHE:213:N
0	vdw	F:ILE:120:CG1	F:PHE:116:O
0	vdw	F:ILE:120:CD1	F:PHE:116:O
0	vdw	F:ILE:120:CA	F:LEU:117:O
0	vdw	F:ILE:120:CB	F:LEU:117:O
0	vdw	F:LEU:117:O	F:PHE:121:N
0	vdw	F:LEU:117:O	F:PHE:121:CD2
0	vdw	F:GLY:119:N	F:LEU:117:O
0	vdw	F:ILE:120:N	F:LEU:117:O
0	vdw	F:ASN:122:N	F:ILE:120:C
0	vdw	F:PHE:121:C	F:SER:123:N
0	vdw	F:ILE:93:CD1	F:VAL:125:CG2
0	vdw	F:ILE:185:CD1	F:PRO:80:CD
0	vdw	F:ILE:135:CD1	F:ILE:185:CG2
0	vdw	F:ILE:135:CD1	F:ILE:185:CD1
0	vdw	F:PRO:80:CG	F:TYR:130:CD1
0	vdw	I:SER:189:O	I:VAL:158:CG1
0	vdw	I:ALA:157:C	I:SER:189:O
0	vdw	I:SER:189:O	I:VAL:158:N
0	vdw	I:SER:189:O	I:SER:191:N
0	vdw	I:ALA:157:CA	I:SER:189:O
0	vdw	I:ALA:157:CB	I:SER:189:O
0	vdw	I:ILE:138:O	I:VAL:158:CA
0	vdw	I:ILE:138:O	I:VAL:158:C
0	vdw	I:GLU:159:N	I:ILE:138:O
0	vdw	I:ARG:231:NE	I:ILE:138:CG2
0	vdw	I:ALA:289:O	I:PRO:291:CD
0	vdw	F:ASP:217:O	F:LYS:215:CE
0	vdw	F:ASP:217:O	F:LYS:215:NZ
0	vdw	F:ASP:217:C	F:LYS:215:NZ
0	vdw	E:PRO:225:CA	F:LYS:215:O
0	vdw	E:PRO:225:C	F:LYS:215:O
0	vdw	E:ILE:226:N	F:LYS:215:O
0	vdw	E:ARG:227:NH2	F:LYS:215:C
0	vdw	E:ARG:227:NH2	F:LYS:215:O
0	vdw	E:ILE:226:CB	F:LYS:215:CB
0	vdw	E:ILE:226:O	F:LYS:215:N
0	vdw	E:ILE:226:O	F:LYS:215:CA
0	vdw	E:ILE:226:O	F:LYS:215:CB
0	vdw	E:ARG:227:CD	F:TRP:214:CD2
0	vdw	E:ARG:227:NE	F:TRP:214:CD2
0	vdw	F:ILE:169:CD1	F:TRP:214:CG
0	vdw	F:ILE:169:CD1	F:TRP:214:CD2
0	vdw	F:PHE:116:CG	F:TRP:214:CE3
0	vdw	F:PHE:116:CD1	F:TRP:214:CE3
0	vdw	F:PHE:116:CB	F:TRP:214:CE3
0	vdw	F:ILE:120:CD1	F:PHE:116:CE2
0	vdw	E:ARG:227:CD	F:TRP:214:CE3
0	vdw	E:ARG:227:NE	F:TRP:214:CE3
0	vdw	F:LEU:117:CG	F:VAL:113:O
0	vdw	F:ILE:95:CD1	F:LEU:117:CB
0	vdw	F:LEU:117:CB	F:SER:114:O
0	vdw	F:LEU:117:CA	F:VAL:113:O
0	vdw	F:LEU:117:CB	F:VAL:113:O
0	vdw	F:ILE:176:CD1	F:ILE:95:CD1
0	vdw	F:ILE:95:CD1	F:MET:118:CG
0	vdw	F:LEU:180:CD2	F:VAL:77:CG1
0	vdw	F:ILE:185:CG1	F:LEU:180:CD2
0	vdw	F:ILE:137:CD1	F:ILE:93:CG2
0	vdw	F:ILE:137:CD1	F:ILE:95:CG1
0	vdw	F:ASN:57:OD1	F:GLY:79:CA
0	vdw	F:ASN:57:OD1	F:GLY:79:C
0	vdw	F:ASN:57:CG	F:GLY:79:O
0	vdw	F:ASN:57:OD1	F:GLY:79:O
0	vdw	F:ARG:81:N	F:GLY:79:CA
0	vdw	I:LEU:156:O	I:SER:191:N
0	vdw	I:LEU:156:O	I:SER:191:CA
0	vdw	C:ILE:15:CG2	C:PHE:17:CE1
0	vdw	C:ILE:15:CG2	I:VAL:255:CG1
0	vdw	E:SER:224:OG	F:ASP:217:N
0	vdw	E:SER:224:OG	F:ASP:217:CA
0	vdw	E:SER:224:CB	F:ASP:217:N
0	vdw	E:ARG:227:NH1	F:ASP:216:CG
0	vdw	F:ILE:169:CD1	F:TRP:214:CE2
0	vdw	E:ARG:227:NH1	F:TRP:214:CE2
0	vdw	E:ARG:227:NE	F:TRP:214:CE2
0	vdw	E:ARG:227:CZ	F:TRP:214:CE2
0	vdw	F:GLU:109:O	F:VAL:113:CG2
0	vdw	F:LEU:97:CD1	F:VAL:113:CG1
0	vdw	F:LEU:117:CD1	F:LEU:97:CD2
0	vdw	F:ILE:176:CD1	F:VAL:139:CG2
0	vdw	F:ALA:76:O	F:ILE:137:CA
0	vdw	F:ALA:76:O	F:ILE:137:C
0	vdw	F:ASP:136:O	F:VAL:77:CA
0	vdw	F:ASP:136:O	F:TYR:78:N
0	vdw	F:ALA:76:O	F:PHE:138:N
0	vdw	F:ALA:76:O	F:PHE:138:CA
0	vdw	F:ALA:76:O	F:PHE:138:O
0	vdw	F:ILE:137:CA	F:SER:94:O
0	vdw	F:ILE:137:CB	F:SER:94:O
0	vdw	F:ASP:136:O	F:TYR:78:O
0	vdw	F:ILE:137:CB	F:ILE:95:CG1
0	vdw	F:ASN:57:OD1	F:TYR:78:C
0	vdw	F:ARG:81:NH2	F:TYR:78:CB
0	vdw	F:ARG:81:CZ	F:TYR:78:CB
0	vdw	F:ASN:57:CG	F:GLY:79:N
0	vdw	F:ASN:57:OD1	F:GLY:79:N
0	vdw	C:ARG:24:NH1	I:GLN:192:CA
0	vdw	I:GLN:192:N	I:VAL:190:C
0	vdw	I:GLN:192:N	I:VAL:190:O
0	vdw	C:ARG:24:NH1	I:ALA:193:N
0	vdw	C:ARG:24:NH1	I:ALA:193:O
0	vdw	C:ARG:24:CG	I:LEU:156:CB
0	vdw	C:ILE:25:CG1	C:VAL:21:O
0	vdw	C:ILE:25:CD1	C:PHE:17:CE2
0	vdw	C:ILE:25:CD1	C:PHE:17:CZ
0	vdw	C:ILE:25:N	C:VAL:21:O
0	vdw	C:ILE:25:CB	C:VAL:21:O
0	vdw	C:ILE:25:CD1	C:PHE:17:CE1
0	vdw	C:PHE:17:CZ	I:VAL:255:CG1
0	vdw	C:ILE:15:CG2	C:PHE:17:CZ
0	vdw	C:ILE:15:CB	I:VAL:255:CG1
0	vdw	C:ILE:15:CD1	I:VAL:255:CG1
0	vdw	C:ILE:15:CG1	I:VAL:255:CG1
0	vdw	C:ILE:12:CG2	I:THR:270:CG2
0	vdw	F:ILE:165:CB	F:TYR:105:CD1
0	vdw	F:ILE:165:CG1	F:TYR:105:CD1
0	vdw	F:ILE:165:CD1	F:TYR:105:CD1
0	vdw	F:GLU:109:CD	F:ILE:165:CG2
0	vdw	F:GLU:109:OE2	F:ILE:165:CG2
0	vdw	F:LEU:97:CD1	F:VAL:113:CB
0	vdw	F:LEU:97:CA	F:VAL:139:O
0	vdw	F:LEU:97:CD2	F:VAL:139:CB
0	vdw	F:LEU:97:CG	F:SER:114:OG
0	vdw	F:GLN:96:O	F:VAL:139:N
0	vdw	F:LEU:97:C	F:VAL:139:O
0	vdw	C:GLY:139:CA	F:TYR:78:CD1
0	vdw	C:GLY:139:CA	F:TYR:78:CE1
0	vdw	C:GLY:139:CA	F:TYR:78:CZ
0	vdw	F:ASN:55:OD1	F:TYR:78:CZ
0	vdw	C:GLY:139:N	F:TYR:78:CZ
0	vdw	F:PHE:138:CD1	F:TYR:78:CD1
0	vdw	C:ARG:138:C	F:TYR:78:CZ
0	vdw	F:ASN:55:O	F:TYR:78:CE2
0	vdw	F:ASN:55:OD1	F:TYR:78:CE2
0	vdw	C:ARG:138:C	F:TYR:78:CE2
0	vdw	C:ARG:138:O	F:TYR:78:CE2
0	vdw	C:GLY:139:CA	F:TYR:78:CD2
0	vdw	C:GLY:139:CA	F:TYR:78:CE2
0	vdw	C:ALA:23:C	C:ILE:25:N
0	vdw	C:ARG:24:C	C:SER:26:N
0	vdw	C:ARG:24:N	C:VAL:21:O
0	vdw	C:ILE:25:CG2	I:ILE:229:CD1
0	vdw	C:ILE:25:CG2	I:ILE:229:CG1
0	vdw	C:LEU:29:CD2	I:PHE:256:CE1
0	vdw	C:LEU:29:CD2	I:PHE:256:CZ
0	vdw	I:LEU:266:CG	I:PHE:256:CE1
0	vdw	I:LEU:266:CD2	I:PHE:256:CE1
0	vdw	C:ILE:12:CD1	I:TYR:268:CD2
0	vdw	C:ILE:12:CD1	I:TYR:268:CG
0	vdw	C:ILE:12:CG1	J:PHE:618:CE2
0	vdw	I:PRO:278:CG	I:TYR:268:CD1
0	vdw	I:PRO:278:CD	I:TYR:268:CD1
0	vdw	I:PRO:278:CB	J:PHE:618:CD2
0	vdw	I:PRO:278:CB	J:PHE:618:CE2
0	vdw	C:ILE:10:CG2	J:PHE:618:O
0	vdw	C:GLU:8:O	J:ILE:620:O
0	vdw	C:GLU:8:O	J:GLU:619:CA
0	vdw	C:GLU:8:O	J:GLU:619:C
0	vdw	C:GLU:8:O	J:ILE:620:N
0	vdw	C:GLU:8:N	J:ILE:620:O
0	vdw	C:GLU:8:CA	J:ILE:620:O
0	vdw	C:GLU:8:CB	J:ILE:620:O
0	vdw	C:GLU:8:CB	J:LYS:622:CG
0	vdw	J:ILE:620:O	J:LYS:622:N
0	vdw	C:THR:6:N	J:LYS:622:O
0	vdw	C:THR:6:O	J:LYS:622:N
0	vdw	F:LYS:98:N	F:VAL:139:O
0	vdw	F:LYS:98:CD	F:TYR:140:CD1
0	vdw	C:GLU:137:CG	F:TYR:140:CE1
0	vdw	C:GLU:137:CD	F:TYR:140:CE1
0	vdw	C:GLU:137:CG	F:TYR:140:CZ
0	vdw	C:GLU:137:CG	F:TYR:140:OH
0	vdw	C:GLU:137:CD	F:TYR:140:OH
0	vdw	C:GLU:137:OE1	F:TYR:140:CE1
0	vdw	C:GLU:137:OE1	F:TYR:140:OH
0	vdw	C:GLU:137:CB	F:TYR:140:OH
0	vdw	F:LYS:98:CD	F:TYR:140:CE1
0	vdw	F:ASN:55:OD1	F:TYR:78:OH
0	vdw	C:ARG:138:CA	F:ASN:55:OD1
0	vdw	C:PRO:27:CB	C:THR:341:OG1
0	vdw	C:LEU:29:CB	C:SER:26:CB
0	vdw	C:LEU:29:N	C:SER:26:OG
0	vdw	C:LEU:29:CB	C:SER:26:OG
0	vdw	C:GLU:28:N	C:SER:26:C
0	vdw	C:GLU:28:N	C:SER:26:OG
0	vdw	I:ARG:258:NH2	I:PHE:256:CZ
0	vdw	I:ARG:258:NH2	I:LEU:266:CD1
0	vdw	C:GLU:305:OE1	I:LEU:266:CB
0	vdw	C:GLU:305:CD	I:LEU:266:CB
0	vdw	C:GLU:305:OE2	I:LEU:266:CB
0	vdw	C:GLU:305:OE1	I:VAL:279:CG1
0	vdw	F:ASN:99:OD1	F:LEU:110:CD1
0	vdw	F:ASN:99:CB	F:GLU:103:OE1
0	vdw	C:GLU:137:CD	F:LYS:98:NZ
0	vdw	C:GLU:137:OE2	F:LYS:98:NZ
0	vdw	C:GLU:135:O	C:GLU:137:N
0	vdw	C:GLU:137:C	C:GLY:139:N
0	vdw	C:ARG:222:NH1	C:GLU:340:OE1
0	vdw	C:GLU:337:O	C:THR:341:OG1
0	vdw	C:GLU:337:O	C:GLU:340:N
0	vdw	C:GLU:337:O	C:THR:341:N
0	vdw	C:GLU:337:O	C:THR:341:CG2
0	vdw	C:GLU:337:O	C:THR:341:CB
0	vdw	C:ALA:338:O	C:SER:342:N
0	vdw	C:ALA:338:O	C:SER:342:OG
0	vdw	C:ALA:338:O	C:SER:342:CB
0	vdw	C:LEU:29:N	C:PRO:27:C
0	vdw	C:ASP:303:OD2	I:LEU:266:CD1
0	vdw	C:ASP:303:CG	C:GLU:305:CG
0	vdw	C:ASP:303:OD2	C:GLU:305:CG
0	vdw	C:ASP:303:OD2	C:GLU:305:OE2
0	vdw	C:GLU:305:OE2	I:LEU:266:CD1
0	vdw	I:ARG:258:NE	I:LEU:266:CD1
0	vdw	C:GLU:305:CD	I:VAL:279:CG1
0	vdw	C:ASP:303:OD1	C:GLU:305:CG
0	vdw	C:GLU:305:OE2	I:LEU:266:N
0	vdw	C:GLU:305:OE2	I:LEU:266:CA
0	vdw	I:SER:277:C	I:VAL:279:N
0	vdw	I:SER:277:O	I:VAL:279:N
0	vdw	F:LEU:102:C	F:LYS:104:N
0	vdw	F:LEU:102:O	F:LYS:104:N
0	vdw	C:LYS:216:NZ	F:GLU:103:CD
0	vdw	C:LYS:216:NZ	F:GLU:103:OE2
0	vdw	C:GLU:135:OE2	C:LYS:216:CD
0	vdw	C:GLU:135:N	C:ILE:217:O
0	vdw	C:GLU:148:CG	C:VAL:136:N
0	vdw	C:GLU:148:CD	C:VAL:136:N
0	vdw	C:GLU:148:OE2	C:VAL:136:N
0	vdw	C:ARG:222:CD	C:VAL:136:CG1
0	vdw	C:ARG:222:NE	C:GLU:147:OE2
0	vdw	C:ARG:222:CZ	C:GLU:147:OE2
0	vdw	C:ARG:222:NH2	C:GLU:147:OE2
0	vdw	C:ARG:222:CZ	C:GLU:340:OE2
0	vdw	C:ARG:222:NH2	C:GLU:340:CD
0	vdw	C:ARG:222:NH2	C:GLU:340:OE2
0	vdw	C:ARG:222:NE	C:GLU:147:CD
0	vdw	C:GLU:340:C	C:SER:342:N
0	vdw	C:ALA:338:O	C:GLU:340:N
0	vdw	C:ILE:343:N	C:THR:341:C
0	vdw	C:HIS:344:CD2	C:SER:342:O
0	vdw	C:LYS:216:CA	C:VAL:133:O
0	vdw	C:LYS:216:C	C:VAL:133:O
0	vdw	C:LYS:216:CG	C:VAL:133:O
0	vdw	C:ILE:217:N	C:VAL:133:O
0	vdw	C:ILE:217:O	C:VAL:134:CA
0	vdw	C:ILE:217:O	C:VAL:134:C
0	vdw	C:VAL:134:CG2	C:VAL:136:CG2
0	vdw	C:ILE:151:CD1	C:VAL:226:CG1
0	vdw	C:GLU:147:O	C:ILE:151:CD1
0	vdw	C:GLU:147:CG	C:ILE:151:CD1
0	vdw	C:ILE:343:C	C:SER:345:N
0	vdw	C:ILE:343:CG2	C:SER:345:O
0	vdw	C:HIS:344:N	C:SER:342:O
0	vdw	C:ALA:367:CB	C:GLU:301:OE1
0	vdw	C:GLU:301:CD	C:GLY:366:O
0	vdw	C:GLU:301:OE1	C:GLY:366:O
0	vdw	C:THR:92:OG1	C:TYR:214:C
0	vdw	C:THR:92:OG1	C:TYR:214:O
0	vdw	C:THR:92:OG1	C:TYR:214:CB
0	vdw	C:ALA:215:O	C:PRO:132:CA
0	vdw	C:ALA:215:O	C:VAL:133:CG2
0	vdw	C:ALA:215:O	C:PRO:132:C
0	vdw	C:ALA:215:O	C:VAL:133:N
0	vdw	C:ALA:215:N	C:TYR:131:O
0	vdw	C:ALA:215:O	C:TYR:131:O
0	vdw	C:ALA:215:O	C:VAL:133:CB
0	vdw	C:ALA:215:O	C:VAL:133:CA
0	vdw	C:ILE:151:CG2	C:LEU:155:CD1
0	vdw	C:ILE:151:CG2	C:VAL:134:CG1
0	vdw	C:SER:345:CA	C:VAL:363:O
0	vdw	C:SER:345:C	C:VAL:363:O
0	vdw	C:THR:346:N	C:VAL:363:O
0	vdw	C:ALA:367:N	C:SER:345:OG
0	vdw	C:GLY:365:N	C:SER:345:OG
0	vdw	C:GLY:366:N	C:SER:345:OG
0	vdw	C:GLY:364:CA	C:SER:345:OG
0	vdw	C:GLU:273:CD	C:ILE:275:CD1
0	vdw	C:GLU:273:OE2	C:ILE:275:CD1
0	vdw	F:ALA:19:N	F:PRO:17:O
0	vdw	C:GLY:93:C	F:MET:18:CG
0	vdw	C:GLY:93:O	F:MET:18:CG
0	vdw	C:GLY:93:C	C:TYR:214:CD2
0	vdw	C:GLY:93:O	C:TYR:214:CD2
0	vdw	C:GLY:93:CA	C:VAL:212:O
0	vdw	C:GLY:93:C	C:VAL:212:O
0	vdw	C:GLY:94:N	C:VAL:212:O
0	vdw	C:GLY:94:CA	C:VAL:212:CG1
0	vdw	C:GLY:94:CA	F:LYS:16:O
0	vdw	C:LEU:213:O	C:TYR:131:N
0	vdw	C:LEU:213:O	C:VAL:130:CA
0	vdw	C:LEU:213:O	C:VAL:130:CB
0	vdw	C:LEU:155:CB	C:PRO:132:CG
0	vdw	C:PRO:132:CG	C:SER:152:O
0	vdw	C:LEU:155:CD2	C:PHE:227:CE1
0	vdw	C:HIS:156:N	C:LYS:154:C
0	vdw	C:GLN:153:C	C:LEU:155:N
0	vdw	C:GLN:153:O	C:LEU:155:N
0	vdw	C:HIS:156:N	C:SER:152:O
0	vdw	C:GLN:153:C	C:HIS:156:N
0	vdw	C:GLN:153:O	C:HIS:156:N
0	vdw	C:ASP:157:N	C:LEU:155:C
0	vdw	C:ILE:151:O	C:LEU:155:N
0	vdw	C:ILE:151:O	C:LEU:155:CA
0	vdw	C:ILE:151:O	C:LEU:155:CB
0	vdw	C:ILE:151:O	C:LEU:155:CG
0	vdw	C:LYS:154:CG	C:PHE:227:CE1
0	vdw	C:LYS:154:CG	C:PHE:227:CZ
0	vdw	C:LYS:154:O	C:SER:158:N
0	vdw	C:LYS:154:O	C:SER:158:CB
0	vdw	C:LYS:154:O	C:SER:158:OG
0	vdw	C:ILE:151:O	C:LYS:154:C
0	vdw	C:THR:346:O	C:VAL:363:N
0	vdw	C:LEU:362:CA	C:THR:346:O
0	vdw	C:ALA:367:O	C:ILE:369:CD1
0	vdw	C:ILE:369:CG1	D:ASN:176:OD1
0	vdw	C:ALA:367:C	D:ASN:176:ND2
0	vdw	C:ALA:367:O	D:ASN:176:CG
0	vdw	C:ALA:367:O	D:ASN:176:ND2
0	vdw	C:LYS:368:CA	D:ASN:176:CG
0	vdw	C:LYS:368:CG	D:LYS:175:O
0	vdw	C:ILE:274:CG1	C:ILE:95:CD1
0	vdw	C:GLY:94:C	C:VAL:212:CG1
0	vdw	C:GLY:94:C	F:LYS:16:O
0	vdw	C:ILE:95:N	F:LYS:16:O
0	vdw	C:GLY:94:O	C:VAL:212:N
0	vdw	C:GLY:94:O	C:TYR:211:CA
0	vdw	C:GLY:94:O	C:VAL:212:CG1
0	vdw	C:PRO:132:CD	C:VAL:130:C
0	vdw	C:HIS:156:CD2	C:SER:129:OG
0	vdw	C:HIS:156:CD2	C:VAL:130:O
0	vdw	C:HIS:156:CA	C:SER:129:OG
0	vdw	C:HIS:156:O	C:SER:129:OG
0	vdw	C:PRO:132:CD	C:VAL:130:O
0	vdw	C:ILE:159:N	C:LEU:155:O
0	vdw	C:ASP:157:C	C:ILE:159:N
0	vdw	C:LEU:160:N	C:SER:158:C
0	vdw	C:HIS:161:N	C:SER:158:C
0	vdw	C:HIS:156:C	C:SER:158:N
0	vdw	C:GLN:359:CD	C:THR:361:OG1
0	vdw	C:GLN:359:OE1	C:THR:361:OG1
0	vdw	C:GLN:359:CD	D:SER:182:O
0	vdw	C:GLN:359:CD	D:ASN:183:OD1
0	vdw	C:GLN:359:NE2	D:SER:182:O
0	vdw	C:GLN:359:NE2	D:ASN:183:OD1
0	vdw	C:GLN:359:CD	C:LYS:154:NZ
0	vdw	C:GLN:359:OE1	C:LYS:154:NZ
0	vdw	C:GLN:359:NE2	D:ASN:183:CG
0	vdw	C:GLN:359:CD	C:LYS:154:CE
0	vdw	C:GLN:359:OE1	C:LYS:154:CE
0	vdw	C:LEU:360:O	D:SER:182:N
0	vdw	C:LEU:360:C	D:LEU:180:O
0	vdw	C:LEU:360:O	D:LEU:180:O
0	vdw	C:THR:361:CA	D:LEU:180:O
0	vdw	C:LEU:360:O	D:ASP:181:CA
0	vdw	C:LEU:360:O	D:ASP:181:C
0	vdw	C:LEU:360:O	D:LEU:180:C
0	vdw	C:THR:361:C	D:LEU:180:O
0	vdw	C:LEU:362:N	D:LEU:180:O
0	vdw	C:LEU:362:CB	D:LEU:180:CB
0	vdw	C:ILE:369:CB	D:VAL:177:CG1
0	vdw	C:ILE:369:CB	D:ASN:176:OD1
0	vdw	C:ILE:369:N	D:ASN:176:OD1
0	vdw	C:ILE:369:N	D:ASN:176:CG
0	vdw	C:LYS:368:CE	D:LYS:175:O
0	vdw	C:GLU:273:O	C:ILE:248:CD1
0	vdw	C:SER:210:CA	C:VAL:172:CG2
0	vdw	C:SER:210:C	C:VAL:172:CG2
0	vdw	C:TYR:211:N	C:VAL:172:CG2
0	vdw	C:TRP:209:C	C:VAL:172:CG2
0	vdw	C:SER:210:N	C:VAL:172:CG2
0	vdw	C:ILE:96:CG2	C:SER:210:O
0	vdw	C:ILE:96:N	C:SER:210:O
0	vdw	C:LEU:170:CD1	C:TYR:211:O
0	vdw	C:ALA:128:CB	C:LYS:167:CG
0	vdw	C:LEU:160:N	C:SER:129:CB
0	vdw	C:LEU:160:CA	C:SER:129:CB
0	vdw	C:ALA:128:C	C:LEU:160:CD1
0	vdw	C:LEU:160:CB	C:SER:129:CB
0	vdw	C:HIS:156:CD2	C:SER:129:CB
0	vdw	C:HIS:156:O	C:SER:129:CB
0	vdw	C:ASP:157:O	C:LEU:160:N
0	vdw	C:ASP:157:O	C:LEU:160:CA
0	vdw	C:ASP:157:O	C:LEU:160:C
0	vdw	C:ASP:157:O	C:HIS:161:N
0	vdw	C:LEU:160:N	C:SER:158:O
0	vdw	C:HIS:161:N	C:SER:158:O
0	vdw	C:HIS:161:N	C:ILE:159:C
0	vdw	C:ASP:157:O	C:HIS:161:CB
0	vdw	C:ASP:157:O	C:LEU:160:CB
0	vdw	C:ASP:157:O	C:HIS:161:CA
0	vdw	C:HIS:161:C	C:SER:158:O
0	vdw	C:ASP:157:O	C:HIS:161:CG
0	vdw	C:ASP:157:O	C:HIS:161:ND1
0	vdw	C:HIS:156:O	C:LEU:160:N
0	vdw	C:HIS:161:CB	D:ASN:183:CB
0	vdw	C:LEU:360:N	D:SER:182:O
0	vdw	D:SER:182:C	D:VAL:160:O
0	vdw	D:ASN:183:N	D:VAL:160:O
0	vdw	D:ASN:183:CA	D:VAL:160:O
0	vdw	D:ASN:183:CB	D:VAL:160:CG2
0	vdw	C:HIS:161:CG	D:ASN:183:CB
0	vdw	C:HIS:161:ND1	D:ASN:183:CB
0	vdw	C:LEU:360:CD2	D:SER:182:OG
0	vdw	D:HIS:161:ND1	D:SER:182:CB
0	vdw	D:HIS:161:CE1	D:SER:182:CB
0	vdw	D:HIS:161:ND1	D:SER:182:OG
0	vdw	D:HIS:161:CE1	D:SER:182:OG
0	vdw	D:SER:182:CA	D:VAL:160:O
0	vdw	C:LEU:360:CD2	D:LEU:180:CG
0	vdw	C:LEU:360:CD2	D:LEU:180:CD2
0	vdw	D:LEU:163:CD1	D:LEU:180:CD1
0	vdw	C:ILE:96:O	C:TRP:209:CA
0	vdw	C:ILE:96:O	C:SER:210:N
0	vdw	C:GLU:98:CG	C:SER:210:CB
0	vdw	C:ASN:126:O	C:LYS:167:CA
0	vdw	C:ASN:126:O	C:LYS:167:CB
0	vdw	C:ASN:126:O	C:LYS:167:N
0	vdw	C:ASN:126:O	C:LYS:167:CG
0	vdw	C:ALA:128:CA	C:LEU:160:CD1
0	vdw	C:ILE:124:O	C:TYR:127:O
0	vdw	C:LYS:167:NZ	C:TYR:127:C
0	vdw	C:LYS:167:NZ	C:TYR:127:O
0	vdw	C:LEU:160:CD1	C:TYR:127:O
0	vdw	C:HIS:161:O	D:GLY:184:CA
0	vdw	D:GLY:184:CA	D:LEU:158:O
0	vdw	D:GLY:184:CA	D:SER:159:CA
0	vdw	D:GLY:184:CA	D:SER:159:CB
0	vdw	D:ASN:183:O	D:SER:159:CA
0	vdw	D:ASN:183:O	D:SER:159:C
0	vdw	D:ASN:183:O	D:SER:159:CB
0	vdw	D:ASN:183:O	D:VAL:160:N
0	vdw	D:ASN:183:O	D:VAL:160:CA
0	vdw	D:ASN:183:O	D:VAL:160:O
0	vdw	D:ASN:183:O	D:VAL:160:CG2
0	vdw	D:HIS:161:CG	D:LEU:194:CD2
0	vdw	D:HIS:161:ND1	D:LEU:194:CD2
0	vdw	D:HIS:161:CB	D:LEU:194:CD2
0	vdw	C:ARG:163:NH2	C:ILE:123:O
0	vdw	C:ASN:126:N	C:ILE:124:C
0	vdw	C:ASN:126:N	C:ILE:124:O
0	vdw	C:ALA:125:C	C:TYR:127:N
0	vdw	C:ARG:163:NH2	C:ILE:123:C
0	vdw	C:ARG:163:CZ	D:LEU:158:O
0	vdw	C:ARG:163:NH2	C:ILE:124:N
0	vdw	C:ARG:163:NH2	C:ILE:124:CA
0	vdw	C:ALA:125:N	C:ILE:123:C
0	vdw	C:ARG:163:NH1	D:LEU:158:C
0	vdw	C:ARG:163:NH1	D:LEU:158:O
0	vdw	C:ARG:163:NH1	D:SER:157:O
0	vdw	C:ARG:163:NH1	D:LEU:158:CA
0	vdw	D:HIS:161:NE2	D:SER:159:OG
0	vdw	D:ILE:138:O	D:SER:159:N
0	vdw	D:ILE:138:CB	D:SER:159:OG
0	vdw	D:ILE:136:CD1	D:LEU:194:CG
0	vdw	D:ILE:136:CG2	D:LEU:194:CD1
0	vdw	D:ILE:145:CG2	D:LEU:194:CD1
0	vdw	D:LEU:195:N	D:SER:193:C
0	vdw	D:GLU:196:N	D:LEU:194:C
0	vdw	D:LEU:195:C	D:LEU:197:N
0	vdw	D:GLY:198:N	D:LEU:195:C
0	vdw	D:GLU:196:N	D:LEU:194:O
0	vdw	D:GLU:196:C	D:GLY:198:N
0	vdw	C:ASN:126:CG	C:ILE:123:CG1
0	vdw	C:ASN:126:CG	C:ILE:123:CD1
0	vdw	C:ASN:126:ND2	C:ILE:123:CG1
0	vdw	C:ASN:126:ND2	C:ILE:123:CD1
0	vdw	D:LEU:158:CB	D:LYS:140:CB
0	vdw	D:ILE:138:O	D:SER:157:C
0	vdw	D:ILE:138:O	D:LEU:158:N
0	vdw	D:ILE:138:O	D:LEU:158:CA
0	vdw	D:ILE:138:O	D:LEU:158:CB
0	vdw	D:LEU:158:CB	D:LYS:140:CA
0	vdw	D:LEU:158:CB	D:LYS:140:N
0	vdw	D:SER:157:C	D:SER:159:N
0	vdw	D:ASP:144:O	D:ILE:138:CA
0	vdw	D:ASP:141:N	D:ILE:139:C
0	vdw	D:ASP:141:N	D:ILE:139:O
0	vdw	D:ILE:139:O	D:SER:143:N
0	vdw	D:ASP:144:N	D:THR:142:OG1
0	vdw	D:ILE:139:CB	D:THR:142:OG1
0	vdw	D:ILE:139:CG1	D:THR:142:OG1
0	vdw	D:ILE:139:CD1	D:THR:142:OG1
0	vdw	D:ASP:144:N	D:THR:142:C
0	vdw	D:ASP:144:N	D:THR:142:O
0	vdw	D:ASP:144:C	D:ILE:146:CD1
0	vdw	D:ASP:144:O	D:ILE:146:CD1
0	vdw	D:ASP:144:CG	D:THR:142:O
0	vdw	J:ALA:529:O	J:ILE:532:CG2
0	vdw	J:LYS:528:CD	J:SER:525:N
0	vdw	J:LYS:528:CD	J:SER:525:CA
0	vdw	J:ALA:529:O	J:LEU:533:CG
0	vdw	J:ALA:529:N	J:SER:525:O
0	vdw	J:ALA:529:CB	J:SER:525:O
0	vdw	E:ASN:195:C	E:LEU:243:CD2
0	vdw	E:ASN:195:O	E:LEU:243:CD2
0	vdw	E:ASN:195:N	E:VAL:193:C
0	vdw	E:ASN:195:N	E:VAL:193:O
0	vdw	E:ASN:196:N	E:GLY:194:C
0	vdw	E:ALA:249:C	E:GLN:246:O
0	vdw	E:ALA:249:CB	E:GLN:246:O
0	vdw	E:ALA:249:C	E:GLU:252:N
0	vdw	E:ALA:249:C	E:VAL:251:N
0	vdw	E:GLN:246:C	E:LEU:248:N
0	vdw	E:GLN:246:O	E:LEU:248:N
0	vdw	E:ALA:249:N	E:GLN:246:O
0	vdw	E:GLN:246:O	E:MET:250:N
0	vdw	E:GLN:246:O	E:MET:250:CA
0	vdw	E:GLN:246:O	E:MET:250:CB
0	vdw	E:GLY:247:N	E:LEU:243:O
0	vdw	E:LEU:243:O	E:MET:197:SD
0	vdw	E:GLY:247:CA	E:LEU:243:O
0	vdw	E:MET:197:SD	E:VAL:192:CG2
0	vdw	E:LEU:243:CD1	E:VAL:192:CG1
0	vdw	E:GLU:252:CG	E:ILE:222:CD1
0	vdw	E:GLU:252:CD	E:ILE:222:CD1
0	vdw	E:GLU:252:CB	E:LEU:248:O
0	vdw	E:GLU:252:CB	E:ILE:222:CD1
0	vdw	E:GLU:252:OE1	E:ILE:222:CD1
0	vdw	E:ALA:249:CA	E:GLN:246:O
0	vdw	E:ALA:249:O	E:GLU:252:CB
0	vdw	E:ALA:249:N	E:GLY:247:C
0	vdw	E:LEU:248:O	E:VAL:251:N
0	vdw	E:LEU:248:O	E:VAL:251:CB
0	vdw	E:ALA:249:N	E:GLY:247:O
0	vdw	E:GLU:252:N	E:LEU:248:O
0	vdw	E:GLY:247:C	E:MET:250:N
0	vdw	E:LEU:248:C	E:MET:250:N
0	vdw	E:LEU:248:O	E:MET:250:N
0	vdw	E:GLY:247:CA	E:LEU:190:CD2
0	vdw	E:GLY:247:CA	E:MET:197:CE
0	vdw	E:LEU:213:CD1	E:MET:197:CE
0	vdw	E:ASN:211:CB	E:VAL:192:CB
0	vdw	E:ASN:210:O	E:LYS:237:O
0	vdw	E:ASN:211:ND2	E:VAL:236:CG1
0	vdw	E:VAL:236:C	F:SER:123:OG
0	vdw	E:VAL:236:O	F:SER:123:OG
0	vdw	E:ASN:235:C	E:LYS:237:N
0	vdw	E:ASN:210:O	E:VAL:236:C
0	vdw	E:ASN:210:O	E:LYS:237:N
0	vdw	E:ASN:235:O	E:LYS:237:N
0	vdw	F:ARG:129:N	F:LEU:127:C
0	vdw	F:ARG:129:N	F:LEU:127:O
0	vdw	F:LEU:127:O	F:TYR:130:N
0	vdw	F:SER:128:C	F:TYR:130:N
0	vdw	F:GLN:90:CA	F:LEU:127:O
0	vdw	F:GLY:91:N	F:LEU:127:O
0	vdw	F:GLN:90:CB	F:LEU:127:O
0	vdw	F:ARG:129:C	F:PRO:131:CD
0	vdw	F:ARG:129:O	F:PRO:131:CD
0	vdw	I:ASP:137:OD2	I:LYS:134:CB
0	vdw	I:ASP:137:CB	I:LYS:134:O
0	vdw	I:ASP:137:CG	I:LYS:134:O
0	vdw	I:ASP:137:OD2	I:LYS:134:C
0	vdw	I:ASP:137:OD2	I:LYS:134:O
0	vdw	I:ASP:137:OD2	I:LYS:134:N
0	vdw	I:ASP:137:OD2	I:LYS:134:CA
0	vdw	I:GLN:233:CG	I:GLY:136:C
0	vdw	I:GLN:233:CG	I:GLY:136:O
0	vdw	I:GLN:233:NE2	I:GLY:136:C
0	vdw	I:GLN:233:CD	I:GLY:136:O
0	vdw	I:GLN:233:NE2	I:GLY:136:O
0	vdw	I:ASP:137:N	I:LYS:134:O
0	vdw	I:ASP:137:N	I:GLU:135:C
0	vdw	I:ARG:249:NE	I:ASP:251:CG
0	vdw	I:ARG:249:NE	I:ASP:251:OD1
0	vdw	I:ARG:249:CZ	I:ASP:251:OD1
0	vdw	I:ARG:249:NH1	I:GLN:233:OE1
0	vdw	E:ILE:222:CG1	E:TRP:217:CZ3
0	vdw	E:ILE:222:CG2	E:LEU:248:CD2
0	vdw	E:ILE:226:CD1	E:LEU:248:CD2
0	vdw	E:ILE:215:CG2	E:LEU:248:CD2
0	vdw	E:ILE:215:CD1	E:LEU:248:CD2
0	vdw	E:VAL:236:CG1	F:SER:123:OG
0	vdw	E:ASN:210:O	E:VAL:236:CG1
0	vdw	E:ASP:233:O	F:LEU:127:CD1
0	vdw	F:GLN:90:CB	F:LEU:127:CB
0	vdw	I:LEU:132:C	I:LYS:134:N
0	vdw	I:LEU:132:O	I:LYS:134:N
0	vdw	I:ASP:137:O	I:GLN:233:CA
0	vdw	I:ASP:137:O	I:GLN:233:C
0	vdw	I:ASP:137:O	I:VAL:234:N
0	vdw	I:ALA:232:O	I:ILE:138:CA
0	vdw	I:ALA:232:O	I:ILE:138:C
0	vdw	I:ASP:137:O	I:VAL:234:CG1
0	vdw	I:ASP:137:O	I:GLN:233:CG
0	vdw	I:ARG:231:CG	I:ILE:138:CG2
0	vdw	I:ARG:231:CG	I:LEU:252:CD2
0	vdw	I:ARG:231:C	I:LEU:252:CD2
0	vdw	I:ARG:231:O	I:LEU:252:CD2
0	vdw	I:ALA:232:O	I:ILE:138:CG2
0	vdw	I:ARG:249:CG	I:ASP:251:OD1
0	vdw	I:ARG:249:CD	I:ASP:251:OD1
0	vdw	I:ARG:249:C	I:ASP:251:N
0	vdw	E:LYS:221:CA	E:SER:218:O
0	vdw	E:LYS:221:C	E:SER:218:O
0	vdw	E:LYS:221:C	E:TRP:217:CE3
0	vdw	E:LYS:221:C	E:TRP:217:CZ3
0	vdw	E:ILE:222:N	E:TRP:217:CE3
0	vdw	E:ILE:222:N	E:TRP:217:CZ3
0	vdw	E:ILE:222:CG2	E:ILE:226:CD1
0	vdw	E:ILE:215:CG2	E:ILE:222:CG2
0	vdw	E:ILE:214:O	E:ILE:226:CA
0	vdw	E:ILE:214:O	E:ILE:226:C
0	vdw	E:ILE:214:O	E:ILE:226:CG2
0	vdw	E:ARG:227:O	E:ILE:214:CA
0	vdw	E:ARG:227:N	E:ILE:214:O
0	vdw	E:ARG:227:O	E:ILE:214:O
0	vdw	E:ARG:227:O	E:LEU:213:CA
0	vdw	E:ARG:227:O	E:LEU:213:C
0	vdw	E:ARG:227:O	E:ILE:214:N
0	vdw	E:GLY:212:O	E:SER:228:CA
0	vdw	E:GLY:212:O	E:SER:228:C
0	vdw	F:GLY:119:CA	F:PHE:116:O
0	vdw	E:ALA:230:CB	F:GLY:119:CA
0	vdw	F:ILE:120:N	F:MET:118:C
0	vdw	F:ILE:120:N	F:MET:118:O
0	vdw	F:ASN:122:CG	F:MET:118:O
0	vdw	F:GLY:119:N	F:LEU:117:C
0	vdw	F:ILE:120:N	F:LEU:117:C
0	vdw	F:ASN:122:ND2	F:MET:118:O
0	vdw	F:ASN:122:N	F:MET:118:O
0	vdw	F:ASN:122:CB	F:MET:118:O
0	vdw	F:GLY:119:N	F:SER:115:O
0	vdw	F:ASN:122:OD1	F:ILE:93:CD1
0	vdw	F:ASN:122:OD1	F:ILE:93:CG1
0	vdw	I:ALA:157:O	I:VAL:139:CG2
0	vdw	I:ALA:157:O	I:VAL:139:CA
0	vdw	I:ALA:157:O	I:VAL:139:C
0	vdw	I:ALA:157:O	I:LEU:140:N
0	vdw	I:ILE:155:CG1	I:VAL:139:CG2
0	vdw	I:ILE:155:CG2	I:VAL:139:CG2
0	vdw	I:THR:141:CG2	I:VAL:139:CG2
0	vdw	I:ALA:232:N	I:VAL:139:O
0	vdw	I:ALA:232:O	I:VAL:139:N
0	vdw	I:ALA:232:O	I:VAL:139:O
0	vdw	I:ARG:231:CD	I:ASP:251:O
0	vdw	I:ARG:231:CB	I:LEU:140:CD2
0	vdw	I:ARG:231:CB	I:VAL:255:CG2
0	vdw	I:ALA:289:CB	I:ASP:251:C
0	vdw	I:ALA:289:CB	I:ASP:251:O
0	vdw	I:ASN:250:O	I:LEU:252:N
0	vdw	I:ASN:250:C	I:LEU:252:N
0	vdw	I:ALA:289:CA	I:ASN:250:O
0	vdw	I:ALA:289:C	I:ASN:250:O
0	vdw	I:ALA:289:CB	I:ASN:250:O
0	vdw	I:ASN:250:O	I:LYS:290:N
0	vdw	I:ALA:289:CB	I:LEU:252:C
0	vdw	E:SER:216:CB	E:THR:223:O
0	vdw	E:PRO:225:N	E:SER:216:OG
0	vdw	E:ILE:226:CG1	E:THR:223:O
0	vdw	E:ARG:227:NH2	E:PRO:225:CA
0	vdw	E:ARG:227:CZ	E:PRO:225:CB
0	vdw	E:ARG:227:NH2	E:PRO:225:CB
0	vdw	E:ARG:227:NH1	E:PRO:225:CB
0	vdw	E:ARG:227:NE	F:TRP:214:CZ2
0	vdw	E:ARG:227:CZ	F:TRP:214:CZ2
0	vdw	E:ARG:227:CD	F:TRP:214:CZ3
0	vdw	E:ARG:227:NE	F:TRP:214:CZ3
0	vdw	E:ARG:227:NE	F:TRP:214:CH2
0	vdw	E:ARG:227:NE	F:GLU:112:OE2
0	vdw	E:ARG:227:CZ	F:GLU:112:OE2
0	vdw	F:LEU:117:N	F:SER:115:C
0	vdw	F:PHE:116:N	F:SER:114:O
0	vdw	F:MET:118:N	F:PHE:116:C
0	vdw	F:MET:118:N	F:PHE:116:O
0	vdw	F:LEU:117:N	F:SER:114:O
0	vdw	F:GLU:112:O	F:PHE:116:N
0	vdw	F:PHE:116:N	F:VAL:113:C
0	vdw	F:PHE:116:N	F:VAL:113:O
0	vdw	F:PHE:116:CA	F:VAL:113:O
0	vdw	F:PHE:116:C	F:VAL:113:O
0	vdw	F:GLU:112:O	F:PHE:116:CB
0	vdw	F:PHE:116:CB	F:VAL:113:O
0	vdw	F:LEU:117:N	F:VAL:113:O
0	vdw	F:PHE:116:N	F:SER:114:C
0	vdw	F:LEU:117:N	F:SER:114:C
0	vdw	F:GLY:119:N	F:PHE:116:O
0	vdw	F:ILE:120:N	F:PHE:116:O
0	vdw	F:MET:118:N	F:SER:114:O
0	vdw	F:MET:118:CB	F:SER:114:O
0	vdw	F:MET:118:CG	F:SER:114:O
0	vdw	F:ILE:95:CG1	F:MET:118:CG
0	vdw	F:MET:118:CE	F:SER:114:O
0	vdw	F:ILE:95:CB	F:MET:118:CG
0	vdw	F:ILE:135:O	F:ILE:93:CA
0	vdw	F:ILE:135:O	F:THR:92:O
0	vdw	F:ILE:135:O	F:ILE:93:C
0	vdw	F:ILE:135:O	F:SER:94:N
0	vdw	F:GLY:134:O	F:PRO:80:CA
0	vdw	F:ARG:81:N	F:GLY:134:O
0	vdw	F:ASP:136:N	F:TYR:78:O
0	vdw	F:ILE:135:N	F:THR:92:O
0	vdw	I:LEU:156:O	I:SER:191:CB
0	vdw	I:LEU:156:O	I:SER:191:O
0	vdw	I:LEU:140:O	I:LEU:156:N
0	vdw	I:ALA:157:N	I:LEU:140:O
0	vdw	I:GLU:154:O	I:LEU:156:N
0	vdw	I:GLY:253:O	I:VAL:255:CG2
0	vdw	E:SER:107:C	E:VAL:109:N
0	vdw	E:LYS:101:O	E:SER:107:OG
0	vdw	E:ARG:227:NH1	F:ASP:216:OD2
0	vdw	E:LYS:101:CD	F:ASP:216:OD2
0	vdw	E:LYS:101:CE	F:ASP:216:OD2
0	vdw	E:ARG:227:NH1	F:TRP:214:CZ2
0	vdw	E:LYS:101:NZ	F:TRP:214:CZ2
0	vdw	E:ARG:227:NH1	F:GLU:112:OE2
0	vdw	F:GLU:112:CG	F:TRP:214:CH2
0	vdw	F:PHE:116:CB	F:TRP:214:CZ3
0	vdw	F:GLU:112:CD	F:TRP:214:CH2
0	vdw	F:GLU:112:OE2	F:TRP:214:CH2
0	vdw	F:GLU:112:C	F:SER:114:N
0	vdw	F:GLU:112:O	F:SER:114:N
0	vdw	F:LEU:110:O	F:SER:114:N
0	vdw	F:GLU:112:C	F:SER:115:N
0	vdw	F:GLU:112:O	F:SER:115:N
0	vdw	F:LYS:111:C	F:VAL:113:N
0	vdw	F:SER:115:N	F:VAL:113:C
0	vdw	F:SER:115:N	F:VAL:113:O
0	vdw	F:LYS:111:O	F:SER:114:N
0	vdw	F:GLU:112:O	F:SER:115:CA
0	vdw	F:GLU:112:O	F:SER:115:CB
0	vdw	F:ILE:95:O	F:SER:114:CB
0	vdw	F:LYS:111:O	F:SER:114:CB
0	vdw	F:MET:118:CE	F:SER:114:C
0	vdw	F:ILE:137:O	F:ILE:95:CA
0	vdw	F:ILE:137:O	F:ILE:95:C
0	vdw	F:GLN:96:N	F:ILE:137:O
0	vdw	F:ILE:137:O	F:SER:94:O
0	vdw	F:ILE:95:N	F:MET:118:SD
0	vdw	F:ASP:136:CA	F:SER:94:O
0	vdw	F:ASP:136:C	F:SER:94:O
0	vdw	F:ILE:137:N	F:SER:94:O
0	vdw	F:ASP:136:CA	F:SER:94:OG
0	vdw	F:ARG:81:NH2	F:ASP:136:CB
0	vdw	C:GLY:139:O	F:ARG:81:NH2
0	vdw	F:ARG:81:NH2	F:ASP:136:CG
0	vdw	F:ARG:81:NH2	F:ASP:136:OD2
0	vdw	F:ASP:136:CB	F:SER:94:OG
0	vdw	F:ARG:81:NE	F:ASP:136:OD2
0	vdw	F:ARG:81:CZ	F:ASP:136:OD2
0	vdw	I:ALA:193:N	I:SER:191:O
0	vdw	I:ALA:193:CB	I:THR:200:OG1
0	vdw	C:ARG:24:CD	I:LEU:156:CD2
0	vdw	I:LEU:140:O	I:LEU:156:CB
0	vdw	I:ILE:229:CG1	I:PHE:256:CD2
0	vdw	I:ILE:229:CB	I:PHE:256:O
0	vdw	I:ILE:229:CG1	I:PHE:256:O
0	vdw	I:ILE:229:CG1	I:PHE:256:CB
0	vdw	I:ILE:229:CG2	I:THR:141:O
0	vdw	I:ILE:229:O	I:VAL:255:N
0	vdw	I:GLY:253:C	I:VAL:255:N
0	vdw	I:GLY:253:O	I:VAL:255:N
0	vdw	I:ALA:269:CB	I:CYS:288:SG
0	vdw	I:ALA:269:CB	I:CYS:288:CB
0	vdw	I:THR:270:CG2	I:THR:276:OG1
0	vdw	I:MET:274:CE	I:THR:270:OG1
0	vdw	I:MET:274:O	I:THR:270:OG1
0	vdw	J:LYS:622:O	J:VAL:625:CG2
0	vdw	J:PRO:623:C	J:VAL:625:N
0	vdw	E:GLY:106:CA	E:LYS:104:NZ
0	vdw	E:GLY:106:C	E:LYS:104:NZ
0	vdw	E:GLY:106:O	E:LYS:104:NZ
0	vdw	E:LYS:104:CE	E:SER:107:CB
0	vdw	E:LYS:104:O	E:SER:107:N
0	vdw	E:LYS:104:CB	E:SER:107:CB
0	vdw	E:SER:105:C	E:SER:107:N
0	vdw	E:LYS:101:O	E:SER:107:CB
0	vdw	E:ARG:227:NH1	E:LYS:101:CD
0	vdw	E:LYS:101:CE	F:GLU:109:OE2
0	vdw	E:LYS:101:NZ	F:GLU:109:OE2
0	vdw	E:LYS:101:CE	F:GLU:112:OE1
0	vdw	E:LYS:101:NZ	F:GLU:112:CD
0	vdw	E:LYS:101:NZ	F:GLU:112:OE1
0	vdw	F:ASN:106:O	F:GLU:109:CA
0	vdw	F:ASN:106:O	F:GLU:109:CB
0	vdw	F:GLU:109:C	F:LYS:111:N
0	vdw	F:GLU:109:O	F:LYS:111:N
0	vdw	F:GLU:109:O	F:VAL:113:N
0	vdw	E:SER:97:OG	F:GLU:109:CA
0	vdw	F:GLU:109:O	F:GLU:112:CA
0	vdw	F:GLU:109:O	F:GLU:112:CB
0	vdw	F:GLU:109:C	F:GLU:112:N
0	vdw	F:GLU:109:O	F:GLU:112:N
0	vdw	F:LEU:110:O	F:SER:114:OG
0	vdw	F:LEU:110:N	F:THR:107:O
0	vdw	F:LEU:110:O	F:SER:114:CB
0	vdw	F:ASN:108:C	F:LEU:110:N
0	vdw	F:GLU:112:N	F:LEU:110:C
0	vdw	F:GLU:112:N	F:LEU:110:O
0	vdw	F:LEU:97:N	F:SER:114:OG
0	vdw	F:ILE:95:O	F:SER:114:OG
0	vdw	C:GLY:139:CA	F:PHE:138:CE1
0	vdw	C:GLY:139:C	F:PHE:138:CE1
0	vdw	C:GLY:139:O	F:PHE:138:CE1
0	vdw	C:GLY:139:C	F:PHE:138:CZ
0	vdw	C:GLY:139:O	F:PHE:138:CZ
0	vdw	C:VAL:141:CG1	F:PHE:138:CE2
0	vdw	C:VAL:141:CG1	F:PHE:138:CZ
0	vdw	C:ARG:24:NH2	I:ALA:193:O
0	vdw	I:ALA:193:O	I:SER:195:N
0	vdw	I:ARG:258:NH1	I:PHE:256:CE2
0	vdw	I:ILE:229:N	I:PHE:256:O
0	vdw	I:ILE:229:CA	I:PHE:256:O
0	vdw	I:MET:267:C	I:THR:276:O
0	vdw	I:THR:276:O	I:TYR:268:N
0	vdw	I:THR:276:O	I:TYR:268:CA
0	vdw	I:THR:276:O	I:TYR:268:O
0	vdw	I:THR:276:N	I:TYR:268:O
0	vdw	I:ALA:282:O	I:THR:276:C
0	vdw	I:MET:275:CG	I:TYR:268:O
0	vdw	J:LYS:622:CB	J:VAL:625:CG2
0	vdw	J:LEU:624:N	J:LYS:622:C
0	vdw	J:LEU:624:N	J:LYS:622:O
0	vdw	E:SER:105:O	E:VAL:109:O
0	vdw	E:GLY:106:N	E:LYS:104:NZ
0	vdw	E:GLY:106:N	E:LYS:104:C
0	vdw	E:GLY:106:N	E:LYS:104:O
0	vdw	F:ASN:106:O	F:LEU:110:CG
0	vdw	F:ASN:106:C	F:ASN:108:N
0	vdw	F:ASN:106:C	F:GLU:109:N
0	vdw	F:ASN:106:O	F:ASN:108:N
0	vdw	F:ASN:106:O	F:GLU:109:N
0	vdw	F:ASN:106:O	F:LEU:110:N
0	vdw	F:LEU:110:CB	F:THR:107:O
0	vdw	C:GLU:137:OE1	F:LYS:98:NZ
0	vdw	C:ARG:138:C	C:ARG:140:N
0	vdw	C:ARG:138:N	C:VAL:136:O
0	vdw	I:ARG:258:CZ	I:PHE:256:CZ
0	vdw	I:ARG:258:NH1	I:PHE:256:CZ
0	vdw	I:ALA:257:O	I:MET:267:N
0	vdw	I:ALA:257:O	I:MET:267:CB
0	vdw	I:LEU:266:O	I:SER:277:CB
0	vdw	I:LEU:266:O	I:VAL:279:CG2
0	vdw	I:MET:267:CA	I:THR:276:O
0	vdw	I:MET:267:CB	I:THR:276:O
0	vdw	I:MET:267:CB	I:MET:275:CG
0	vdw	I:MET:267:CB	I:MET:275:SD
0	vdw	I:ALA:282:O	I:SER:277:N
0	vdw	I:ALA:282:O	I:SER:277:CA
0	vdw	I:ALA:282:O	I:SER:277:CB
0	vdw	I:MET:267:CG	I:SER:277:CB
0	vdw	I:GLY:281:N	I:SER:277:O
0	vdw	I:GLY:281:CA	I:SER:277:O
0	vdw	J:GLU:621:C	J:PRO:623:CD
0	vdw	J:GLU:621:O	J:PRO:623:CD
0	vdw	F:ASN:99:ND2	F:TYR:105:O
0	vdw	F:ASN:99:ND2	F:GLU:103:OE1
0	vdw	C:GLU:148:OE2	C:VAL:136:O
0	vdw	I:ALA:259:N	I:GLY:265:O
0	vdw	I:ARG:258:CA	I:GLY:265:O
0	vdw	I:ARG:258:C	I:GLY:265:O
0	vdw	I:ARG:258:CB	I:GLY:265:O
0	vdw	I:GLY:281:N	I:VAL:279:C
0	vdw	G:GLN:32:OE1	I:THR:280:CA
0	vdw	I:ALA:282:N	I:THR:280:C
0	vdw	G:GLN:32:OE1	I:THR:280:C
0	vdw	C:CYS:144:CA	C:GLU:148:OE1
0	vdw	C:CYS:144:CB	C:GLU:148:OE1
0	vdw	C:GLU:148:CG	C:THR:145:CG2
0	vdw	C:GLU:148:CD	C:THR:145:CG2
0	vdw	C:GLU:148:OE2	C:THR:145:CG2
0	vdw	C:GLU:147:CB	C:THR:145:CG2
0	vdw	C:HIS:344:CE1	C:THR:341:O
0	vdw	G:GLN:32:OE1	I:THR:280:CB
0	vdw	E:HIS:70:CE1	E:LYS:118:NZ
0	vdw	E:HIS:70:NE2	E:LYS:118:NZ
0	vdw	E:ASP:68:OD1	E:HIS:70:CB
0	vdw	E:ASP:68:OD1	E:HIS:70:CD2
0	vdw	E:GLU:72:N	E:HIS:70:C
0	vdw	C:GLU:148:CB	C:VAL:134:O
0	vdw	C:SER:152:OG	C:VAL:134:N
0	vdw	C:GLU:148:CG	C:VAL:134:O
0	vdw	C:GLU:148:CA	C:VAL:134:CG1
0	vdw	C:GLU:148:O	C:VAL:134:CG1
0	vdw	C:SER:152:N	C:VAL:134:CG1
0	vdw	C:GLU:148:O	C:SER:152:N
0	vdw	C:GLU:148:O	C:SER:152:CB
0	vdw	C:ILE:151:CB	C:VAL:134:CG1
0	vdw	C:GLU:148:C	C:THR:150:N
0	vdw	C:GLU:147:O	C:ILE:151:CG1
0	vdw	C:GLU:147:CA	C:THR:150:OG1
0	vdw	C:GLU:147:C	C:THR:150:OG1
0	vdw	C:GLU:147:O	C:THR:150:OG1
0	vdw	C:GLU:147:O	C:ILE:151:N
0	vdw	C:GLU:147:O	C:ILE:151:CB
0	vdw	C:GLU:148:N	C:THR:145:O
0	vdw	C:ASP:146:C	C:GLU:148:N
0	vdw	C:GLU:147:O	C:THR:150:N
0	vdw	C:GLU:147:C	C:MET:149:N
0	vdw	C:GLU:147:O	C:MET:149:N
0	vdw	C:GLU:148:N	C:THR:145:CG2
0	vdw	C:GLY:365:C	C:HIS:344:CB
0	vdw	C:GLY:366:N	C:HIS:344:CB
0	vdw	G:ASN:30:O	G:GLN:32:N
0	vdw	G:ASN:30:O	G:GLN:32:CG
0	vdw	C:PRO:132:O	C:SER:152:OG
0	vdw	C:PRO:132:O	C:SER:152:CB
0	vdw	C:SER:152:OG	C:VAL:134:CG1
0	vdw	C:GLU:148:O	C:SER:152:OG
0	vdw	C:SER:152:N	C:THR:150:C
0	vdw	C:SER:152:N	C:THR:150:O
0	vdw	C:GLN:153:N	C:ILE:151:C
0	vdw	C:GLN:153:N	C:ILE:151:O
0	vdw	C:MET:149:O	C:SER:152:N
0	vdw	C:ILE:151:C	C:LYS:154:N
0	vdw	C:ILE:151:O	C:LYS:154:N
0	vdw	C:ILE:151:O	C:LYS:154:CA
0	vdw	C:ILE:151:O	C:LYS:154:CB
0	vdw	C:LYS:154:N	C:THR:150:O
0	vdw	C:LYS:154:CA	C:THR:150:O
0	vdw	C:LYS:154:CB	C:THR:150:O
0	vdw	C:ILE:151:N	C:MET:149:C
0	vdw	C:ILE:151:N	C:MET:149:O
0	vdw	C:ASP:146:O	C:THR:150:OG1
0	vdw	C:GLN:153:CB	C:THR:150:O
0	vdw	C:GLY:365:N	C:HIS:344:C
0	vdw	C:GLY:365:N	C:HIS:344:O
0	vdw	C:GLY:365:CA	C:HIS:344:O
0	vdw	C:HIS:344:O	C:VAL:363:O
0	vdw	C:TYR:214:CE2	C:VAL:212:CG1
0	vdw	C:TYR:214:CE2	C:VAL:212:CG2
0	vdw	C:TYR:214:CZ	C:VAL:212:CG2
0	vdw	C:TYR:214:CE1	F:LEU:10:O
0	vdw	C:TYR:131:CG	F:GLY:11:CA
0	vdw	C:TYR:131:CB	F:LEU:9:O
0	vdw	C:PRO:132:CD	C:SER:152:O
0	vdw	C:LYS:154:N	C:SER:152:C
0	vdw	C:GLN:153:O	C:HIS:156:CA
0	vdw	C:GLN:153:O	C:HIS:156:C
0	vdw	C:ASP:157:N	C:GLN:153:O
0	vdw	C:ASP:157:CA	C:GLN:153:O
0	vdw	C:ASP:157:OD1	C:GLN:153:O
0	vdw	C:ASP:157:CB	C:GLN:153:O
0	vdw	C:ASP:157:CG	C:GLN:153:O
0	vdw	C:GLN:153:N	C:THR:150:O
0	vdw	C:GLN:153:CA	C:THR:150:O
0	vdw	C:GLN:153:C	C:THR:150:O
0	vdw	C:SER:152:O	F:LEU:9:CD1
0	vdw	C:GLN:153:N	C:MET:149:O
0	vdw	C:VAL:363:CB	D:LEU:178:O
0	vdw	C:VAL:363:CG2	D:LEU:178:O
0	vdw	C:VAL:363:CG2	D:LEU:179:CD1
0	vdw	C:VAL:363:CA	D:LEU:178:O
0	vdw	C:VAL:363:CG1	D:LEU:178:O
0	vdw	C:GLY:364:N	D:VAL:177:O
0	vdw	C:VAL:363:CG1	D:ALA:72:CB
0	vdw	C:GLY:364:CA	D:ASN:176:ND2
0	vdw	C:GLY:364:C	D:ASN:176:ND2
0	vdw	C:ILE:95:O	F:LYS:16:CG
0	vdw	C:ILE:95:O	F:LYS:16:N
0	vdw	C:TYR:131:CE2	C:VAL:212:CG2
0	vdw	C:TYR:131:CE2	F:PRO:12:CD
0	vdw	C:TYR:131:CZ	F:PRO:12:CD
0	vdw	C:TYR:131:CD1	F:GLY:11:CA
0	vdw	C:TYR:131:CE1	F:GLY:11:CA
0	vdw	C:HIS:156:CB	C:SER:152:O
0	vdw	C:GLN:153:O	C:HIS:156:CB
0	vdw	C:HIS:156:O	C:LEU:160:CB
0	vdw	C:ASP:157:OD1	C:GLN:153:NE2
0	vdw	C:ASP:157:OD1	C:GLN:153:CG
0	vdw	C:ASP:157:OD1	C:GLN:153:CD
0	vdw	C:LYS:154:NZ	D:LYS:69:NZ
0	vdw	C:LYS:154:NZ	D:LYS:69:CE
0	vdw	D:ASP:181:CG	D:LEU:179:CD1
0	vdw	D:ASP:181:OD1	D:LEU:179:CD1
0	vdw	C:LEU:362:O	D:LEU:179:C
0	vdw	C:LEU:362:O	D:LEU:180:N
0	vdw	C:LEU:362:O	D:LEU:179:CA
0	vdw	C:LEU:362:O	D:LEU:180:CA
0	vdw	C:LEU:362:O	D:LEU:180:CB
0	vdw	D:ASN:176:O	D:LEU:178:N
0	vdw	D:LEU:165:CD2	D:VAL:177:CA
0	vdw	D:LEU:165:CD2	D:VAL:177:CB
0	vdw	D:ASN:176:O	D:GLU:166:N
0	vdw	D:ASN:176:O	D:GLU:166:CA
0	vdw	D:ASN:176:O	D:GLU:166:CB
0	vdw	D:LEU:179:N	D:VAL:177:C
0	vdw	D:ALA:164:O	D:LEU:178:N
0	vdw	D:ASN:176:N	D:VAL:174:C
0	vdw	C:GLU:97:CG	C:TRP:209:CD1
0	vdw	C:GLU:97:CG	C:TRP:209:NE1
0	vdw	C:GLU:97:CA	C:TRP:209:CD1
0	vdw	C:GLU:98:N	C:ILE:96:O
0	vdw	C:ILE:96:CB	F:ALA:15:CB
0	vdw	C:HIS:161:ND1	D:ASN:183:CG
0	vdw	C:HIS:161:CE1	D:GLU:103:O
0	vdw	D:ASN:183:ND2	D:LEU:106:CD2
0	vdw	D:LEU:106:CD2	D:VAL:160:C
0	vdw	D:LEU:106:CD2	D:VAL:160:CG2
0	vdw	D:ASN:183:ND2	D:LEU:106:CD1
0	vdw	D:HIS:161:CA	D:LEU:106:CD2
0	vdw	D:HIS:161:C	D:LEU:106:CD2
0	vdw	D:LEU:106:CD2	D:THR:162:OG1
0	vdw	D:ASP:181:O	D:THR:162:O
0	vdw	D:ASP:181:O	D:HIS:161:CA
0	vdw	D:ASP:181:O	D:HIS:161:C
0	vdw	D:ASP:181:O	D:HIS:161:CB
0	vdw	D:ASP:181:O	D:THR:162:N
0	vdw	D:ASP:181:CB	D:THR:162:CB
0	vdw	D:ASP:181:O	D:THR:162:CA
0	vdw	D:LEU:180:CA	D:THR:162:O
0	vdw	D:LEU:180:C	D:THR:162:O
0	vdw	D:ASP:181:N	D:THR:162:O
0	vdw	D:LEU:163:CD1	D:LEU:165:CD2
0	vdw	D:LEU:163:C	D:LEU:179:O
0	vdw	D:ALA:164:N	D:LEU:179:O
0	vdw	D:ALA:164:CA	D:LEU:179:O
0	vdw	D:ALA:164:O	D:LEU:179:O
0	vdw	D:LEU:163:CA	D:LEU:179:O
0	vdw	D:GLU:199:OE2	D:VAL:174:CG2
0	vdw	D:GLU:166:O	D:VAL:174:C
0	vdw	C:ALA:125:O	C:LYS:167:CD
0	vdw	C:ALA:125:O	C:LYS:167:CE
0	vdw	C:ALA:125:O	C:LYS:167:NZ
0	vdw	C:ILE:124:CG1	D:GLU:103:OE2
0	vdw	C:LEU:160:CD2	D:GLU:103:OE2
0	vdw	C:HIS:161:CD2	C:ILE:124:CD1
0	vdw	C:ILE:124:CG1	D:PHE:104:CZ
0	vdw	C:HIS:161:NE2	D:GLU:103:O
0	vdw	D:ILE:136:O	D:VAL:160:CA
0	vdw	D:ILE:136:O	D:VAL:160:C
0	vdw	D:HIS:161:N	D:ILE:136:O
0	vdw	D:HIS:161:CA	D:ILE:136:O
0	vdw	D:HIS:161:C	D:ILE:136:O
0	vdw	D:HIS:161:CB	D:ILE:136:O
0	vdw	D:HIS:161:CB	D:ILE:136:CB
0	vdw	D:CYS:202:SG	D:LEU:163:CD2
0	vdw	D:GLU:199:CB	D:LEU:195:O
0	vdw	C:ILE:124:CG2	D:LYS:155:O
0	vdw	C:ILE:124:CB	D:PHE:104:CZ
0	vdw	C:ILE:124:CG2	D:PHE:104:CZ
0	vdw	D:PHE:104:CE1	D:VAL:160:CG1
0	vdw	D:LEU:154:O	D:SER:157:OG
0	vdw	D:LEU:154:CA	D:SER:157:OG
0	vdw	D:LEU:154:C	D:SER:157:OG
0	vdw	D:ALA:137:CA	D:SER:159:O
0	vdw	D:ALA:137:CB	D:LEU:154:CD2
0	vdw	D:ALA:137:C	D:SER:159:O
0	vdw	D:ILE:138:N	D:SER:159:O
0	vdw	D:ALA:137:CB	D:PRO:149:CG
0	vdw	D:PHE:104:CD1	D:VAL:160:CG1
0	vdw	D:HIS:161:O	D:ILE:136:O
0	vdw	D:ALA:137:N	D:ILE:146:O
0	vdw	D:ILE:136:CG2	D:ILE:145:CG2
0	vdw	D:ILE:136:CG2	D:ILE:146:O
0	vdw	D:GLY:198:N	D:LEU:194:O
0	vdw	D:GLY:198:CA	D:LEU:194:O
0	vdw	D:GLY:198:N	D:LEU:195:O
0	vdw	D:LEU:194:O	D:LEU:197:N
0	vdw	D:GLU:199:N	D:LEU:195:O
0	vdw	D:GLU:199:CA	D:LEU:195:O
0	vdw	D:GLU:199:N	D:LEU:197:C
0	vdw	D:GLN:200:N	D:GLY:198:C
0	vdw	D:LEU:195:O	D:LEU:197:N
0	vdw	D:GLN:200:N	D:LEU:197:O
0	vdw	D:GLY:198:C	D:LYS:201:N
0	vdw	D:GLN:200:N	D:GLY:198:O
0	vdw	D:GLU:199:CA	D:LEU:165:CD1
0	vdw	D:LYS:155:C	D:SER:157:N
0	vdw	D:ILE:156:N	D:LEU:154:O
0	vdw	D:LEU:154:O	D:SER:157:N
0	vdw	D:LEU:154:O	D:SER:157:CA
0	vdw	D:LEU:154:O	D:SER:157:CB
0	vdw	D:ILE:156:N	D:LEU:154:C
0	vdw	D:LEU:154:C	D:SER:157:N
0	vdw	D:GLN:153:O	D:SER:157:N
0	vdw	D:LEU:154:O	D:PHE:104:CE2
0	vdw	D:LEU:154:O	D:PHE:104:CZ
0	vdw	D:GLN:153:O	D:SER:157:CB
0	vdw	D:LEU:154:CA	D:SER:157:CB
0	vdw	D:LEU:154:C	D:SER:157:CB
0	vdw	D:ALA:137:O	D:ILE:146:N
0	vdw	D:ILE:145:CG2	D:LEU:197:CD2
0	vdw	D:LEU:197:CG	D:VAL:147:CG2
0	vdw	D:LEU:197:CD2	D:VAL:147:CG2
0	vdw	D:GLN:200:CB	D:LEU:197:O
0	vdw	D:LEU:197:O	D:LYS:201:CB
0	vdw	D:LEU:197:O	D:LYS:201:CG
0	vdw	D:LEU:197:O	D:LYS:201:N
0	vdw	D:ILE:139:CG1	D:ILE:146:CD1
0	vdw	D:ILE:139:CD1	D:ILE:146:CD1
0	vdw	D:ILE:145:O	D:LEU:197:CD2
0	vdw	E:SER:20:N	E:THR:18:C
0	vdw	E:SER:20:N	E:THR:18:O
0	vdw	E:PRO:19:N	E:SER:17:C
0	vdw	E:PRO:19:CD	E:SER:17:C
0	vdw	E:ALA:16:O	E:ASN:196:OD1
0	vdw	E:ASN:196:OD1	E:SER:17:O
0	vdw	E:ALA:16:CA	E:TYR:12:O
0	vdw	E:ALA:16:CB	E:TYR:12:O
0	vdw	E:ASN:196:N	E:VAL:193:O
0	vdw	E:ASN:196:O	E:VAL:193:O
0	vdw	E:ASN:196:O	E:VAL:193:N
0	vdw	E:ASN:210:OD1	E:GLY:194:N
0	vdw	E:ASN:210:OD1	E:GLY:194:CA
0	vdw	E:ASN:210:CG	E:TYR:12:CE1
0	vdw	E:ASN:210:OD1	E:TYR:12:CE1
0	vdw	E:ASN:210:OD1	E:TYR:12:CZ
0	vdw	E:ASN:210:CG	E:TYR:12:OH
0	vdw	E:ASN:210:OD1	E:TYR:12:OH
0	vdw	E:ASN:210:ND2	E:TYR:12:CE1
0	vdw	E:ASN:235:ND2	E:TYR:12:CE1
0	vdw	E:ASN:210:ND2	E:TYR:12:OH
0	vdw	E:ALA:249:O	E:LYS:253:CG
0	vdw	E:ALA:249:O	E:GLU:252:N
0	vdw	E:ALA:249:O	E:GLU:252:CA
0	vdw	E:ALA:249:O	E:LYS:253:N
0	vdw	E:LYS:253:CG	E:MET:250:O
0	vdw	E:MET:197:CB	E:MET:250:SD
0	vdw	E:GLY:247:O	E:MET:250:N
0	vdw	E:GLY:247:O	E:MET:250:CA
0	vdw	E:GLY:247:O	E:MET:250:CB
0	vdw	E:LEU:199:CD1	E:MET:250:CG
0	vdw	E:LEU:199:CD1	E:MET:250:SD
0	vdw	E:MET:197:CB	E:MET:250:CE
0	vdw	E:ALA:191:O	E:MET:197:CA
0	vdw	E:ALA:191:O	E:LEU:198:N
0	vdw	E:ALA:191:O	E:LEU:198:CB
0	vdw	E:ALA:209:C	E:VAL:192:O
0	vdw	E:ASN:210:N	E:VAL:192:O
0	vdw	E:ASN:210:CA	E:VAL:192:O
0	vdw	E:ASN:210:CB	E:VAL:192:O
0	vdw	E:ASN:211:O	E:VAL:192:CA
0	vdw	E:ASN:211:O	E:VAL:192:C
0	vdw	E:ASN:211:O	E:VAL:192:O
0	vdw	E:ASN:211:C	E:VAL:192:CB
0	vdw	E:ASN:211:O	E:VAL:192:CB
0	vdw	E:ASN:210:C	E:VAL:192:O
0	vdw	E:ASN:211:N	E:VAL:192:O
0	vdw	E:ASN:210:CA	E:ASN:235:O
0	vdw	E:ALA:209:C	E:ASN:211:N
0	vdw	E:ASN:210:N	E:VAL:208:O
0	vdw	E:ASN:210:ND2	E:ASN:235:O
0	vdw	E:ASN:210:ND2	E:ASN:235:CG
0	vdw	E:ASN:210:ND2	E:ASN:235:OD1
0	vdw	E:ASN:210:ND2	E:ASN:235:ND2
0	vdw	E:ASN:235:ND2	E:VAL:208:O
0	vdw	E:ASN:235:ND2	E:TYR:12:CD1
0	vdw	I:GLU:135:CB	I:LEU:235:O
0	vdw	E:GLU:252:O	E:TRP:217:CH2
0	vdw	E:GLU:252:O	E:PRO:256:CD
0	vdw	E:GLU:252:N	E:MET:250:O
0	vdw	E:LYS:253:N	E:VAL:251:C
0	vdw	E:LYS:253:N	E:VAL:251:O
0	vdw	E:GLU:252:N	E:MET:250:C
0	vdw	E:GLU:252:CA	E:TRP:217:CZ3
0	vdw	E:MET:250:O	E:TYR:254:N
0	vdw	E:TYR:254:N	E:VAL:251:O
0	vdw	E:ALA:255:N	E:VAL:251:O
0	vdw	E:GLU:252:C	E:TYR:254:N
0	vdw	E:ALA:255:CA	E:VAL:251:O
0	vdw	E:ALA:255:CB	E:VAL:251:O
0	vdw	E:MET:250:O	E:TYR:254:CB
0	vdw	E:MET:250:O	E:TYR:254:CD2
0	vdw	E:GLY:247:O	E:MET:250:C
0	vdw	E:GLY:247:O	E:VAL:251:N
0	vdw	E:GLY:247:O	E:VAL:251:CG2
0	vdw	E:GLY:247:O	E:LEU:190:CD2
0	vdw	E:LEU:190:CD2	E:VAL:251:CG2
0	vdw	E:ILE:215:CD1	E:VAL:251:CG2
0	vdw	E:LEU:190:CD1	E:VAL:251:CG2
0	vdw	E:LEU:190:CD2	E:MET:197:CE
0	vdw	E:LEU:190:CG	E:LEU:199:CD1
0	vdw	E:LEU:190:CD2	E:LEU:199:CD1
0	vdw	E:LEU:190:CB	E:LEU:198:O
0	vdw	E:LEU:190:CG	E:LEU:198:O
0	vdw	E:MET:197:CE	E:VAL:192:CG2
0	vdw	E:ALA:191:C	E:ASN:211:O
0	vdw	E:ASN:211:C	E:VAL:192:N
0	vdw	E:ASN:211:O	E:VAL:192:N
0	vdw	E:GLY:212:N	E:VAL:229:O
0	vdw	E:ALA:191:CA	E:ASN:211:O
0	vdw	E:ASN:210:O	E:VAL:236:CA
0	vdw	E:ALA:209:O	E:ASN:232:ND2
0	vdw	E:SER:234:C	E:VAL:236:N
0	vdw	E:SER:234:O	E:VAL:236:N
0	vdw	E:ASN:232:OD1	E:ASN:235:N
0	vdw	E:SER:234:CA	F:GLN:90:OE1
0	vdw	E:ASN:232:CG	E:SER:234:N
0	vdw	E:ASN:232:OD1	E:SER:234:N
0	vdw	E:ASN:232:OD1	E:SER:234:CA
0	vdw	E:ASN:232:OD1	E:SER:234:C
0	vdw	E:ASN:232:C	E:SER:234:N
0	vdw	F:PRO:131:CB	F:SER:89:O
0	vdw	I:GLY:136:N	I:LYS:134:C
0	vdw	I:GLY:136:N	I:LYS:134:O
0	vdw	I:GLU:135:CA	I:VAL:234:O
0	vdw	I:LYS:134:C	I:VAL:234:CG1
0	vdw	I:LYS:134:O	I:VAL:234:CG1
0	vdw	I:GLY:136:N	I:VAL:234:O
0	vdw	I:GLN:233:NE2	I:GLY:136:CA
0	vdw	I:ARG:249:CD	I:GLN:233:OE1
0	vdw	I:ARG:249:CG	I:LEU:252:CG
0	vdw	E:GLY:220:C	E:TRP:217:CE2
0	vdw	E:LYS:221:N	E:TRP:217:CE2
0	vdw	E:GLY:220:C	E:TRP:217:CZ2
0	vdw	E:LYS:221:N	E:TRP:217:CZ2
0	vdw	E:GLY:220:C	E:TRP:217:CH2
0	vdw	E:LYS:221:N	E:TRP:217:CH2
0	vdw	E:ALA:255:CB	E:TRP:217:CE2
0	vdw	E:ALA:255:CB	E:TRP:217:CZ2
0	vdw	E:ALA:255:CB	E:TRP:217:CH2
0	vdw	E:GLU:252:CA	E:TRP:217:CH2
0	vdw	E:ALA:255:CB	E:TRP:217:CD2
0	vdw	E:PHE:188:CD1	E:VAL:251:CG1
0	vdw	E:ILE:189:C	E:LEU:213:O
0	vdw	E:LEU:190:N	E:LEU:213:O
0	vdw	E:ILE:189:CA	E:LEU:213:O
0	vdw	E:LEU:190:O	E:LEU:213:N
0	vdw	E:LEU:190:CA	E:LEU:213:O
0	vdw	E:GLY:212:CA	E:VAL:229:O
0	vdw	E:GLY:212:C	E:VAL:229:O
0	vdw	E:GLY:212:O	E:VAL:229:O
0	vdw	E:GLY:212:O	E:VAL:229:N
0	vdw	E:LEU:231:N	E:VAL:229:O
0	vdw	E:GLY:212:CA	E:LEU:190:O
0	vdw	E:GLY:212:C	E:LEU:190:O
0	vdw	E:ALA:230:CB	E:ASN:232:O
0	vdw	E:ALA:230:C	E:ASN:232:N
0	vdw	E:ASN:232:O	E:VAL:236:CG2
0	vdw	E:ASN:232:C	E:VAL:236:CG2
0	vdw	E:ASN:232:OD1	E:VAL:236:CG2
0	vdw	E:ASP:233:C	F:GLN:90:OE1
0	vdw	E:ASP:233:O	F:GLN:90:OE1
0	vdw	E:SER:234:CB	F:GLN:90:OE1
0	vdw	F:GLN:90:C	F:TYR:130:O
0	vdw	F:GLN:90:O	F:TYR:130:O
0	vdw	F:GLY:91:N	F:TYR:130:O
0	vdw	F:GLY:91:CA	F:TYR:130:O
0	vdw	F:GLY:91:CA	F:SER:133:O
0	vdw	F:GLN:90:O	F:THR:88:CB
0	vdw	F:GLN:90:O	F:THR:88:OG1
0	vdw	F:SER:133:N	F:TYR:130:O
0	vdw	F:SER:133:CB	F:TYR:130:O
0	vdw	F:PRO:131:C	F:SER:133:N
0	vdw	F:PRO:131:O	F:SER:133:N
0	vdw	F:PRO:131:O	F:SER:133:OG
0	vdw	F:PRO:131:CA	F:THR:88:O
0	vdw	F:PRO:131:C	F:THR:88:O
0	vdw	I:PRO:133:CB	I:TYR:243:CE1
0	vdw	I:LEU:237:CD2	I:PRO:133:O
0	vdw	I:LEU:245:CD2	I:VAL:234:CB
0	vdw	I:ALA:232:O	I:VAL:139:CG1
0	vdw	I:TYR:244:O	I:VAL:234:CA
0	vdw	I:LEU:245:CD2	I:VAL:234:CA
0	vdw	I:ALA:232:C	I:LEU:252:CD1
0	vdw	I:GLN:233:N	I:LEU:252:CD1
0	vdw	I:GLN:233:CB	I:LEU:252:CD1
0	vdw	I:ALA:232:CA	I:LEU:252:CD1
0	vdw	I:GLN:233:N	I:THR:246:O
0	vdw	I:LEU:252:CD1	I:THR:246:O
0	vdw	I:ARG:249:CG	I:LEU:252:CD1
0	vdw	I:ARG:249:N	I:THR:247:C
0	vdw	I:ARG:249:N	I:THR:247:O
0	vdw	I:LEU:252:CB	I:THR:247:CA
0	vdw	I:ARG:249:O	I:THR:247:O
0	vdw	I:ARG:211:NH1	I:ASN:250:OD1
0	vdw	E:ASN:219:C	E:LYS:221:N
0	vdw	E:ASN:219:O	E:LYS:221:N
0	vdw	E:GLY:220:N	E:SER:218:O
0	vdw	E:GLY:220:N	E:SER:218:C
0	vdw	E:GLY:220:CA	E:TRP:217:CE2
0	vdw	E:GLY:220:CA	E:TRP:217:CZ2
0	vdw	E:LYS:221:N	E:SER:218:O
0	vdw	E:LYS:221:O	E:SER:218:O
0	vdw	E:LYS:221:O	E:TRP:217:CA
0	vdw	E:LYS:221:O	E:SER:218:N
0	vdw	E:LYS:221:O	E:SER:218:C
0	vdw	E:LYS:221:O	E:TRP:217:CD2
0	vdw	E:LYS:221:O	E:TRP:217:CE3
0	vdw	E:LEU:186:O	E:TRP:217:N
0	vdw	E:ILE:215:O	E:VAL:187:CA
0	vdw	E:ILE:215:O	E:VAL:187:C
0	vdw	E:ILE:215:O	E:PHE:188:N
0	vdw	E:LEU:186:O	E:SER:216:CA
0	vdw	E:LEU:186:O	E:SER:216:C
0	vdw	E:PRO:225:O	E:SER:216:N
0	vdw	E:ILE:215:O	E:PHE:188:O
0	vdw	E:ILE:215:N	E:PHE:188:O
0	vdw	E:ILE:214:CG1	E:VAL:229:CG1
0	vdw	E:ILE:214:CD1	E:VAL:229:CB
0	vdw	E:ILE:214:CD1	E:VAL:229:CG1
0	vdw	E:ILE:214:CG2	E:VAL:187:CG1
0	vdw	E:LEU:231:CD2	E:VAL:229:CG1
0	vdw	F:SER:133:O	F:THR:92:N
0	vdw	F:ARG:81:O	F:GLY:134:N
0	vdw	F:ARG:81:O	F:SER:133:CA
0	vdw	F:SER:82:CB	I:PHE:201:CE2
0	vdw	F:SER:82:CB	I:PHE:201:CZ
0	vdw	I:ILE:155:CG1	I:THR:141:CG2
0	vdw	I:ILE:155:CD1	I:TYR:243:CD2
0	vdw	I:ILE:155:CD1	I:PHE:201:O
0	vdw	I:ARG:202:C	I:ILE:155:CD1
0	vdw	I:LEU:245:CD2	I:VAL:139:CG1
0	vdw	I:ARG:231:O	I:LEU:252:CA
0	vdw	I:ARG:231:O	I:LEU:252:C
0	vdw	I:ARG:231:O	I:GLY:253:N
0	vdw	I:ALA:232:CB	I:THR:247:CG2
0	vdw	I:ARG:231:O	I:LEU:252:CB
0	vdw	I:ALA:232:CB	I:LEU:245:CB
0	vdw	I:ALA:232:CA	I:THR:246:O
0	vdw	I:ALA:232:CB	I:THR:246:O
0	vdw	I:LEU:252:O	I:LYS:287:NZ
0	vdw	I:ARG:249:O	I:LEU:252:O
0	vdw	I:CYS:288:O	I:TRP:272:O
0	vdw	E:ASN:183:CB	E:ASN:219:OD1
0	vdw	E:ASN:183:CG	E:ASN:219:OD1
0	vdw	E:ASN:183:ND2	E:ASN:219:OD1
0	vdw	E:SER:218:CB	E:THR:223:CG2
0	vdw	E:SER:218:OG	E:THR:223:CG2
0	vdw	E:PRO:185:CA	E:SER:218:OG
0	vdw	E:PRO:185:CB	E:SER:218:OG
0	vdw	E:PRO:225:CD	E:SER:216:OG
0	vdw	E:PRO:225:O	E:SER:216:CB
0	vdw	E:PRO:225:O	E:SER:216:OG
0	vdw	E:PRO:225:CD	E:VAL:102:CA
0	vdw	E:PRO:225:CD	E:VAL:102:CG2
0	vdw	F:MET:118:CE	F:SER:115:CA
0	vdw	F:LYS:111:O	F:SER:115:CB
0	vdw	E:LEU:90:CD2	F:MET:118:CE
0	vdw	F:ILE:93:O	F:MET:118:SD
0	vdw	F:MET:118:SD	F:SER:94:CA
0	vdw	F:GLY:134:CA	F:THR:92:O
0	vdw	F:GLY:134:C	F:THR:92:O
0	vdw	I:ILE:155:O	I:THR:200:CG2
0	vdw	I:GLU:154:O	I:THR:141:CA
0	vdw	I:GLU:154:O	I:THR:141:CB
0	vdw	I:GLU:154:O	I:THR:141:CG2
0	vdw	I:ILE:155:CA	I:THR:141:CG2
0	vdw	I:ARG:142:N	I:GLU:154:O
0	vdw	I:GLU:154:C	I:PHE:201:O
0	vdw	I:ILE:155:N	I:PHE:201:O
0	vdw	I:THR:141:N	I:VAL:230:O
0	vdw	I:THR:141:OG1	I:VAL:230:O
0	vdw	I:THR:141:CB	I:VAL:153:CB
0	vdw	I:THR:141:CB	I:VAL:153:CG2
0	vdw	I:LEU:245:CD1	I:THR:141:CG2
0	vdw	I:GLY:253:O	I:VAL:230:CA
0	vdw	I:GLY:253:O	I:VAL:230:C
0	vdw	I:ARG:231:N	I:GLY:253:O
0	vdw	I:THR:247:CG2	I:VAL:230:CG1
0	vdw	I:GLY:253:CA	I:LYS:287:O
0	vdw	I:GLY:253:C	I:LYS:287:O
0	vdw	I:LYS:287:C	I:VAL:254:N
0	vdw	I:LYS:287:O	I:VAL:254:N
0	vdw	I:LYS:287:O	I:VAL:254:CA
0	vdw	I:LYS:287:C	I:TRP:272:O
0	vdw	I:CYS:288:N	I:TRP:272:O
0	vdw	I:CYS:288:CA	I:TRP:272:O
0	vdw	I:ASP:271:O	I:CYS:288:CB
0	vdw	I:CYS:288:CB	I:TRP:272:O
0	vdw	I:LYS:287:O	I:VAL:254:CG2
0	vdw	I:ASP:271:O	I:MET:274:O
0	vdw	I:ASP:271:O	I:CYS:288:SG
0	vdw	I:ASP:271:O	I:GLN:273:N
0	vdw	I:ASP:271:O	I:MET:274:N
0	vdw	I:MET:274:N	I:TRP:272:C
0	vdw	I:ASP:271:CB	I:MET:274:CE
0	vdw	I:ASP:271:CB	I:MET:274:CB
0	vdw	I:ASP:271:C	I:GLN:273:N
0	vdw	E:LEU:98:O	E:LYS:101:C
0	vdw	E:LYS:101:C	E:PRO:225:CG
0	vdw	E:LEU:98:O	E:VAL:102:N
0	vdw	E:PRO:225:CG	E:VAL:102:N
0	vdw	E:LYS:104:N	E:VAL:102:C
0	vdw	E:LEU:103:N	E:LYS:101:C
0	vdw	E:ASN:100:C	E:VAL:102:N
0	vdw	E:PRO:185:CG	E:VAL:102:O
0	vdw	E:LEU:99:C	E:VAL:102:N
0	vdw	E:LEU:99:O	E:VAL:102:N
0	vdw	E:LEU:99:O	E:VAL:102:CA
0	vdw	E:LEU:99:O	E:VAL:102:C
0	vdw	E:LEU:98:O	E:LYS:101:CB
0	vdw	E:LYS:101:CB	E:PRO:225:CG
0	vdw	E:LEU:98:O	E:LYS:101:N
0	vdw	E:LEU:98:O	E:LYS:101:CA
0	vdw	E:LEU:98:O	E:VAL:102:CG2
0	vdw	E:PRO:225:CG	E:VAL:102:CG2
0	vdw	E:ASN:100:N	E:LEU:98:O
0	vdw	E:LEU:98:CD1	F:GLU:112:OE2
0	vdw	E:SER:97:CB	F:GLU:112:OE1
0	vdw	E:SER:97:OG	F:GLU:112:OE1
0	vdw	E:ILE:95:C	E:LEU:98:N
0	vdw	E:ILE:95:O	E:LEU:98:N
0	vdw	E:LEU:98:N	E:THR:94:O
0	vdw	E:LEU:98:CA	E:THR:94:O
0	vdw	E:LEU:98:N	E:THR:96:C
0	vdw	F:LYS:111:O	F:SER:115:N
0	vdw	F:LYS:111:O	F:SER:115:OG
0	vdw	E:LEU:90:CD1	F:LYS:111:O
0	vdw	E:LEU:90:CD1	F:SER:115:OG
0	vdw	E:THR:94:OG1	F:SER:115:OG
0	vdw	E:LEU:90:CD1	F:LYS:111:CD
0	vdw	F:ASP:136:CG	F:SER:94:OG
0	vdw	F:ASP:136:OD1	F:SER:94:OG
0	vdw	I:GLU:199:OE2	I:LEU:197:CD1
0	vdw	I:GLU:199:CD	I:LEU:197:CD1
0	vdw	I:SER:194:C	I:THR:200:OG1
0	vdw	I:SER:194:O	I:THR:200:OG1
0	vdw	I:GLY:198:C	I:THR:200:N
0	vdw	I:GLY:198:O	I:THR:200:N
0	vdw	I:GLU:154:OE1	I:THR:200:CB
0	vdw	I:GLU:154:OE1	I:THR:200:CG2
0	vdw	I:GLU:154:CG	I:THR:144:CG2
0	vdw	I:ILE:229:CA	I:THR:141:O
0	vdw	I:ILE:229:C	I:THR:141:O
0	vdw	I:THR:141:O	I:VAL:230:N
0	vdw	I:THR:141:O	I:VAL:230:O
0	vdw	I:ILE:229:O	I:VAL:254:CG1
0	vdw	I:ASP:228:O	I:VAL:143:CG2
0	vdw	I:ILE:229:O	I:VAL:254:CA
0	vdw	I:ILE:229:O	I:VAL:254:C
0	vdw	I:ASP:228:O	I:VAL:143:N
0	vdw	I:MET:275:CE	I:VAL:254:CG1
0	vdw	I:ALA:257:CB	I:VAL:254:CG1
0	vdw	I:LYS:287:O	I:VAL:254:CB
0	vdw	I:CYS:288:SG	I:MET:275:CE
0	vdw	I:CYS:288:SG	I:MET:274:C
0	vdw	I:CYS:288:SG	I:MET:274:O
0	vdw	I:CYS:288:SG	I:MET:275:CB
0	vdw	I:GLU:284:O	I:MET:275:N
0	vdw	I:GLU:284:O	I:MET:275:CA
0	vdw	I:GLU:284:O	I:MET:275:CB
0	vdw	I:ASP:271:N	I:MET:274:O
0	vdw	I:ASP:271:C	I:MET:274:O
0	vdw	E:ASP:110:CB	E:LYS:113:CG
0	vdw	E:ASP:110:OD2	E:LYS:113:NZ
0	vdw	E:LYS:104:O	E:VAL:109:CA
0	vdw	E:LYS:104:O	E:VAL:109:O
0	vdw	E:SER:111:N	E:VAL:109:O
0	vdw	E:SER:105:CA	E:VAL:109:O
0	vdw	E:SER:105:C	E:VAL:109:O
0	vdw	E:LYS:104:O	E:VAL:109:N
0	vdw	E:LYS:104:O	E:VAL:109:CB
0	vdw	E:ASN:100:O	E:LYS:104:CB
0	vdw	E:LYS:101:N	E:SER:97:O
0	vdw	E:LYS:101:CG	E:SER:97:O
0	vdw	E:LEU:99:C	E:LYS:101:N
0	vdw	E:LEU:99:O	E:LYS:101:N
0	vdw	E:ASN:100:O	E:LEU:103:C
0	vdw	E:ASN:100:O	E:LEU:103:O
0	vdw	E:LEU:98:C	E:LYS:101:N
0	vdw	E:SER:97:CB	F:ASN:108:C
0	vdw	E:SER:97:CB	F:ASN:108:O
0	vdw	E:SER:97:CB	F:ASN:108:CB
0	vdw	E:GLU:93:O	E:SER:97:CB
0	vdw	E:SER:97:CA	E:THR:94:O
0	vdw	E:SER:97:C	E:THR:94:O
0	vdw	E:SER:97:CB	E:THR:94:O
0	vdw	E:LEU:99:N	E:SER:97:C
0	vdw	F:ASN:108:O	F:LYS:111:N
0	vdw	F:ASN:108:O	F:LYS:111:CB
0	vdw	E:GLU:93:O	F:ASN:108:O
0	vdw	F:ASN:108:O	F:GLU:112:N
0	vdw	F:LYS:111:N	F:THR:107:O
0	vdw	F:LYS:111:CG	F:THR:107:O
0	vdw	E:GLU:93:OE1	F:LYS:111:CG
0	vdw	C:VAL:141:CG1	F:GLN:96:OE1
0	vdw	I:LEU:197:CG	I:SER:194:CB
0	vdw	I:LEU:197:CD1	I:SER:194:CB
0	vdw	I:LEU:197:CG	I:SER:194:OG
0	vdw	I:LEU:197:CD1	I:SER:194:OG
0	vdw	I:ASP:196:N	I:SER:194:C
0	vdw	I:ASP:196:N	I:SER:194:O
0	vdw	I:LEU:197:N	I:SER:195:C
0	vdw	I:GLU:154:OE2	I:SER:195:OG
0	vdw	I:ASP:228:N	I:LYS:225:O
0	vdw	I:ASP:228:N	I:PRO:226:C
0	vdw	I:ASP:228:CA	I:LYS:225:O
0	vdw	I:ASP:228:CB	I:LYS:225:O
0	vdw	I:ALA:257:CB	I:MET:275:SD
0	vdw	I:ALA:257:CB	I:ASP:228:CG
0	vdw	I:ALA:257:CB	I:ASP:228:OD2
0	vdw	I:MET:267:CE	I:MET:275:SD
0	vdw	I:GLU:284:OE1	I:MET:267:CE
0	vdw	I:ALA:282:O	I:THR:276:CA
0	vdw	I:GLU:284:O	I:MET:275:C
0	vdw	I:GLU:284:N	I:MET:275:O
0	vdw	I:GLU:284:O	I:MET:275:O
0	vdw	I:MET:275:O	I:THR:283:CG2
0	vdw	I:MET:275:O	I:THR:283:CA
0	vdw	I:THR:276:CG2	I:THR:283:OG1
0	vdw	I:THR:276:CG2	I:THR:283:CG2
0	vdw	E:ASP:110:OD1	E:SER:112:CB
0	vdw	E:ASP:110:OD1	E:SER:112:N
0	vdw	E:ASP:110:OD1	E:SER:112:CA
0	vdw	E:ASP:110:C	E:SER:112:N
0	vdw	E:LYS:113:N	E:SER:111:C
0	vdw	F:GLU:109:N	F:THR:107:C
0	vdw	F:GLU:109:N	F:THR:107:O
0	vdw	C:ARG:140:NE	I:LEU:197:CD2
0	vdw	C:ARG:140:CZ	I:LEU:197:CD2
0	vdw	C:ARG:140:CD	I:LEU:197:CD1
0	vdw	C:ARG:140:NE	I:LEU:197:CD1
0	vdw	I:ARG:258:C	I:MET:267:SD
0	vdw	I:ARG:258:C	I:MET:267:CE
0	vdw	I:ARG:258:O	I:MET:267:CE
0	vdw	I:ALA:259:N	I:MET:267:CG
0	vdw	I:ALA:259:N	I:MET:267:SD
0	vdw	I:ALA:259:CA	I:MET:267:SD
0	vdw	I:ALA:259:CB	I:MET:267:SD
0	vdw	I:ALA:259:CA	I:GLU:284:OE2
0	vdw	I:GLU:284:CD	I:MET:267:SD
0	vdw	I:ALA:282:O	I:SER:277:OG
0	vdw	I:ALA:282:C	I:SER:277:OG
0	vdw	I:SER:277:OG	I:THR:280:CG2
0	vdw	I:ALA:282:CB	I:SER:277:OG
0	vdw	I:ALA:282:N	I:SER:277:OG
0	vdw	I:ALA:282:CA	I:SER:277:OG
0	vdw	E:LYS:113:N	E:SER:111:O
0	vdw	E:ASN:73:O	E:LEU:75:CD1
0	vdw	I:ARG:258:CB	I:GLY:262:CA
0	vdw	I:ALA:259:O	I:GLY:262:N
0	vdw	I:ALA:259:O	I:GLY:262:C
0	vdw	I:ALA:259:O	I:ALA:263:N
0	vdw	I:ALA:259:O	I:GLY:264:N
0	vdw	I:GLY:262:C	I:GLY:264:N
0	vdw	I:ALA:259:O	I:GLY:264:CA
0	vdw	I:ALA:259:O	I:ALA:263:C
0	vdw	I:ALA:260:C	I:GLY:262:N
0	vdw	I:ALA:260:O	I:GLY:262:N
0	vdw	I:ALA:260:C	I:ALA:263:N
0	vdw	I:ALA:260:O	I:ALA:263:N
0	vdw	I:ALA:259:C	I:GLY:264:N
0	vdw	I:ALA:263:N	I:ASN:261:C
0	vdw	I:ALA:259:O	I:ASN:261:N
0	vdw	G:PRO:29:CB	I:GLY:264:CA
0	vdw	I:ALA:259:CB	I:GLU:284:OE2
0	vdw	I:ALA:282:CB	I:THR:280:CG2
0	vdw	I:ALA:282:N	I:THR:280:CG2
0	vdw	I:ALA:282:N	I:THR:280:O
0	vdw	G:GLN:32:OE1	I:THR:280:O
0	vdw	E:GLN:115:CG	E:THR:117:O
0	vdw	E:HIS:69:NE2	E:LYS:118:O
0	vdw	E:GLU:72:O	E:HIS:69:O
0	vdw	E:HIS:69:ND1	E:SER:121:CB
0	vdw	E:HIS:69:CG	E:SER:121:OG
0	vdw	E:HIS:69:ND1	E:SER:121:OG
0	vdw	E:HIS:69:ND1	E:LYS:119:C
0	vdw	E:HIS:69:ND1	E:LYS:119:O
0	vdw	E:ASP:68:O	E:GLU:72:CB
0	vdw	E:GLU:72:C	E:GLU:74:N
0	vdw	C:CYS:144:SG	F:ARG:8:CZ
0	vdw	C:CYS:144:SG	F:ARG:8:NH2
0	vdw	C:CYS:144:SG	F:ARG:8:CG
0	vdw	C:CYS:144:SG	F:ARG:7:CG
0	vdw	C:ALA:143:O	C:THR:145:N
0	vdw	C:CYS:144:CB	F:ARG:7:CG
0	vdw	C:GLU:147:N	C:THR:145:C
0	vdw	C:GLU:147:N	C:THR:145:OG1
0	vdw	G:ASN:30:N	G:ASP:28:C
0	vdw	G:ASN:30:N	G:ASP:28:O
0	vdw	G:GLN:32:CD	I:THR:280:OG1
0	vdw	G:GLN:32:OE1	I:THR:280:OG1
0	vdw	G:GLN:32:CG	I:THR:280:OG1
0	vdw	E:LYS:118:N	E:PHE:161:CB
0	vdw	E:LYS:118:N	E:PHE:161:CG
0	vdw	E:HIS:69:CE1	E:LYS:118:C
0	vdw	E:HIS:69:CE1	E:LYS:118:O
0	vdw	E:HIS:69:CE1	E:LYS:119:C
0	vdw	E:HIS:69:CE1	E:LYS:119:O
0	vdw	E:LYS:119:N	E:THR:117:C
0	vdw	E:LYS:119:N	E:THR:117:OG1
0	vdw	E:HIS:69:CE1	E:SER:121:OG
0	vdw	E:HIS:69:CE1	E:THR:117:O
0	vdw	E:LYS:119:N	E:THR:117:O
0	vdw	E:ASP:68:OD1	E:HIS:70:N
0	vdw	E:HIS:69:C	E:VAL:71:N
0	vdw	E:ASP:68:O	E:HIS:70:N
0	vdw	E:HIS:69:N	E:VAL:67:O
0	vdw	E:ASP:68:C	E:HIS:70:N
0	vdw	E:GLU:72:O	E:HIS:69:C
0	vdw	E:ASP:68:OD1	E:LYS:119:O
0	vdw	E:ASP:68:O	E:VAL:71:N
0	vdw	E:ASP:68:O	E:VAL:71:CG2
0	vdw	E:ASP:68:O	E:GLU:72:N
0	vdw	E:ASP:68:CB	E:VAL:71:CG2
0	vdw	C:CYS:144:SG	F:ARG:8:CD
0	vdw	C:CYS:144:SG	F:ARG:8:NE
0	vdw	F:ARG:8:CB	F:ASP:5:OD2
0	vdw	C:MET:149:N	C:THR:145:O
0	vdw	C:MET:149:CB	D:THR:61:CG2
0	vdw	C:GLU:147:N	C:THR:145:O
0	vdw	C:ASP:146:O	C:THR:150:N
0	vdw	C:ASP:146:O	C:THR:150:CB
0	vdw	C:ASP:146:O	C:THR:150:CG2
0	vdw	C:MET:149:CG	C:THR:145:O
0	vdw	G:ASN:30:CG	G:ASP:28:OD1
0	vdw	G:ASN:30:OD1	G:ASP:28:OD1
0	vdw	G:ASN:30:OD1	G:ASP:28:CG
0	vdw	G:ASN:30:C	G:GLN:32:N
0	vdw	G:ASP:28:O	G:GLN:32:N
0	vdw	G:ASP:28:O	G:GLN:32:CA
0	vdw	G:GLU:33:N	G:THR:31:C
0	vdw	G:GLU:33:N	G:THR:31:O
0	vdw	E:ASP:68:OD2	E:LYS:119:CE
0	vdw	E:ASP:68:OD2	E:LYS:119:NZ
0	vdw	E:ASP:68:CG	E:LYS:119:O
0	vdw	F:GLY:11:N	F:LEU:9:C
0	vdw	F:ARG:8:CA	F:ASP:5:OD2
0	vdw	F:ARG:8:C	F:ASP:5:OD2
0	vdw	C:MET:149:O	D:THR:61:CB
0	vdw	D:THR:61:CG2	F:ARG:7:O
0	vdw	C:THR:150:CG2	D:LYS:64:O
0	vdw	D:ASP:68:CB	D:VAL:65:O
0	vdw	D:ASP:68:CB	D:LYS:64:O
0	vdw	D:ALA:72:N	D:ASP:68:O
0	vdw	D:ARG:71:CB	D:ASP:68:O
0	vdw	D:ASP:68:C	D:LEU:70:N
0	vdw	D:ARG:71:N	D:ASP:68:O
0	vdw	D:ALA:72:N	D:LYS:69:O
0	vdw	D:ALA:72:N	D:LEU:70:C
0	vdw	D:ALA:72:N	D:LEU:70:O
0	vdw	D:ALA:72:O	D:PRO:76:CD
0	vdw	D:LEU:74:C	D:PRO:76:CD
0	vdw	D:PRO:76:CD	D:VAL:73:C
0	vdw	D:PRO:76:CD	D:VAL:73:O
0	vdw	G:ASP:28:OD2	G:THR:31:OG1
0	vdw	G:GLU:33:CG	G:THR:31:OG1
0	vdw	G:ARG:35:NH1	G:ASP:28:OD2
0	vdw	G:ARG:35:CZ	G:ASP:28:OD2
0	vdw	G:ASP:28:CB	G:THR:31:OG1
0	vdw	G:ASP:28:CG	G:THR:31:OG1
0	vdw	F:ALA:14:N	F:PRO:12:O
0	vdw	F:ALA:13:N	F:GLY:11:O
0	vdw	C:GLN:153:OE1	F:LEU:9:CD1
0	vdw	C:GLN:153:OE1	F:LEU:9:CD2
0	vdw	D:THR:61:OG1	F:LEU:9:CD2
0	vdw	C:GLN:153:CD	D:THR:61:OG1
0	vdw	C:GLN:153:OE1	D:THR:61:OG1
0	vdw	C:GLN:153:CB	D:VAL:65:CG2
0	vdw	C:GLN:153:CG	D:VAL:65:CG2
0	vdw	C:GLN:153:CD	D:ARG:62:N
0	vdw	C:GLN:153:CG	D:ARG:62:CA
0	vdw	C:GLN:153:CD	D:ARG:62:CA
0	vdw	D:ARG:62:O	D:VAL:65:CB
0	vdw	D:THR:61:O	D:VAL:65:CG2
0	vdw	D:LYS:69:N	D:VAL:65:O
0	vdw	D:LYS:69:CB	D:VAL:65:O
0	vdw	D:LYS:69:CG	D:VAL:65:O
0	vdw	D:LYS:69:CE	D:VAL:65:CG1
0	vdw	D:GLU:67:N	D:VAL:65:O
0	vdw	D:ARG:62:O	D:VAL:65:CA
0	vdw	D:ASP:68:N	D:VAL:65:O
0	vdw	D:ASP:68:CA	D:VAL:65:O
0	vdw	D:LEU:66:O	D:LYS:69:N
0	vdw	D:LEU:109:CD1	D:LYS:69:CB
0	vdw	D:GLU:67:C	D:LYS:69:N
0	vdw	D:GLU:67:O	D:LYS:69:N
0	vdw	D:ALA:72:CB	D:LYS:69:O
0	vdw	D:ARG:71:N	D:LYS:69:O
0	vdw	D:LYS:69:O	D:VAL:73:CG2
0	vdw	D:ALA:72:C	D:LEU:74:N
0	vdw	D:LEU:178:CD2	D:PRO:76:CG
0	vdw	D:GLU:166:OE2	D:LEU:178:CD2
0	vdw	D:GLU:166:CB	D:LEU:178:CD2
0	vdw	D:PRO:76:CG	D:VAL:73:O
0	vdw	D:GLU:166:CD	D:SER:129:CB
0	vdw	F:ALA:13:C	F:ALA:15:N
0	vdw	F:ALA:13:O	F:ALA:15:N
0	vdw	F:ALA:14:N	F:PRO:12:C
0	vdw	C:GLN:153:NE2	D:ARG:62:CB
0	vdw	D:ASP:181:OD2	D:LYS:69:CE
0	vdw	D:LEU:109:CD2	D:LYS:69:CD
0	vdw	D:ASP:181:OD2	D:LYS:69:CD
0	vdw	D:ASP:181:OD2	D:LEU:109:CD2
0	vdw	D:ASP:181:OD2	D:LEU:179:CG
0	vdw	D:ASP:181:OD2	D:LEU:179:CD1
0	vdw	D:ASP:181:OD2	D:LEU:179:CD2
0	vdw	D:LEU:109:CD2	D:THR:162:CG2
0	vdw	D:LEU:179:CB	D:VAL:73:CG2
0	vdw	D:LEU:179:CD2	D:VAL:73:CG2
0	vdw	D:ILE:113:CD1	D:LEU:179:CD2
0	vdw	D:ALA:164:CB	D:LEU:179:CB
0	vdw	D:ALA:164:O	D:LEU:178:CA
0	vdw	D:ALA:164:O	D:LEU:178:CB
0	vdw	D:ALA:164:O	D:LEU:179:N
0	vdw	D:GLU:166:CB	D:LEU:178:CG
0	vdw	D:GLU:166:CA	D:MET:130:O
0	vdw	D:GLU:166:C	D:MET:130:O
0	vdw	D:GLU:166:CG	D:SER:129:CB
0	vdw	D:GLU:166:CG	D:MET:130:O
0	vdw	D:VAL:168:CG2	D:VAL:173:O
0	vdw	D:VAL:168:CG2	D:VAL:173:CB
0	vdw	D:VAL:168:CG2	D:VAL:173:CG1
0	vdw	D:ALA:102:C	D:PHE:104:N
0	vdw	D:LEU:106:CG	D:THR:162:OG1
0	vdw	D:LEU:106:N	D:PHE:104:C
0	vdw	D:LEU:106:O	D:THR:162:OG1
0	vdw	D:SER:110:OG	D:THR:162:CG2
0	vdw	D:LEU:163:O	D:SER:133:CA
0	vdw	D:ALA:132:O	D:ALA:164:CA
0	vdw	D:LEU:163:O	D:SER:133:C
0	vdw	D:LEU:163:O	D:SER:133:CB
0	vdw	D:LEU:163:O	D:SER:133:OG
0	vdw	D:ALA:164:CB	D:SER:133:CB
0	vdw	D:ILE:134:N	D:LEU:163:O
0	vdw	D:LEU:165:CB	D:PHE:167:CE1
0	vdw	D:ALA:132:O	D:LEU:165:N
0	vdw	D:GLU:166:O	D:VAL:174:CA
0	vdw	D:PHE:167:CE2	D:VAL:174:CG1
0	vdw	D:PHE:167:CZ	D:VAL:174:CG1
0	vdw	D:GLU:166:O	D:LYS:175:N
0	vdw	D:LYS:172:O	D:VAL:174:N
0	vdw	D:VAL:168:O	D:VAL:173:CA
0	vdw	D:PHE:167:C	D:VAL:173:O
0	vdw	D:VAL:168:N	D:VAL:173:O
0	vdw	D:VAL:168:C	D:VAL:173:O
0	vdw	D:VAL:168:O	D:VAL:173:O
0	vdw	D:PHE:167:CA	D:VAL:173:O
0	vdw	D:VAL:168:CA	D:VAL:173:O
0	vdw	D:VAL:168:O	D:VAL:173:CB
0	vdw	D:ASN:169:ND2	G:SER:10:OG
0	vdw	D:ASP:100:O	D:GLU:103:N
0	vdw	D:GLU:101:C	D:GLU:103:N
0	vdw	D:GLU:99:OE1	D:PHE:104:CB
0	vdw	D:ASP:100:O	D:PHE:104:N
0	vdw	D:ASP:100:O	D:PHE:104:CA
0	vdw	D:LEU:106:CB	D:THR:162:OG1
0	vdw	D:HIS:161:O	D:ILE:136:N
0	vdw	D:ILE:134:O	D:LEU:163:N
0	vdw	D:ILE:134:C	D:SER:110:OG
0	vdw	D:CYS:202:SG	D:ILE:134:CG1
0	vdw	D:CYS:202:SG	D:LEU:165:CD1
0	vdw	D:CYS:202:CB	D:GLY:198:O
0	vdw	D:CYS:202:SG	D:GLY:198:O
0	vdw	D:PHE:167:CE1	D:VAL:206:CG2
0	vdw	D:GLN:203:CA	D:PHE:167:CE2
0	vdw	D:GLN:203:CB	D:PHE:167:CE2
0	vdw	D:GLN:203:CA	D:PHE:167:CZ
0	vdw	D:GLN:203:N	D:PHE:167:CZ
0	vdw	D:VAL:168:O	D:VAL:173:N
0	vdw	A:ILE:174:O	C:THR:99:C
0	vdw	A:ILE:174:O	C:SER:100:N
0	vdw	A:ILE:174:O	C:SER:100:CA
0	vdw	D:LEU:154:C	D:PHE:104:CE2
0	vdw	D:LEU:154:C	D:PHE:104:CZ
0	vdw	D:ALA:151:O	D:LEU:154:CB
0	vdw	D:LEU:154:CG	D:THR:150:O
0	vdw	D:PRO:135:O	D:PRO:149:CD
0	vdw	D:ILE:136:CA	D:ILE:146:O
0	vdw	D:ASP:148:N	D:PRO:135:O
0	vdw	D:ASP:148:CA	D:PRO:135:O
0	vdw	D:GLY:198:O	D:ILE:134:CD1
0	vdw	D:ILE:134:CD1	D:VAL:147:CG1
0	vdw	D:ILE:134:CD1	D:LYS:201:CB
0	vdw	D:CYS:202:SG	D:ILE:134:CD1
0	vdw	D:GLY:198:O	D:LYS:201:N
0	vdw	D:GLY:198:O	D:LYS:201:CA
0	vdw	D:CYS:202:N	D:GLY:198:O
0	vdw	D:GLU:199:C	D:LYS:201:N
0	vdw	D:CYS:202:N	D:GLN:200:C
0	vdw	D:CYS:202:N	D:GLN:200:O
0	vdw	D:GLY:198:O	D:LYS:201:C
0	vdw	D:CYS:202:CA	D:GLY:198:O
0	vdw	D:GLN:200:O	D:GLN:203:N
0	vdw	D:GLN:200:O	D:GLU:204:N
0	vdw	D:GLN:200:O	D:GLU:204:CG
0	vdw	D:GLN:203:CB	D:GLU:199:O
0	vdw	D:GLN:203:N	D:GLU:199:O
0	vdw	A:GLN:173:NE2	C:SER:100:O
0	vdw	D:GLN:153:C	D:LYS:155:N
0	vdw	D:GLU:152:C	D:LEU:154:N
0	vdw	D:GLU:152:O	D:LEU:154:N
0	vdw	D:ALA:151:O	D:LEU:154:N
0	vdw	D:ALA:151:O	D:LYS:155:N
0	vdw	D:LEU:154:N	D:THR:150:O
0	vdw	D:ILE:146:CG2	D:PRO:149:CB
0	vdw	D:ILE:146:O	D:PRO:149:CG
0	vdw	D:GLN:153:OE1	D:ILE:146:CG2
0	vdw	D:GLN:153:OE1	D:PRO:149:CB
0	vdw	D:PRO:149:N	D:VAL:147:C
0	vdw	D:LYS:201:CB	D:VAL:147:CG1
0	vdw	D:LYS:201:CG	D:VAL:147:CG1
0	vdw	D:LYS:201:CG	D:VAL:147:CG2
0	vdw	D:GLU:204:CD	D:LYS:201:CD
0	vdw	D:GLU:204:OE1	D:LYS:201:CD
0	vdw	D:ALA:151:C	D:GLN:153:N
0	vdw	D:ALA:151:O	D:GLN:153:N
0	vdw	D:GLN:153:N	D:THR:150:O
0	vdw	D:GLN:153:CG	D:THR:150:OG1
0	vdw	D:GLN:153:CD	D:THR:150:OG1
0	vdw	D:GLN:153:CB	D:THR:150:O
0	vdw	D:GLN:153:OE1	D:PRO:149:CA
0	vdw	J:ASN:516:C	J:LYS:513:O
0	vdw	E:PRO:19:CG	H:ASN:291:ND2
0	vdw	E:PRO:19:CD	E:SER:17:OG
0	vdw	E:ILE:21:CG1	E:PRO:19:O
0	vdw	E:PRO:19:N	E:SER:17:O
0	vdw	E:ILE:21:CD1	E:PRO:19:O
0	vdw	E:ILE:21:N	E:PRO:19:C
0	vdw	E:ILE:21:N	E:PRO:19:O
0	vdw	E:ASP:13:O	E:SER:17:CB
0	vdw	E:ASP:13:CB	H:ARG:294:NH2
0	vdw	E:ASP:13:CB	E:SER:9:O
0	vdw	E:SER:17:O	E:SER:20:N
0	vdw	E:SER:17:O	E:SER:20:CA
0	vdw	E:LEU:15:O	E:SER:20:CB
0	vdw	E:SER:17:O	E:SER:20:CB
0	vdw	E:LEU:15:C	E:SER:17:N
0	vdw	E:LEU:15:O	E:SER:17:N
0	vdw	E:LEU:15:N	E:TYR:12:O
0	vdw	E:ASP:13:C	E:LEU:15:N
0	vdw	E:LEU:15:C	E:TYR:12:O
0	vdw	E:ALA:16:N	E:TYR:12:O
0	vdw	E:ALA:16:N	E:SER:14:C
0	vdw	E:LEU:11:O	E:LEU:15:N
0	vdw	E:SER:14:N	E:TYR:12:C
0	vdw	E:SER:14:N	E:TYR:12:O
0	vdw	E:ASP:13:N	E:SER:9:O
0	vdw	E:ASP:13:N	E:LEU:11:C
0	vdw	E:ASP:13:CG	E:SER:9:O
0	vdw	E:ASP:13:OD1	E:SER:9:O
0	vdw	E:HIS:29:CB	E:TYR:254:CZ
0	vdw	E:HIS:29:CG	E:TYR:254:CZ
0	vdw	E:HIS:29:ND1	E:TYR:254:CZ
0	vdw	E:HIS:29:ND1	E:TYR:254:OH
0	vdw	E:MET:197:O	E:PRO:28:CB
0	vdw	E:ARG:22:NH1	E:PRO:28:CA
0	vdw	E:ARG:22:NH1	E:PRO:28:C
0	vdw	E:GLN:30:N	E:PRO:28:C
0	vdw	E:ARG:22:NE	E:LEU:198:CD2
0	vdw	E:ARG:22:CZ	E:LEU:198:CD2
0	vdw	E:ARG:22:NH1	E:LEU:198:CD2
0	vdw	E:LEU:15:CB	E:VAL:193:CG1
0	vdw	E:LEU:11:O	E:LEU:15:CB
0	vdw	E:TYR:12:CD1	E:VAL:208:O
0	vdw	E:LYS:8:O	E:TYR:12:CA
0	vdw	E:LYS:8:O	E:TYR:12:CB
0	vdw	E:MPD:302:CM	E:SER:9:OG
0	vdw	E:LYS:253:C	E:PRO:256:CD
0	vdw	E:LYS:253:O	E:PRO:256:CD
0	vdw	E:ALA:255:N	E:LYS:253:C
0	vdw	E:HIS:29:CB	E:TYR:254:CD1
0	vdw	E:HIS:29:CB	E:TYR:254:CD2
0	vdw	E:HIS:29:CB	E:TYR:254:CE1
0	vdw	E:HIS:29:CB	E:TYR:254:CE2
0	vdw	E:HIS:29:CD2	E:TYR:254:CE1
0	vdw	E:HIS:29:CG	E:TYR:254:CE1
0	vdw	E:LEU:199:N	E:PRO:28:O
0	vdw	E:LEU:199:CB	E:PRO:28:O
0	vdw	E:ARG:22:NH1	E:PRO:28:O
0	vdw	E:ARG:22:NH1	E:LEU:198:C
0	vdw	E:ARG:22:NH1	E:LEU:199:N
0	vdw	E:LEU:198:CD1	E:VAL:193:CG2
0	vdw	E:ARG:22:NH1	E:LEU:198:CA
0	vdw	E:ARG:22:NH1	E:LEU:198:CB
0	vdw	E:LEU:15:CD2	E:LEU:198:CD1
0	vdw	E:ALA:209:CA	E:VAL:193:CG2
0	vdw	E:ALA:209:CB	E:VAL:193:CG2
0	vdw	E:ALA:209:N	E:SER:206:O
0	vdw	E:ALA:209:N	E:GLU:205:O
0	vdw	E:ALA:209:N	E:GLU:207:C
0	vdw	E:LYS:8:NZ	E:MPD:302:C5
0	vdw	E:LYS:8:NZ	E:SER:234:OG
0	vdw	E:LYS:8:CE	E:MPD:302:C5
0	vdw	E:PRO:256:N	E:TYR:254:C
0	vdw	E:PRO:256:CD	E:TYR:254:C
0	vdw	E:LEU:199:CD2	E:PHE:31:CE1
0	vdw	E:LEU:199:CD2	E:PHE:31:CZ
0	vdw	E:LEU:190:CD1	E:PHE:188:O
0	vdw	E:LEU:190:CA	E:LEU:198:O
0	vdw	E:LEU:190:C	E:LEU:198:O
0	vdw	E:ALA:191:N	E:LEU:198:O
0	vdw	E:ALA:191:CB	E:LEU:231:CD1
0	vdw	E:ALA:209:CB	E:LEU:231:CD1
0	vdw	E:LEU:231:CD1	E:SER:206:OG
0	vdw	E:ALA:191:CB	E:PRO:201:CB
0	vdw	E:ALA:191:CB	E:PRO:201:CG
0	vdw	E:ASN:232:ND2	E:SER:206:O
0	vdw	E:LEU:231:CB	E:SER:206:O
0	vdw	E:SER:206:O	E:VAL:208:N
0	vdw	E:ALA:209:CB	E:GLU:205:O
0	vdw	E:ASN:232:OD1	E:SER:234:OG
0	vdw	E:GLU:207:O	E:LYS:8:CE
0	vdw	F:GLN:90:N	F:THR:88:C
0	vdw	F:GLN:90:N	F:THR:88:O
0	vdw	F:PHE:87:O	F:SER:89:N
0	vdw	I:LEU:237:CD2	I:TYR:243:CE1
0	vdw	I:GLY:238:N	I:SER:236:C
0	vdw	I:TYR:244:O	I:VAL:234:C
0	vdw	I:GLN:233:O	I:LEU:235:N
0	vdw	I:LEU:235:N	I:TYR:244:O
0	vdw	I:LEU:235:CA	I:TYR:244:O
0	vdw	I:LEU:235:CG	I:THR:246:CG2
0	vdw	I:LEU:235:CD2	I:THR:246:CG2
0	vdw	E:ALA:255:C	E:VAL:258:CG1
0	vdw	E:ALA:255:C	E:ASP:257:N
0	vdw	E:PHE:188:CE1	E:TRP:217:CB
0	vdw	E:PHE:188:CZ	E:VAL:258:CG1
0	vdw	E:ALA:255:CA	E:VAL:258:CG1
0	vdw	E:LEU:186:CB	E:PHE:188:CE1
0	vdw	E:LEU:186:CB	E:PHE:188:CZ
0	vdw	E:LEU:186:CD1	E:PHE:188:CZ
0	vdw	E:ASP:200:N	E:ILE:189:O
0	vdw	E:ILE:189:O	E:PRO:201:CD
0	vdw	E:ILE:189:CD1	E:LEU:231:CD2
0	vdw	E:HIS:136:CD2	E:ILE:189:CD1
0	vdw	E:HIS:136:CB	E:ILE:189:CD1
0	vdw	E:ALA:230:O	E:ASN:232:N
0	vdw	E:LEU:231:CB	E:SER:206:CB
0	vdw	F:LYS:132:N	F:THR:88:O
0	vdw	F:LYS:132:CA	F:THR:88:O
0	vdw	F:LYS:132:CA	F:THR:88:OG1
0	vdw	F:SER:86:OG	F:THR:88:OG1
0	vdw	F:SER:86:OG	F:THR:88:CG2
0	vdw	F:LYS:132:CB	F:SER:86:O
0	vdw	F:LYS:132:CG	F:SER:86:O
0	vdw	F:LYS:132:CD	F:SER:86:O
0	vdw	I:GLN:233:O	I:LEU:245:CA
0	vdw	I:GLN:233:O	I:LEU:245:C
0	vdw	I:GLN:233:O	I:THR:246:N
0	vdw	I:GLN:233:O	I:THR:246:CG2
0	vdw	I:ILE:204:O	I:LEU:245:N
0	vdw	I:ALA:248:N	I:THR:246:C
0	vdw	I:ALA:248:N	I:THR:246:OG1
0	vdw	I:ASP:209:CB	I:THR:246:CB
0	vdw	I:ASP:209:CB	I:THR:246:OG1
0	vdw	I:ASP:209:O	I:THR:246:CA
0	vdw	I:ASP:209:O	I:THR:246:C
0	vdw	I:ASP:209:O	I:THR:246:CB
0	vdw	I:ASP:209:C	I:THR:246:OG1
0	vdw	I:ASP:209:O	I:THR:246:OG1
0	vdw	I:ALA:248:CB	I:THR:246:OG1
0	vdw	I:THR:247:C	I:VAL:210:O
0	vdw	I:THR:247:O	I:VAL:210:O
0	vdw	I:ASP:209:O	I:THR:247:N
0	vdw	I:ALA:248:O	I:ARG:211:CD
0	vdw	I:ALA:248:O	I:ARG:211:NE
0	vdw	I:ALA:248:C	I:ARG:211:NH2
0	vdw	I:ALA:248:O	I:ARG:211:NH2
0	vdw	I:ALA:248:O	I:ARG:211:CZ
0	vdw	I:ARG:211:CD	I:LYS:287:CE
0	vdw	I:ARG:211:CG	I:THR:213:N
0	vdw	I:ARG:211:CG	I:THR:213:OG1
0	vdw	E:LEU:186:C	E:SER:142:OG
0	vdw	E:SER:142:CB	E:VAL:187:N
0	vdw	E:SER:142:OG	E:VAL:187:N
0	vdw	E:SER:142:OG	E:VAL:187:CA
0	vdw	E:VAL:138:CG2	E:VAL:187:CG1
0	vdw	E:HIS:136:CD2	E:VAL:138:CG1
0	vdw	E:HIS:136:NE2	E:VAL:138:CG1
0	vdw	E:HIS:136:CE1	E:VAL:138:CG1
0	vdw	E:HIS:136:CG	E:VAL:138:CG1
0	vdw	E:HIS:136:ND1	E:VAL:138:CG1
0	vdw	F:ILE:83:N	F:LYS:132:O
0	vdw	F:SER:86:OG	F:THR:88:N
0	vdw	F:GLY:85:N	F:ILE:83:O
0	vdw	F:ILE:83:O	F:SER:86:N
0	vdw	F:ILE:83:O	F:SER:86:CB
0	vdw	I:ARG:202:O	I:TYR:243:CD2
0	vdw	I:ARG:202:O	I:ASN:242:CA
0	vdw	I:ARG:202:O	I:ASN:242:C
0	vdw	I:ARG:202:O	I:TYR:243:N
0	vdw	I:ARG:202:O	I:THR:241:O
0	vdw	I:GLY:203:CA	I:TYR:243:O
0	vdw	I:GLY:203:CA	I:TYR:243:N
0	vdw	I:THR:247:CB	I:VAL:210:O
0	vdw	I:THR:247:OG1	I:VAL:210:O
0	vdw	I:THR:247:OG1	I:VAL:210:CA
0	vdw	I:THR:247:OG1	I:VAL:210:C
0	vdw	E:PRO:185:CA	E:TRP:217:O
0	vdw	E:PRO:185:C	E:TRP:217:O
0	vdw	E:LEU:186:N	E:TRP:217:O
0	vdw	E:PRO:185:CB	E:VAL:102:CG1
0	vdw	E:LEU:186:CA	E:SER:142:OG
0	vdw	E:VAL:102:CG2	E:VAL:187:CG2
0	vdw	E:SER:142:CB	E:VAL:187:CB
0	vdw	E:SER:142:OG	E:VAL:187:CB
0	vdw	E:SER:142:OG	E:VAL:187:CG2
0	vdw	E:LEU:98:CD2	E:VAL:138:CG2
0	vdw	E:HIS:136:CE1	E:VAL:138:CB
0	vdw	F:ILE:83:CB	F:SER:86:CB
0	vdw	I:ARG:202:N	I:THR:200:O
0	vdw	I:GLY:198:O	I:THR:200:O
0	vdw	I:GLU:154:CA	I:PHE:201:O
0	vdw	I:ARG:202:CA	I:VAL:153:O
0	vdw	I:GLU:154:CB	I:PHE:201:O
0	vdw	I:GLY:203:N	I:VAL:153:O
0	vdw	I:GLY:203:O	I:VAL:153:CA
0	vdw	I:GLY:203:O	I:VAL:153:C
0	vdw	I:GLY:203:O	I:VAL:153:O
0	vdw	I:ARG:142:O	I:VAL:153:CA
0	vdw	I:ARG:142:O	I:VAL:153:C
0	vdw	I:ARG:142:O	I:VAL:153:CB
0	vdw	I:ARG:142:C	I:VAL:153:CG1
0	vdw	I:ARG:142:O	I:VAL:153:CG1
0	vdw	I:VAL:143:CA	I:VAL:153:CG1
0	vdw	I:GLY:203:O	I:VAL:153:CG2
0	vdw	I:GLY:203:C	I:VAL:153:CG2
0	vdw	I:PHE:224:CD1	I:VAL:230:CG2
0	vdw	I:VAL:230:CG2	I:VAL:254:CG2
0	vdw	I:PHE:224:CD1	I:VAL:254:CG2
0	vdw	I:ARG:286:O	I:GLN:273:CA
0	vdw	I:ARG:286:O	I:GLN:273:C
0	vdw	I:ARG:286:O	I:GLN:273:O
0	vdw	E:PRO:185:CG	E:VAL:102:CG1
0	vdw	E:LEU:103:CG	E:PRO:185:CG
0	vdw	E:LEU:99:O	E:VAL:102:CB
0	vdw	E:LEU:103:N	E:LEU:99:O
0	vdw	E:LEU:103:CD1	E:LEU:99:O
0	vdw	E:VAL:102:CG1	E:VAL:187:CG2
0	vdw	E:ILE:95:O	E:LEU:99:N
0	vdw	E:ILE:95:O	E:LEU:99:CB
0	vdw	E:ASN:100:N	E:LEU:98:C
0	vdw	E:LEU:98:CB	E:THR:94:O
0	vdw	E:ILE:95:C	E:SER:97:N
0	vdw	E:ILE:95:O	E:SER:97:N
0	vdw	E:ILE:95:O	E:LEU:99:CG
0	vdw	E:LEU:90:O	E:THR:94:CB
0	vdw	E:GLU:93:C	E:ILE:95:N
0	vdw	E:THR:94:CB	E:VAL:91:O
0	vdw	E:ILE:95:N	E:VAL:91:O
0	vdw	E:ILE:95:N	E:VAL:92:O
0	vdw	E:LEU:90:C	E:THR:94:OG1
0	vdw	E:LEU:90:O	E:THR:94:OG1
0	vdw	E:LEU:90:C	E:VAL:92:N
0	vdw	E:LEU:90:O	E:VAL:92:N
0	vdw	E:ALA:89:C	E:VAL:91:N
0	vdw	I:GLU:199:N	I:LEU:197:C
0	vdw	I:ARG:142:O	I:THR:144:CG2
0	vdw	I:ARG:142:O	I:GLU:154:N
0	vdw	I:ARG:142:O	I:THR:144:N
0	vdw	I:ASN:152:O	I:THR:144:N
0	vdw	I:LYS:225:O	I:VAL:143:CB
0	vdw	I:LYS:225:O	I:VAL:143:CG2
0	vdw	I:ARG:286:CA	I:CYS:223:O
0	vdw	I:ARG:286:C	I:CYS:223:O
0	vdw	I:CYS:223:O	I:LYS:287:N
0	vdw	I:ARG:286:N	I:GLU:284:O
0	vdw	I:GLN:273:O	I:LYS:285:CG
0	vdw	I:GLU:222:O	I:LYS:285:C
0	vdw	I:MET:274:CG	I:THR:283:CG2
0	vdw	E:ASP:181:O	E:LYS:113:CE
0	vdw	E:ILE:182:CD1	E:VAL:109:CG1
0	vdw	E:LEU:103:CB	E:LEU:76:CD2
0	vdw	E:LEU:103:CA	E:LEU:99:O
0	vdw	E:ASN:100:CB	E:THR:96:O
0	vdw	E:GLU:93:O	E:SER:97:N
0	vdw	E:ASN:100:ND2	E:THR:96:C
0	vdw	E:ASN:100:ND2	E:THR:96:O
0	vdw	E:THR:96:N	E:VAL:92:O
0	vdw	E:THR:96:CA	E:VAL:92:O
0	vdw	E:THR:96:CB	E:VAL:92:O
0	vdw	E:THR:94:C	E:THR:96:N
0	vdw	E:THR:94:O	E:THR:96:N
0	vdw	E:SER:97:N	E:THR:94:C
0	vdw	E:SER:97:N	E:THR:94:O
0	vdw	E:THR:94:N	E:VAL:92:C
0	vdw	E:THR:94:N	E:VAL:92:O
0	vdw	E:LEU:90:O	E:THR:94:N
0	vdw	E:THR:94:N	E:VAL:91:O
0	vdw	E:ALA:89:O	E:GLU:93:CB
0	vdw	I:GLY:227:N	I:VAL:143:O
0	vdw	I:ARG:145:N	I:VAL:143:C
0	vdw	I:GLY:227:N	I:LYS:225:C
0	vdw	I:GLY:227:N	I:LYS:225:O
0	vdw	I:ASP:228:OD1	I:LYS:225:C
0	vdw	I:ASP:228:CG	I:LYS:225:O
0	vdw	I:ASP:228:OD1	I:LYS:225:O
0	vdw	I:LYS:225:C	I:VAL:143:CG1
0	vdw	I:LYS:225:O	I:VAL:143:CG1
0	vdw	I:ASP:228:CG	I:LYS:225:CB
0	vdw	I:ASP:228:OD1	I:LYS:225:CB
0	vdw	I:ASP:228:OD2	I:LYS:225:CB
0	vdw	I:ARG:286:NE	I:LYS:225:CB
0	vdw	I:ARG:286:NH2	I:LYS:225:CB
0	vdw	I:ARG:286:NE	I:ASP:228:CG
0	vdw	I:ARG:286:NE	I:ASP:228:OD2
0	vdw	I:ARG:286:NH2	I:ASP:228:OD2
0	vdw	I:ARG:286:CZ	I:LYS:225:CB
0	vdw	I:ARG:286:CD	I:ASP:228:OD2
0	vdw	I:ARG:286:CZ	I:ASP:228:OD2
0	vdw	I:ARG:286:NH2	I:LYS:225:CG
0	vdw	I:ARG:286:NH2	I:GLU:284:OE1
0	vdw	I:ARG:286:NH1	I:GLU:284:CB
0	vdw	I:ARG:286:CZ	I:GLU:284:OE1
0	vdw	I:ARG:286:NH1	I:GLU:284:OE1
0	vdw	I:ARG:286:CZ	I:LYS:225:CG
0	vdw	E:LEU:114:N	E:SER:112:O
0	vdw	E:GLN:115:N	E:SER:112:O
0	vdw	E:GLN:115:CB	E:SER:112:O
0	vdw	E:LEU:114:N	E:SER:112:C
0	vdw	E:GLN:115:N	E:SER:112:C
0	vdw	E:GLN:115:N	E:LYS:113:C
0	vdw	E:ILE:124:CG1	E:LEU:114:CD1
0	vdw	E:LEU:114:CD1	E:PHE:122:O
0	vdw	E:ILE:124:O	E:LEU:76:CA
0	vdw	E:ASN:100:OD1	E:VAL:78:N
0	vdw	E:ASN:100:OD1	E:VAL:78:CA
0	vdw	E:ASN:100:OD1	E:VAL:78:O
0	vdw	E:ASN:100:CG	E:THR:96:O
0	vdw	E:ASN:100:OD1	E:VAL:78:CB
0	vdw	E:GLU:93:CG	F:ASN:108:OD1
0	vdw	E:GLU:93:CD	F:ASN:108:OD1
0	vdw	E:GLU:93:OE2	F:ASN:108:OD1
0	vdw	E:GLU:93:CB	F:ASN:108:OD1
0	vdw	E:ASP:87:O	E:GLU:93:CG
0	vdw	E:ASP:88:CA	E:GLU:93:CD
0	vdw	E:GLU:93:OE1	F:LYS:111:CE
0	vdw	E:ALA:89:O	E:GLU:93:CG
0	vdw	D:PRO:43:CG	I:THR:144:O
0	vdw	D:THR:44:CG2	I:PRO:226:O
0	vdw	D:THR:44:CG2	I:ASN:261:O
0	vdw	I:ALA:259:C	I:ASN:261:N
0	vdw	I:ALA:260:N	I:GLU:284:CD
0	vdw	I:ALA:259:C	I:GLU:284:OE2
0	vdw	I:ALA:260:N	I:GLU:284:OE2
0	vdw	E:LEU:114:O	E:LEU:116:N
0	vdw	E:LEU:114:O	E:SER:121:CB
0	vdw	E:GLN:115:N	E:LYS:113:O
0	vdw	E:LEU:114:O	E:PHE:122:N
0	vdw	E:LEU:114:CB	E:PHE:122:O
0	vdw	E:LEU:75:O	E:LYS:123:CA
0	vdw	E:LEU:75:O	E:LYS:123:C
0	vdw	E:ILE:124:N	E:LEU:75:O
0	vdw	E:LEU:75:CA	E:LYS:123:CG
0	vdw	E:LEU:75:C	E:LYS:123:CG
0	vdw	E:LEU:75:O	E:LYS:123:CG
0	vdw	E:GLU:74:C	E:LEU:76:N
0	vdw	E:GLU:74:O	E:LYS:123:CE
0	vdw	D:ARG:80:NH2	D:LEU:42:CD1
0	vdw	D:THR:44:CB	I:ASN:261:O
0	vdw	D:HIS:81:CE1	I:ASN:261:O
0	vdw	D:HIS:81:ND1	I:ALA:260:O
0	vdw	D:HIS:81:ND1	I:ALA:263:CB
0	vdw	I:ALA:260:O	I:ALA:263:CB
0	vdw	I:ALA:260:CA	I:GLU:284:OE2
0	vdw	G:PRO:29:CB	I:ALA:260:CB
0	vdw	E:LEU:116:O	E:PHE:161:CD1
0	vdw	E:LEU:116:O	E:PHE:161:CE1
0	vdw	E:PHE:161:CD1	E:THR:117:CA
0	vdw	E:THR:117:N	E:TYR:120:O
0	vdw	E:THR:117:O	E:TYR:120:O
0	vdw	E:SER:121:N	E:VAL:67:O
0	vdw	E:LYS:123:CE	E:PHE:125:CE1
0	vdw	C:ALA:143:CB	F:ARG:7:NH2
0	vdw	C:ALA:143:CB	F:ARG:7:CZ
0	vdw	C:CYS:144:O	F:ARG:7:NH2
0	vdw	C:MET:149:CE	F:ARG:7:NH2
0	vdw	D:ARG:80:NE	D:GLN:45:OE1
0	vdw	D:ARG:80:CZ	D:GLN:45:OE1
0	vdw	D:ARG:80:NE	D:LEU:46:O
0	vdw	D:ARG:80:CZ	D:LEU:46:O
0	vdw	D:ARG:80:NH2	D:LEU:46:O
0	vdw	D:GLN:45:CG	D:HIS:81:CD2
0	vdw	D:GLN:45:CG	D:HIS:81:NE2
0	vdw	D:ARG:80:CD	D:GLN:45:OE1
0	vdw	D:ARG:80:CB	D:GLN:45:CB
0	vdw	D:HIS:81:CG	I:ALA:263:CB
0	vdw	G:PRO:29:CG	G:TYR:26:OH
0	vdw	G:PRO:29:CD	G:TYR:26:OH
0	vdw	G:PRO:29:CG	I:ALA:263:CB
0	vdw	G:CYS:27:C	G:PRO:29:N
0	vdw	G:CYS:27:O	G:PRO:29:N
0	vdw	G:CYS:27:O	G:PRO:29:CD
0	vdw	G:PRO:29:CD	G:TYR:26:CE2
0	vdw	G:PRO:29:CD	G:TYR:26:CZ
0	vdw	E:PHE:161:CB	E:THR:117:CA
0	vdw	E:PHE:161:CB	E:THR:117:CB
0	vdw	E:PHE:161:CG	E:THR:117:CA
0	vdw	E:THR:117:OG1	E:TYR:120:N
0	vdw	E:THR:117:OG1	E:TYR:120:CA
0	vdw	E:THR:117:OG1	E:TYR:120:C
0	vdw	E:THR:117:OG1	E:TYR:120:O
0	vdw	E:SER:121:O	E:VAL:67:O
0	vdw	C:MET:149:CE	F:ARG:7:CA
0	vdw	C:MET:149:CG	F:ARG:7:O
0	vdw	C:MET:149:CE	F:ARG:7:O
0	vdw	C:MET:149:CE	F:ARG:7:CG
0	vdw	C:MET:149:SD	D:LYS:64:CG
0	vdw	D:ARG:71:CZ	D:LEU:48:O
0	vdw	D:ARG:71:NH1	D:LEU:48:C
0	vdw	D:ARG:71:NH1	D:LEU:48:O
0	vdw	D:ARG:71:NH1	D:LEU:48:CB
0	vdw	D:ARG:80:NH1	D:THR:75:CG2
0	vdw	D:ARG:80:NH1	D:GLN:45:OE1
0	vdw	D:ARG:80:CG	D:ILE:78:O
0	vdw	G:ARG:35:NH1	G:ASP:28:CG
0	vdw	G:ASP:28:N	G:GLU:33:O
0	vdw	G:ASP:28:CB	G:GLU:33:O
0	vdw	E:PRO:170:CG	E:TYR:120:CG
0	vdw	E:PRO:170:CG	E:TYR:120:CD2
0	vdw	E:PRO:170:CG	E:TYR:120:CE2
0	vdw	F:ARG:7:N	F:ASP:5:C
0	vdw	F:ARG:7:N	F:ASP:5:O
0	vdw	F:ARG:8:O	F:ASP:5:O
0	vdw	F:ARG:7:N	F:ASP:5:CG
0	vdw	F:ARG:8:N	F:ASP:5:CG
0	vdw	F:ARG:7:N	F:ASP:5:OD2
0	vdw	F:ARG:8:N	F:ASP:5:OD2
0	vdw	F:ARG:8:O	F:ASP:5:OD2
0	vdw	F:ARG:7:CA	F:ASP:5:OD2
0	vdw	F:ARG:7:C	F:ASP:5:OD2
0	vdw	F:ARG:7:CB	F:ASP:5:OD2
0	vdw	D:LYS:64:CA	D:THR:61:O
0	vdw	D:LYS:64:CB	D:THR:61:O
0	vdw	D:ASP:68:N	D:LYS:64:O
0	vdw	D:LEU:66:N	D:LYS:64:C
0	vdw	D:ARG:71:CA	D:GLU:67:O
0	vdw	D:ARG:71:CB	D:GLU:67:O
0	vdw	D:GLU:67:O	D:LEU:70:N
0	vdw	D:ASP:68:N	D:LEU:66:O
0	vdw	D:ARG:71:N	D:GLU:67:O
0	vdw	D:ARG:71:C	D:THR:75:OG1
0	vdw	D:ARG:71:O	D:THR:75:N
0	vdw	D:ARG:71:O	D:THR:75:CB
0	vdw	D:ARG:71:O	D:THR:75:OG1
0	vdw	D:ARG:71:CG	D:THR:75:OG1
0	vdw	D:ARG:71:CA	D:ILE:50:CD1
0	vdw	D:ARG:71:C	D:VAL:73:N
0	vdw	D:ARG:71:O	D:VAL:73:N
0	vdw	D:LEU:74:C	D:PRO:76:N
0	vdw	D:THR:75:N	D:VAL:73:C
0	vdw	D:THR:75:N	D:VAL:73:O
0	vdw	D:LEU:77:N	D:THR:75:C
0	vdw	D:LEU:77:N	D:THR:75:O
0	vdw	D:ILE:78:N	D:PRO:76:C
0	vdw	D:LEU:74:O	D:LEU:77:N
0	vdw	D:ILE:78:O	D:THR:75:O
0	vdw	D:ASN:128:CG	G:ARG:35:NH2
0	vdw	D:ASN:128:ND2	G:ARG:35:NH2
0	vdw	D:ASN:128:CB	D:LEU:77:O
0	vdw	D:ASN:128:CG	D:LEU:77:O
0	vdw	D:ASN:128:CG	D:THR:79:OG1
0	vdw	D:ASN:128:OD1	D:LEU:77:O
0	vdw	D:ASN:128:OD1	D:THR:79:N
0	vdw	D:ASN:128:OD1	D:THR:79:OG1
0	vdw	D:ASN:128:OD1	D:THR:79:CA
0	vdw	D:ASN:128:OD1	D:THR:79:CB
0	vdw	G:PRO:15:C	G:THR:17:N
0	vdw	D:ARG:62:N	D:THR:60:C
0	vdw	D:ARG:62:N	D:THR:60:O
0	vdw	D:ARG:62:N	D:THR:60:OG1
0	vdw	D:GLU:63:N	D:THR:60:O
0	vdw	D:GLU:63:CA	D:THR:60:O
0	vdw	D:LYS:64:N	D:THR:60:O
0	vdw	D:GLU:63:N	D:THR:61:C
0	vdw	D:LYS:64:N	D:THR:61:C
0	vdw	D:GLU:63:OE1	D:THR:60:C
0	vdw	D:GLU:63:OE1	D:THR:60:O
0	vdw	D:GLU:63:OE1	D:THR:60:CB
0	vdw	D:GLU:63:OE1	D:THR:60:OG1
0	vdw	D:GLU:63:CB	D:THR:60:O
0	vdw	D:LYS:64:CG	D:THR:60:O
0	vdw	D:GLU:63:N	D:THR:61:O
0	vdw	D:LYS:64:N	D:THR:61:O
0	vdw	D:THR:61:O	D:VAL:65:N
0	vdw	D:ARG:62:C	D:LYS:64:N
0	vdw	D:ARG:62:O	D:LYS:64:N
0	vdw	D:ARG:62:O	D:VAL:65:N
0	vdw	D:GLU:63:C	D:VAL:65:N
0	vdw	D:ARG:62:O	D:LEU:66:N
0	vdw	D:GLU:63:C	D:LEU:66:N
0	vdw	D:GLU:63:O	D:VAL:65:N
0	vdw	D:ARG:62:O	D:LEU:66:CG
0	vdw	D:GLU:63:O	D:LEU:66:N
0	vdw	D:GLU:63:O	D:LEU:66:CA
0	vdw	D:GLU:63:O	D:LEU:66:C
0	vdw	D:GLU:63:O	D:GLU:67:N
0	vdw	D:GLU:67:N	D:VAL:65:C
0	vdw	D:GLU:63:O	D:LEU:66:CB
0	vdw	D:ASP:68:N	D:VAL:65:C
0	vdw	D:ASP:68:N	D:LEU:66:C
0	vdw	D:GLU:63:O	D:GLU:67:CB
0	vdw	D:GLU:63:O	D:GLU:67:CG
0	vdw	D:LEU:66:O	D:LEU:70:N
0	vdw	D:LEU:66:O	D:LEU:70:CB
0	vdw	D:LEU:66:O	D:LEU:70:CA
0	vdw	D:ARG:71:N	D:LYS:69:C
0	vdw	D:LEU:70:O	D:VAL:73:N
0	vdw	D:LEU:70:O	D:VAL:73:CB
0	vdw	D:LEU:70:O	D:LEU:74:N
0	vdw	D:LEU:70:O	D:LEU:74:CG
0	vdw	D:LEU:77:CG	D:VAL:73:O
0	vdw	D:LEU:77:CD1	D:VAL:73:O
0	vdw	D:LEU:178:CD1	D:LEU:77:CD2
0	vdw	D:LEU:74:O	D:LEU:77:CB
0	vdw	D:GLU:166:OE1	D:SER:129:OG
0	vdw	D:GLU:166:OE1	D:SER:129:CB
0	vdw	D:LEU:127:C	D:SER:129:N
0	vdw	D:SER:129:CA	G:PRO:7:O
0	vdw	D:SER:129:OG	D:VAL:168:CG1
0	vdw	D:ASN:128:O	G:GLY:8:CA
0	vdw	D:ASN:128:O	G:ARG:35:CD
0	vdw	D:ASN:128:CA	D:LEU:77:O
0	vdw	G:ASP:14:C	G:THR:16:N
0	vdw	G:ASP:14:O	G:THR:16:N
0	vdw	D:LEU:109:CD1	D:LEU:66:CD2
0	vdw	D:LEU:66:CD2	D:SER:105:O
0	vdw	D:ILE:113:CB	D:SER:133:CB
0	vdw	D:ILE:113:CD1	D:SER:133:CB
0	vdw	D:ILE:113:CD1	D:SER:133:OG
0	vdw	D:ILE:113:CB	D:SER:110:O
0	vdw	D:ILE:113:CG1	D:LEU:70:CD1
0	vdw	D:ILE:113:CG2	D:VAL:73:CG1
0	vdw	D:CYS:131:SG	D:VAL:73:CG1
0	vdw	D:LEU:178:CD1	D:VAL:73:CG1
0	vdw	D:CYS:131:SG	D:LEU:178:CD1
0	vdw	D:CYS:131:CB	D:LEU:77:CD1
0	vdw	D:PHE:167:O	D:SER:129:CB
0	vdw	D:SER:129:CB	D:VAL:168:CG1
0	vdw	D:MET:130:N	D:PHE:167:O
0	vdw	D:MET:130:O	D:PHE:167:N
0	vdw	D:VAL:168:CA	G:GLY:8:O
0	vdw	D:VAL:168:CB	G:GLY:8:O
0	vdw	D:ASN:169:N	G:GLY:8:C
0	vdw	D:ASN:169:N	G:GLY:8:O
0	vdw	D:ASN:169:CG	G:SER:10:OG
0	vdw	D:ASN:169:OD1	G:SER:10:OG
0	vdw	D:ARG:62:NE	D:GLU:101:O
0	vdw	D:ARG:62:CZ	D:GLU:101:O
0	vdw	D:ARG:62:NH2	D:GLU:101:O
0	vdw	D:ARG:62:NH1	D:GLU:101:O
0	vdw	D:ARG:62:NE	D:SER:105:CB
0	vdw	D:ARG:62:NH2	D:SER:105:CB
0	vdw	D:GLU:99:OE2	D:SER:105:CA
0	vdw	D:ARG:62:CZ	D:GLU:108:OE1
0	vdw	D:ARG:62:NH2	D:GLU:108:CD
0	vdw	D:ARG:62:NH2	D:GLU:108:OE1
0	vdw	D:ARG:62:NH2	D:GLU:108:OE2
0	vdw	D:ARG:62:CZ	D:GLU:101:CB
0	vdw	D:ARG:62:NH2	D:GLU:101:CB
0	vdw	D:LEU:109:N	D:SER:105:O
0	vdw	D:LEU:109:CB	D:SER:105:O
0	vdw	D:ARG:107:N	D:SER:105:C
0	vdw	D:ARG:107:O	D:LEU:109:N
0	vdw	D:LEU:106:O	D:SER:110:N
0	vdw	D:ARG:107:O	D:SER:110:N
0	vdw	D:CYS:111:N	D:LEU:109:C
0	vdw	D:CYS:112:N	D:LEU:109:C
0	vdw	D:CYS:111:N	D:LEU:109:O
0	vdw	D:CYS:112:N	D:LEU:109:O
0	vdw	D:GLU:108:C	D:SER:110:N
0	vdw	D:GLU:108:O	D:SER:110:N
0	vdw	D:ILE:113:CG1	D:LEU:109:O
0	vdw	D:ILE:113:CD1	D:LEU:109:O
0	vdw	D:CYS:112:CA	D:LEU:109:O
0	vdw	D:CYS:112:CB	D:LEU:109:O
0	vdw	D:ILE:113:N	D:LEU:109:O
0	vdw	D:SER:110:CA	D:SER:133:OG
0	vdw	D:SER:110:CB	D:SER:133:OG
0	vdw	D:SER:110:OG	D:SER:133:OG
0	vdw	D:ILE:113:CG2	D:SER:133:CB
0	vdw	D:ASN:114:OD1	D:SER:133:N
0	vdw	D:ASN:114:OD1	D:SER:133:CA
0	vdw	D:CYS:131:CA	D:LEU:165:O
0	vdw	D:ALA:132:N	D:LEU:165:O
0	vdw	D:LEU:165:O	D:PHE:167:CD1
0	vdw	D:PHE:167:CG	D:VAL:206:CG2
0	vdw	D:PHE:167:CD1	D:VAL:206:CG2
0	vdw	D:GLY:170:N	D:VAL:168:C
0	vdw	D:ASN:169:C	D:GLY:171:N
0	vdw	D:ASN:169:O	D:GLY:171:N
0	vdw	D:LYS:172:N	D:VAL:168:O
0	vdw	D:ARG:210:NH1	D:GLY:171:N
0	vdw	D:ASN:169:O	D:LYS:172:CB
0	vdw	D:GLY:170:N	G:ASP:9:CG
0	vdw	D:GLY:170:N	G:ASP:9:OD1
0	vdw	D:GLY:170:N	G:ASP:9:OD2
0	vdw	D:ASN:169:N	G:ASP:9:CA
0	vdw	D:ASN:169:CA	G:ASP:9:CA
0	vdw	D:GLY:170:N	G:ASP:9:CB
0	vdw	A:LYS:130:CE	C:THR:99:OG1
0	vdw	D:ALA:102:N	D:ASP:100:C
0	vdw	D:ALA:102:N	D:ASP:100:O
0	vdw	D:ALA:102:N	D:ASP:100:OD1
0	vdw	D:ASP:100:O	D:PHE:104:C
0	vdw	D:ASP:100:O	D:PHE:104:O
0	vdw	D:GLU:101:CA	D:PHE:104:O
0	vdw	D:GLU:101:N	D:GLU:99:O
0	vdw	D:ARG:62:NH2	D:GLU:101:CA
0	vdw	D:GLU:101:N	D:GLU:99:C
0	vdw	D:GLU:99:CD	D:PHE:104:C
0	vdw	D:GLU:99:CD	D:PHE:104:O
0	vdw	D:GLU:99:OE1	D:PHE:104:C
0	vdw	D:GLU:99:OE1	D:PHE:104:O
0	vdw	D:GLU:99:OE2	D:PHE:104:C
0	vdw	D:GLU:99:OE2	D:PHE:104:O
0	vdw	D:ARG:107:CB	D:GLU:99:CD
0	vdw	D:ARG:107:CB	D:GLU:99:OE1
0	vdw	D:ARG:107:CB	D:GLU:99:OE2
0	vdw	D:GLU:99:CG	D:SER:97:O
0	vdw	D:ARG:107:CG	D:GLU:99:OE1
0	vdw	D:GLU:99:OE1	D:LEU:154:CD1
0	vdw	D:GLU:108:CD	D:GLU:99:OE2
0	vdw	D:GLU:108:CG	D:GLU:99:OE2
0	vdw	D:GLU:108:N	D:LEU:106:C
0	vdw	D:ARG:107:C	D:LEU:109:N
0	vdw	D:LEU:106:O	D:SER:110:OG
0	vdw	D:ARG:107:O	D:CYS:111:SG
0	vdw	D:ARG:107:O	D:CYS:111:N
0	vdw	D:PRO:135:N	D:SER:110:OG
0	vdw	D:PRO:135:CD	D:SER:110:CB
0	vdw	D:ASN:114:ND2	D:SER:133:O
0	vdw	D:ASN:114:CG	D:SER:133:O
0	vdw	D:ASN:114:OD1	D:SER:133:O
0	vdw	D:ALA:132:CB	D:VAL:206:CG2
0	vdw	D:CYS:202:O	D:VAL:206:CB
0	vdw	D:CYS:202:O	D:VAL:206:CG2
0	vdw	D:CYS:202:O	D:LEU:205:N
0	vdw	D:CYS:202:O	D:VAL:206:N
0	vdw	D:CYS:202:O	D:GLU:204:N
0	vdw	D:CYS:202:O	D:LEU:205:CA
0	vdw	D:CYS:202:O	D:LEU:205:C
0	vdw	D:CYS:202:O	D:LEU:205:CB
0	vdw	D:GLY:171:C	D:PHE:167:CD2
0	vdw	D:GLN:203:O	D:VAL:206:CB
0	vdw	D:GLN:203:NE2	D:GLY:171:O
0	vdw	D:GLN:203:NE2	D:LYS:172:CA
0	vdw	D:GLY:170:C	D:LYS:172:N
0	vdw	D:ASN:169:O	D:LYS:172:N
0	vdw	D:GLY:171:CA	D:VAL:206:CG1
0	vdw	D:GLY:170:O	D:LYS:172:CG
0	vdw	A:GLU:172:N	A:HIS:170:C
0	vdw	A:GLU:172:N	A:HIS:170:O
0	vdw	A:GLN:173:N	A:HIS:170:O
0	vdw	A:GLN:173:CA	A:HIS:170:O
0	vdw	A:ILE:174:O	C:THR:99:O
0	vdw	D:ARG:107:CG	D:LEU:154:CD1
0	vdw	D:ARG:107:CD	D:PRO:135:CB
0	vdw	D:ARG:107:CD	D:PRO:135:CG
0	vdw	D:ARG:107:NH1	D:THR:150:CA
0	vdw	D:ARG:107:NH1	D:THR:150:C
0	vdw	D:ARG:107:NE	D:THR:24:CG2
0	vdw	D:ARG:107:NH1	D:PRO:149:C
0	vdw	D:ARG:107:NH1	D:PRO:149:O
0	vdw	D:ASP:148:OD1	D:PRO:135:CG
0	vdw	D:ASP:148:OD1	D:SER:21:OG
0	vdw	D:ASP:148:OD1	D:GLN:22:OE1
0	vdw	D:ASP:148:CA	D:PRO:135:CG
0	vdw	D:ASP:148:OD1	D:GLN:22:CD
0	vdw	D:ASP:148:OD1	D:GLN:22:NE2
0	vdw	D:ASP:148:CG	D:GLN:22:OE1
0	vdw	D:ASP:148:CG	D:GLN:22:CD
0	vdw	D:ASP:148:CG	D:GLN:22:NE2
0	vdw	D:LEU:205:CD1	D:LYS:201:O
0	vdw	D:ILE:134:CG2	D:LEU:205:CD2
0	vdw	D:GLN:203:N	D:LYS:201:C
0	vdw	D:GLN:203:N	D:LYS:201:O
0	vdw	D:LEU:205:N	D:LYS:201:O
0	vdw	D:CYS:202:C	D:LEU:205:N
0	vdw	D:GLU:204:N	D:LYS:201:C
0	vdw	D:GLU:204:N	D:LYS:201:O
0	vdw	D:GLU:204:CA	D:LYS:201:O
0	vdw	D:CYS:202:C	D:GLU:204:N
0	vdw	D:GLN:203:C	D:LEU:205:N
0	vdw	D:GLN:203:O	D:LEU:205:N
0	vdw	D:GLU:204:CB	D:LYS:201:O
0	vdw	D:GLN:203:O	D:THR:207:N
0	vdw	D:GLN:203:O	D:THR:207:CB
0	vdw	D:GLN:203:O	D:THR:207:OG1
0	vdw	D:GLN:203:O	D:THR:207:CG2
0	vdw	D:GLN:203:CG	D:GLY:171:O
0	vdw	D:GLN:203:C	D:VAL:206:N
0	vdw	D:GLN:203:O	D:VAL:206:N
0	vdw	D:GLN:203:NE2	D:LYS:172:CB
0	vdw	D:GLN:203:NE2	D:LYS:172:CG
0	vdw	A:GLN:173:N	A:GLY:171:C
0	vdw	A:GLN:173:O	A:HIS:170:C
0	vdw	A:GLN:173:O	A:HIS:170:O
0	vdw	A:GLN:173:CB	A:HIS:170:O
0	vdw	A:GLN:173:O	A:HIS:170:N
0	vdw	A:ILE:175:CG2	C:ALA:101:CB
0	vdw	A:ILE:175:CB	C:ALA:101:CB
0	vdw	D:GLU:152:N	D:THR:150:C
0	vdw	D:ASP:148:O	D:GLN:22:NE2
0	vdw	D:ARG:107:CZ	D:PRO:149:O
0	vdw	D:GLU:204:OE1	D:LYS:201:CE
0	vdw	D:GLU:204:CD	D:LYS:201:NZ
0	vdw	D:GLU:204:OE1	D:LYS:201:NZ
0	vdw	D:GLN:153:NE2	D:THR:150:OG1
0	vdw	A:GLU:181:OE2	A:PRO:178:CG
0	vdw	J:LYS:513:C	J:THR:515:N
0	vdw	J:ASN:514:C	J:ASN:516:N
0	vdw	J:ASN:514:O	J:ASN:516:N
0	vdw	J:ASN:514:N	J:ILE:512:C
0	vdw	J:ARG:510:O	J:ASN:514:N
0	vdw	J:ASN:511:O	J:ASN:514:N
0	vdw	J:ASN:511:C	J:ASN:514:N
0	vdw	J:ILE:512:O	J:THR:515:OG1
0	vdw	J:ASN:516:OD1	J:ILE:512:O
0	vdw	J:LEU:509:O	J:LYS:513:N
0	vdw	J:LEU:509:O	J:LYS:513:CB
0	vdw	J:LEU:509:O	J:LYS:513:CG
0	vdw	J:ASN:511:C	J:LYS:513:N
0	vdw	J:ASN:511:O	J:LYS:513:N
0	vdw	J:LEU:509:O	J:LYS:513:CD
0	vdw	H:ASP:286:OD2	H:SER:288:O
0	vdw	H:ASP:286:OD2	H:SER:288:OG
0	vdw	H:LYS:235:NZ	H:SER:288:O
0	vdw	H:LYS:235:CE	H:SER:288:O
0	vdw	H:ASP:286:OD2	H:SER:288:N
0	vdw	H:ASP:286:OD2	H:LYS:235:NZ
0	vdw	H:ASN:292:N	H:SER:290:C
0	vdw	H:ASP:286:O	H:ILE:289:CG1
0	vdw	H:ARG:294:NH2	H:ILE:289:CB
0	vdw	H:ARG:294:NH2	H:ILE:289:CG1
0	vdw	H:LYS:235:NZ	H:SER:288:C
0	vdw	H:ILE:289:CA	H:LYS:235:NZ
0	vdw	H:ASP:286:C	H:SER:288:N
0	vdw	H:ASP:286:O	H:SER:288:N
0	vdw	H:ASN:285:O	H:PRO:287:N
0	vdw	H:ASN:196:CG	H:ASP:286:N
0	vdw	H:ASN:196:OD1	H:ASP:286:N
0	vdw	H:ASP:286:O	H:ILE:289:CD1
0	vdw	H:GLN:279:NE2	H:SER:282:CB
0	vdw	J:GLU:437:OE1	J:PRO:435:CB
0	vdw	J:GLU:437:OE1	J:PRO:435:CG
0	vdw	E:ILE:21:CB	E:SER:14:OG
0	vdw	E:TYR:10:O	H:ARG:294:NH1
0	vdw	E:SER:14:CB	H:ARG:294:NH1
0	vdw	E:TYR:10:CZ	H:ARG:294:NH1
0	vdw	E:TYR:10:CD2	H:ARG:294:NH1
0	vdw	E:TYR:10:CE2	H:ARG:294:NH1
0	vdw	H:ARG:294:CZ	H:ILE:289:CB
0	vdw	H:ARG:294:NE	H:ILE:289:CG2
0	vdw	H:ARG:294:CZ	H:ILE:289:CG2
0	vdw	H:ASN:196:OD1	H:ASN:285:CA
0	vdw	H:ASN:196:OD1	H:ASN:285:C
0	vdw	H:ASN:196:OD1	H:ASN:285:CB
0	vdw	E:HIS:29:CE1	E:LEU:27:CD1
0	vdw	E:LEU:27:CG	H:ASN:331:ND2
0	vdw	E:GLN:30:NE2	E:LEU:27:CG
0	vdw	E:ILE:21:N	E:SER:14:O
0	vdw	E:ILE:21:O	E:SER:14:O
0	vdw	E:ILE:21:O	E:SER:14:OG
0	vdw	E:ILE:21:O	E:LEU:15:CD1
0	vdw	E:SER:14:N	E:TYR:10:O
0	vdw	E:SER:14:CB	E:TYR:10:O
0	vdw	E:TYR:10:O	E:TYR:12:N
0	vdw	E:LEU:11:O	E:SER:14:N
0	vdw	E:LEU:11:N	E:SER:9:C
0	vdw	E:LYS:8:C	E:TYR:10:N
0	vdw	E:LYS:8:O	E:TYR:10:N
0	vdw	E:LEU:11:N	E:LYS:8:O
0	vdw	E:ALA:6:O	E:TYR:10:N
0	vdw	E:GLU:7:C	E:TYR:10:N
0	vdw	E:GLU:7:O	E:TYR:10:N
0	vdw	E:GLU:7:O	E:TYR:10:CA
0	vdw	E:GLU:7:O	E:TYR:10:C
0	vdw	E:GLU:7:O	E:LEU:11:N
0	vdw	E:SER:9:CB	H:ASN:285:ND2
0	vdw	E:SER:9:CA	E:VAL:5:O
0	vdw	E:SER:9:CB	E:VAL:5:O
0	vdw	E:SER:9:OG	E:VAL:5:O
0	vdw	E:ALA:6:O	H:ASN:285:ND2
0	vdw	E:ALA:6:CB	H:ASP:283:O
0	vdw	H:GLU:284:N	H:SER:282:C
0	vdw	E:ALA:6:CA	H:ASP:283:O
0	vdw	E:HIS:29:CE1	E:LEU:27:CB
0	vdw	E:HIS:29:N	E:LEU:27:C
0	vdw	E:HIS:29:N	E:LEU:27:O
0	vdw	E:GLN:30:CG	E:LEU:27:CB
0	vdw	E:ARG:22:CG	E:ARG:26:O
0	vdw	E:ARG:22:CD	E:ARG:26:O
0	vdw	E:ARG:22:CB	E:ARG:26:O
0	vdw	E:GLN:30:CB	E:LEU:27:O
0	vdw	E:ARG:22:CD	E:ARG:26:CB
0	vdw	E:ARG:22:CG	E:GLU:205:OE2
0	vdw	E:ARG:22:CD	E:GLU:205:OE2
0	vdw	E:LEU:11:O	E:LEU:15:CD1
0	vdw	E:LYS:8:O	E:TYR:12:N
0	vdw	E:GLU:7:O	E:LEU:11:CB
0	vdw	E:TYR:10:C	E:TYR:12:N
0	vdw	E:LYS:8:CA	E:VAL:208:CG1
0	vdw	E:LYS:8:N	E:VAL:5:O
0	vdw	E:SER:9:N	E:VAL:5:O
0	vdw	E:GLU:7:N	E:VAL:5:C
0	vdw	E:GLU:7:N	E:VAL:5:O
0	vdw	E:LYS:8:N	E:SER:4:O
0	vdw	E:ALA:6:C	E:LYS:8:N
0	vdw	E:GLU:7:C	E:SER:9:N
0	vdw	E:GLU:7:O	E:SER:9:N
0	vdw	E:VAL:5:CG1	H:ASP:283:CG
0	vdw	E:VAL:5:CG1	H:ASP:283:OD1
0	vdw	E:VAL:5:CG1	H:ASP:283:CB
0	vdw	H:ASP:283:OD2	H:LYS:164:CE
0	vdw	H:ASP:283:CG	H:LYS:164:NZ
0	vdw	H:ASP:283:CG	H:LYS:193:NZ
0	vdw	H:ASP:283:OD2	H:LYS:164:NZ
0	vdw	E:HIS:29:O	E:PHE:31:CD1
0	vdw	E:GLN:30:N	E:LEU:27:C
0	vdw	E:GLN:30:N	E:LEU:27:O
0	vdw	E:ARG:22:NH1	E:LEU:199:O
0	vdw	E:ARG:22:CZ	E:LEU:199:O
0	vdw	E:ARG:22:NH2	E:LEU:199:O
0	vdw	E:ARG:22:NH1	E:LEU:199:C
0	vdw	E:ARG:22:NH2	E:ASP:200:O
0	vdw	E:GLU:205:OE1	E:PRO:201:CA
0	vdw	E:ARG:22:NH2	E:ARG:26:CZ
0	vdw	E:ARG:22:NH2	E:ARG:26:NH2
0	vdw	E:ARG:22:NH2	E:ARG:26:NE
0	vdw	E:ARG:22:NH2	E:ARG:26:NH1
0	vdw	E:ALA:202:N	E:GLU:205:OE1
0	vdw	E:ALA:202:CB	E:GLU:205:CG
0	vdw	E:ALA:202:CB	E:GLU:205:CD
0	vdw	E:ALA:202:N	E:GLU:205:CD
0	vdw	E:GLU:205:O	E:VAL:208:N
0	vdw	E:GLU:205:O	E:VAL:208:CG2
0	vdw	E:GLU:205:C	E:GLU:207:N
0	vdw	E:GLU:205:O	E:GLU:207:N
0	vdw	E:SER:206:C	E:VAL:208:N
0	vdw	E:LYS:8:CB	E:VAL:208:CG1
0	vdw	E:LYS:8:CG	E:SER:4:O
0	vdw	E:PRO:256:C	E:VAL:258:N
0	vdw	E:ASP:257:N	E:TYR:254:O
0	vdw	E:ASP:257:CB	E:TYR:254:O
0	vdw	E:ARG:260:N	E:PRO:256:O
0	vdw	E:ALA:255:O	E:ASP:257:N
0	vdw	E:ASP:257:C	E:VAL:259:N
0	vdw	E:ALA:255:O	E:VAL:258:N
0	vdw	E:ARG:260:CB	E:PRO:256:O
0	vdw	E:TYR:254:O	E:VAL:258:CG1
0	vdw	E:LEU:199:C	E:PRO:201:N
0	vdw	E:ASP:200:CB	E:PHE:31:CD2
0	vdw	E:ARG:26:NH1	E:ASP:200:CB
0	vdw	E:PRO:201:CB	E:SER:206:OG
0	vdw	E:ILE:189:CG2	E:PRO:201:CD
0	vdw	E:ALA:202:N	E:ASP:200:O
0	vdw	E:ARG:26:CZ	E:ASP:200:O
0	vdw	E:ARG:26:NH2	E:ASP:200:O
0	vdw	E:ARG:26:NH1	E:ASP:200:O
0	vdw	E:ALA:202:O	E:SER:206:OG
0	vdw	E:ALA:203:O	E:SER:206:N
0	vdw	E:ALA:202:O	E:SER:206:N
0	vdw	E:ASN:204:C	E:SER:206:N
0	vdw	E:GLU:207:OE2	E:LEU:3:N
0	vdw	I:GLY:238:N	I:SER:236:O
0	vdw	I:GLY:238:N	I:SER:236:OG
0	vdw	I:SER:236:O	I:TYR:244:N
0	vdw	I:SER:236:O	I:TYR:244:CB
0	vdw	I:ASP:214:N	I:SER:212:C
0	vdw	I:ASP:214:N	I:SER:212:O
0	vdw	E:ALA:255:O	E:VAL:259:N
0	vdw	E:ALA:255:O	E:VAL:259:CB
0	vdw	E:ALA:255:O	E:VAL:259:CG2
0	vdw	E:ARG:260:N	E:VAL:258:C
0	vdw	E:ALA:255:O	E:VAL:258:CG1
0	vdw	E:SER:261:N	E:VAL:258:C
0	vdw	E:ARG:260:N	E:VAL:258:O
0	vdw	E:LEU:186:CD1	E:VAL:259:CG2
0	vdw	E:ARG:260:N	E:ASP:257:O
0	vdw	E:PHE:188:CE2	E:VAL:258:CG1
0	vdw	E:VAL:258:CA	H:ILE:5:CG2
0	vdw	E:PHE:143:CZ	E:PHE:188:CD2
0	vdw	E:PHE:143:CZ	E:PHE:188:CE2
0	vdw	E:PHE:143:CE1	E:PHE:188:CE2
0	vdw	F:SER:86:C	F:THR:88:N
0	vdw	F:GLY:85:O	F:PHE:87:N
0	vdw	F:PHE:87:CB	H:ARG:160:NH1
0	vdw	I:ASP:239:O	I:LEU:237:O
0	vdw	I:ASP:239:C	I:THR:241:N
0	vdw	I:ASP:239:O	I:THR:241:N
0	vdw	I:ASP:239:N	I:LEU:237:O
0	vdw	I:ASN:242:O	I:LEU:237:O
0	vdw	I:ILE:204:O	I:TYR:244:CA
0	vdw	I:ILE:204:O	I:TYR:244:CD1
0	vdw	I:ASP:209:CB	I:LEU:245:O
0	vdw	I:ASP:209:OD2	I:LEU:245:O
0	vdw	I:ARG:206:CB	I:ASP:209:CG
0	vdw	I:ARG:206:CB	I:ASP:209:OD2
0	vdw	I:ARG:206:O	I:ASP:209:CA
0	vdw	I:ARG:206:CG	I:ASP:209:OD2
0	vdw	I:ARG:206:CD	I:ASP:209:OD2
0	vdw	I:ARG:211:N	I:ASP:209:C
0	vdw	I:GLN:208:C	I:VAL:210:N
0	vdw	I:ARG:206:O	I:VAL:210:N
0	vdw	I:ARG:211:C	I:THR:213:N
0	vdw	I:ARG:211:O	I:THR:213:N
0	vdw	I:ARG:215:N	I:THR:213:C
0	vdw	E:GLU:263:OE2	E:TYR:146:OH
0	vdw	E:LEU:186:CD2	E:TYR:146:CD2
0	vdw	E:LEU:186:CD2	E:PHE:143:CD1
0	vdw	E:LEU:186:CD2	E:TYR:146:CB
0	vdw	E:LEU:186:CD2	E:TYR:146:CG
0	vdw	E:SER:139:CA	E:VAL:187:O
0	vdw	E:SER:139:CB	E:VAL:187:O
0	vdw	E:SER:139:OG	E:VAL:187:O
0	vdw	E:SER:139:C	E:SER:142:N
0	vdw	E:PRO:137:C	E:SER:139:N
0	vdw	E:ILE:141:N	E:SER:139:C
0	vdw	E:ILE:189:CG2	E:SER:139:CB
0	vdw	E:PRO:137:O	E:SER:139:N
0	vdw	E:PRO:137:O	E:SER:139:C
0	vdw	E:HIS:136:O	E:VAL:138:N
0	vdw	F:ARG:84:O	F:SER:86:N
0	vdw	F:ARG:84:C	F:SER:86:N
0	vdw	I:ARG:202:NH2	I:THR:241:CG2
0	vdw	I:ASP:239:OD2	I:THR:241:CB
0	vdw	I:ASN:242:CG	I:ILE:204:CD1
0	vdw	I:GLY:203:C	I:TYR:243:O
0	vdw	I:ILE:204:N	I:TYR:243:O
0	vdw	I:ILE:204:CA	I:TYR:243:O
0	vdw	I:ILE:204:O	I:TYR:243:O
0	vdw	I:GLY:203:C	I:VAL:153:N
0	vdw	I:ALA:151:O	I:ILE:205:N
0	vdw	I:ALA:151:O	I:ILE:205:CA
0	vdw	I:SER:207:O	I:VAL:210:CB
0	vdw	I:SER:207:CA	I:VAL:210:CG2
0	vdw	I:SER:207:C	I:VAL:210:CG2
0	vdw	I:SER:207:O	I:VAL:210:CG2
0	vdw	I:CYS:223:SG	I:VAL:210:CG1
0	vdw	I:ARG:206:O	I:VAL:210:CG2
0	vdw	E:PRO:184:O	E:TYR:146:CE2
0	vdw	E:PRO:184:O	E:TYR:146:CD2
0	vdw	E:PRO:184:CD	E:TYR:146:CE2
0	vdw	E:PRO:184:CB	E:TYR:146:CD2
0	vdw	E:SER:142:CB	E:VAL:138:O
0	vdw	E:ALA:144:N	E:SER:142:O
0	vdw	E:ILE:145:N	E:SER:142:O
0	vdw	E:SER:142:O	E:TYR:146:CB
0	vdw	E:SER:142:O	E:TYR:146:N
0	vdw	E:SER:139:O	E:SER:142:CB
0	vdw	E:SER:142:N	E:VAL:138:O
0	vdw	E:LEU:140:C	E:SER:142:N
0	vdw	E:LEU:140:O	E:SER:142:N
0	vdw	E:LEU:140:N	E:VAL:138:C
0	vdw	E:SER:139:O	E:SER:142:N
0	vdw	E:HIS:136:C	E:VAL:138:N
0	vdw	E:LEU:140:N	E:PRO:137:C
0	vdw	E:ILE:95:CD1	E:VAL:91:CG1
0	vdw	E:ILE:95:CD1	E:VAL:91:O
0	vdw	E:ILE:95:CD1	E:PRO:137:CG
0	vdw	E:PRO:137:CD	E:SER:135:O
0	vdw	I:ASN:152:CB	I:GLY:203:O
0	vdw	I:GLY:203:O	I:VAL:153:N
0	vdw	I:ASN:152:CA	I:GLY:203:O
0	vdw	I:ASN:152:C	I:GLY:203:O
0	vdw	I:ASN:152:CB	I:ILE:204:CG1
0	vdw	I:ALA:151:O	I:ILE:205:CB
0	vdw	I:ALA:151:O	I:ILE:205:O
0	vdw	I:ALA:151:CB	I:LEU:146:CD2
0	vdw	I:CYS:223:SG	I:LYS:219:O
0	vdw	I:CYS:223:SG	I:VAL:218:CG1
0	vdw	E:ILE:182:C	E:PRO:184:CD
0	vdw	E:ILE:182:O	E:PRO:184:CD
0	vdw	E:ILE:182:CG2	E:PRO:184:CG
0	vdw	E:ILE:182:CG2	E:PRO:184:CD
0	vdw	E:LEU:149:CB	E:PRO:184:CG
0	vdw	E:ASN:150:OD1	E:PRO:184:CG
0	vdw	E:ASN:150:OD1	E:PRO:184:CD
0	vdw	E:PRO:184:CG	E:TYR:146:CD2
0	vdw	E:ILE:141:CG2	E:ILE:145:CD1
0	vdw	E:ILE:95:CG2	E:LEU:99:CD1
0	vdw	E:ILE:141:CG2	E:LEU:99:CD1
0	vdw	E:LEU:99:CD1	E:VAL:80:CG2
0	vdw	E:ILE:95:CB	E:VAL:91:O
0	vdw	E:ILE:95:CG1	E:VAL:91:O
0	vdw	E:GLU:93:N	E:VAL:91:C
0	vdw	E:ALA:89:O	E:VAL:92:N
0	vdw	I:ASN:152:O	I:THR:144:OG1
0	vdw	I:ASN:152:C	I:THR:144:OG1
0	vdw	I:ARG:145:O	I:ASN:152:O
0	vdw	I:ARG:145:N	I:ASN:152:O
0	vdw	I:ARG:145:O	I:ASN:152:OD1
0	vdw	I:PRO:226:CA	I:VAL:143:CG1
0	vdw	I:PHE:224:N	I:VAL:220:O
0	vdw	I:ILE:221:O	I:PHE:224:O
0	vdw	I:GLU:222:C	I:LYS:285:O
0	vdw	I:GLU:222:O	I:LYS:285:O
0	vdw	I:GLU:222:O	I:LYS:285:CG
0	vdw	I:CYS:223:N	I:ILE:221:O
0	vdw	I:CYS:223:N	I:ILE:221:C
0	vdw	I:CYS:223:N	I:VAL:220:O
0	vdw	I:CYS:223:N	I:LYS:219:O
0	vdw	I:GLU:222:CB	I:LYS:285:CD
0	vdw	E:LEU:103:CD2	E:LEU:149:CD1
0	vdw	E:VAL:126:CB	E:VAL:78:CG2
0	vdw	E:ILE:145:CG2	E:LEU:103:CD2
0	vdw	E:VAL:128:CB	E:VAL:80:CG2
0	vdw	E:THR:96:OG1	E:VAL:92:C
0	vdw	E:THR:96:OG1	E:VAL:92:O
0	vdw	E:VAL:80:O	E:VAL:92:CG1
0	vdw	E:THR:96:OG1	E:VAL:80:CB
0	vdw	E:ALA:89:O	E:GLU:93:N
0	vdw	E:ALA:89:N	E:ARG:86:O
0	vdw	E:ALA:89:CB	E:ARG:86:O
0	vdw	E:ALA:89:CB	E:VAL:92:CG2
0	vdw	D:PRO:43:CB	I:THR:144:O
0	vdw	I:ARG:145:CA	I:ASN:152:OD1
0	vdw	I:LEU:146:CD1	I:PRO:226:CD
0	vdw	I:LEU:146:CD1	I:LYS:225:CA
0	vdw	I:LEU:146:CD1	I:PHE:224:O
0	vdw	I:ASN:261:ND2	I:LYS:225:CG
0	vdw	G:GLU:129:OE2	I:LYS:225:NZ
0	vdw	E:LEU:114:CD2	E:LEU:180:CD2
0	vdw	E:ILE:124:CB	E:LEU:76:CD1
0	vdw	E:ILE:124:O	E:LEU:76:CD1
0	vdw	E:LEU:76:CD1	E:VAL:126:CG2
0	vdw	E:GLN:77:N	E:ILE:124:O
0	vdw	E:THR:96:CG2	E:VAL:78:O
0	vdw	E:GLN:77:O	E:VAL:126:O
0	vdw	E:VAL:126:O	E:VAL:78:CA
0	vdw	E:VAL:126:O	E:VAL:78:C
0	vdw	E:ASP:79:N	E:VAL:126:O
0	vdw	E:GLN:77:O	E:PHE:125:C
0	vdw	E:GLN:77:O	E:VAL:126:N
0	vdw	E:GLN:77:O	E:VAL:126:CA
0	vdw	E:GLN:77:O	E:PHE:125:CA
0	vdw	E:GLN:77:O	E:VAL:126:CB
0	vdw	E:ASP:79:CA	E:VAL:126:O
0	vdw	E:ALA:89:N	E:ASP:87:C
0	vdw	E:ARG:86:C	E:ASP:88:N
0	vdw	E:ARG:86:O	E:ASP:88:N
0	vdw	E:ARG:86:NE	E:ASP:88:CG
0	vdw	E:ARG:86:NE	E:ASP:88:OD1
0	vdw	E:ARG:86:CZ	E:ASP:88:OD1
0	vdw	E:ARG:86:NH2	E:ASP:88:OD1
0	vdw	E:ARG:86:CB	E:ASP:88:OD1
0	vdw	D:LEU:42:C	D:THR:44:N
0	vdw	D:PRO:43:O	I:PRO:226:CB
0	vdw	I:ASN:261:ND2	I:LYS:225:CE
0	vdw	G:GLU:129:OE2	I:LYS:225:CE
0	vdw	E:LYS:123:O	E:SER:64:CA
0	vdw	E:LYS:123:O	E:SER:64:CB
0	vdw	E:ILE:124:CA	E:LYS:63:O
0	vdw	E:ILE:124:C	E:LYS:63:O
0	vdw	E:LYS:123:O	E:LYS:65:N
0	vdw	E:GLN:77:CB	E:PHE:125:CD1
0	vdw	E:GLN:77:OE1	E:PHE:125:CD1
0	vdw	E:GLN:77:OE1	E:PHE:125:CE1
0	vdw	E:LYS:123:CD	E:PHE:125:CE1
0	vdw	D:ARG:39:C	D:GLU:41:N
0	vdw	D:GLN:40:N	D:LYS:37:C
0	vdw	D:ALA:38:C	D:GLN:40:N
0	vdw	D:ALA:38:O	D:GLN:40:N
0	vdw	D:GLN:40:N	D:LYS:37:O
0	vdw	D:GLN:40:O	D:LEU:42:N
0	vdw	D:ALA:47:CB	D:GLN:40:O
0	vdw	D:GLN:40:CA	D:LYS:37:O
0	vdw	D:GLU:41:N	D:LYS:37:O
0	vdw	D:GLN:45:O	D:LEU:42:O
0	vdw	D:ARG:85:N	D:LEU:42:O
0	vdw	D:ARG:85:CA	D:LEU:42:O
0	vdw	D:LEU:42:O	D:THR:44:N
0	vdw	D:ARG:80:O	D:GLN:45:CA
0	vdw	D:PRO:84:CA	D:THR:44:O
0	vdw	D:ARG:85:N	D:GLN:45:O
0	vdw	D:PRO:84:CB	D:THR:44:O
0	vdw	D:GLN:45:O	D:TYR:83:O
0	vdw	G:LYS:128:NZ	I:ASN:261:OD1
0	vdw	G:LYS:128:CE	I:ASN:261:OD1
0	vdw	E:LEU:116:CD2	E:LEU:157:CD2
0	vdw	E:LEU:116:CD1	E:PHE:122:CE2
0	vdw	E:LEU:116:CD1	E:PHE:122:CZ
0	vdw	E:LEU:116:CD1	E:PHE:122:CD2
0	vdw	E:SER:121:O	E:VAL:67:N
0	vdw	E:LYS:123:N	E:LYS:65:O
0	vdw	D:ALA:47:CB	D:GLN:86:O
0	vdw	D:LEU:46:O	D:LEU:48:CD2
0	vdw	D:ALA:47:N	D:GLN:86:O
0	vdw	D:ALA:47:CA	D:GLN:86:O
0	vdw	D:ARG:80:O	D:GLN:45:C
0	vdw	D:ARG:80:O	D:LEU:46:N
0	vdw	D:ARG:80:CB	D:LEU:46:N
0	vdw	D:ARG:80:O	D:LEU:46:CB
0	vdw	D:ARG:80:O	D:CYS:82:N
0	vdw	D:ARG:80:CA	D:LEU:46:CB
0	vdw	D:LEU:46:CA	D:TYR:83:O
0	vdw	D:LEU:46:CB	D:TYR:83:O
0	vdw	D:ARG:80:O	D:TYR:83:N
0	vdw	D:ARG:80:C	D:CYS:82:N
0	vdw	D:HIS:81:N	D:THR:79:C
0	vdw	D:HIS:81:N	D:THR:79:O
0	vdw	D:CYS:82:N	D:THR:79:O
0	vdw	D:HIS:81:C	D:TYR:83:N
0	vdw	D:ARG:71:NH2	D:LEU:48:O
0	vdw	D:ILE:78:CD1	D:LEU:48:CD1
0	vdw	D:CYS:88:CB	D:LEU:48:CD1
0	vdw	D:CYS:88:SG	D:LEU:48:CD1
0	vdw	D:ILE:90:CD1	D:LEU:48:CD1
0	vdw	D:ARG:80:N	D:ILE:78:O
0	vdw	D:THR:79:CG2	G:TYR:26:CZ
0	vdw	D:CYS:82:SG	D:THR:79:CG2
0	vdw	D:ALA:126:CB	D:THR:79:CB
0	vdw	D:CYS:82:CB	D:THR:79:O
0	vdw	D:CYS:82:SG	G:TYR:26:CE1
0	vdw	D:CYS:82:SG	G:TYR:26:CD1
0	vdw	G:PRO:18:CD	G:THR:16:O
0	vdw	D:ALA:59:O	F:ARG:6:CB
0	vdw	D:ALA:59:O	F:ARG:6:NE
0	vdw	D:GLU:67:CG	D:ILE:50:O
0	vdw	D:GLU:67:CD	D:ILE:50:O
0	vdw	D:GLU:67:OE1	D:ILE:50:O
0	vdw	D:GLU:67:CG	D:VAL:52:CB
0	vdw	D:GLU:67:CG	D:VAL:52:CG2
0	vdw	D:GLU:67:CD	D:ILE:51:CA
0	vdw	D:GLU:67:OE2	D:ILE:51:CA
0	vdw	D:GLU:67:CG	D:VAL:52:N
0	vdw	D:GLU:67:CD	D:VAL:52:N
0	vdw	D:GLU:67:OE2	D:ILE:51:C
0	vdw	D:GLU:67:OE2	D:VAL:52:N
0	vdw	D:ILE:50:CG2	D:LEU:70:CD2
0	vdw	D:ILE:50:CA	D:ILE:90:O
0	vdw	D:ILE:50:C	D:ILE:90:O
0	vdw	D:ILE:50:CD1	D:LEU:74:CD1
0	vdw	D:ILE:78:N	D:LEU:74:O
0	vdw	D:ILE:78:CG1	D:LEU:74:O
0	vdw	D:ILE:78:CD1	D:LEU:120:CD2
0	vdw	D:ALA:126:O	D:ILE:78:CA
0	vdw	D:ALA:126:O	D:ILE:78:C
0	vdw	D:ALA:126:O	D:ILE:78:CG2
0	vdw	D:ILE:78:CA	D:LEU:127:CD2
0	vdw	D:ILE:78:CG1	D:LEU:127:CD2
0	vdw	D:ILE:125:CG2	D:ILE:78:CG2
0	vdw	D:ARG:80:N	D:ILE:78:C
0	vdw	D:ILE:78:CG1	D:LEU:120:CD2
0	vdw	D:ALA:126:O	D:THR:79:N
0	vdw	D:LEU:127:CA	D:LEU:77:O
0	vdw	D:LEU:127:C	D:LEU:77:O
0	vdw	D:ASN:128:N	D:LEU:77:O
0	vdw	D:LEU:127:O	G:VAL:37:CG1
0	vdw	G:TYR:26:CB	G:VAL:37:CG1
0	vdw	G:ARG:35:N	G:TYR:26:O
0	vdw	G:ARG:35:O	G:TYR:26:N
0	vdw	G:ILE:34:CG2	G:PHE:11:CD1
0	vdw	G:ILE:34:CG2	G:PHE:11:CE1
0	vdw	G:THR:17:O	G:VAL:19:CG2
0	vdw	G:THR:17:O	G:VAL:19:N
0	vdw	D:THR:60:CG2	D:VAL:58:O
0	vdw	D:THR:60:N	D:VAL:58:O
0	vdw	D:ALA:59:CA	D:GLU:63:OE1
0	vdw	D:ALA:59:C	D:GLU:63:OE1
0	vdw	D:GLU:63:OE1	D:THR:60:N
0	vdw	D:GLU:63:OE1	D:THR:60:CA
0	vdw	D:GLU:63:CD	D:THR:60:N
0	vdw	D:ALA:59:CA	D:PRO:54:CD
0	vdw	D:GLU:63:CB	D:VAL:52:O
0	vdw	D:GLU:63:CG	D:VAL:52:O
0	vdw	D:GLU:63:CG	D:PRO:54:CD
0	vdw	D:CYS:92:SG	D:LEU:70:CD2
0	vdw	D:LEU:70:CG	D:LEU:74:CD1
0	vdw	D:LEU:70:CD1	D:LEU:74:CD1
0	vdw	D:LEU:70:CD1	D:LEU:74:CG
0	vdw	D:ILE:113:CA	D:LEU:70:CD1
0	vdw	D:ALA:116:CB	D:LEU:74:CD1
0	vdw	D:ILE:90:CD1	D:LEU:74:CD1
0	vdw	D:LEU:120:CD2	D:LEU:127:CD2
0	vdw	D:LEU:127:O	G:PRO:7:CB
0	vdw	D:LEU:127:O	G:VAL:37:CA
0	vdw	D:LEU:127:O	G:VAL:37:CB
0	vdw	G:ASP:9:O	G:PRO:36:CD
0	vdw	G:PHE:6:O	G:PRO:36:CG
0	vdw	G:PHE:11:CD2	G:VAL:13:N
0	vdw	G:PHE:11:CD2	G:VAL:13:CB
0	vdw	G:ASP:14:N	G:PRO:12:O
0	vdw	G:ASP:14:CG	G:THR:16:OG1
0	vdw	G:ASP:14:OD2	G:THR:16:OG1
0	vdw	G:ASP:14:OD2	G:THR:17:CG2
0	vdw	G:ASP:14:OD1	G:THR:17:OG1
0	vdw	D:GLU:63:OE2	D:PRO:54:CB
0	vdw	D:GLU:63:OE2	D:PRO:54:CG
0	vdw	D:CYS:112:CA	D:GLU:108:O
0	vdw	D:CYS:112:CB	D:GLU:108:O
0	vdw	D:CYS:112:SG	D:GLU:108:O
0	vdw	D:CYS:112:SG	D:CYS:92:CB
0	vdw	D:CYS:112:SG	D:VAL:26:CG1
0	vdw	D:ASN:114:N	D:CYS:112:C
0	vdw	D:ILE:113:N	D:SER:110:C
0	vdw	D:ILE:113:N	D:SER:110:O
0	vdw	D:ILE:113:CA	D:SER:110:O
0	vdw	D:ALA:116:N	D:CYS:112:O
0	vdw	D:ALA:116:CB	D:CYS:112:O
0	vdw	D:CYS:111:O	D:ILE:113:N
0	vdw	D:ALA:115:N	D:ILE:113:C
0	vdw	D:CYS:112:O	D:CYS:92:SG
0	vdw	D:ILE:113:O	D:PHE:117:CB
0	vdw	D:ILE:113:O	D:PHE:117:N
0	vdw	D:ALA:116:N	D:ILE:113:O
0	vdw	D:ALA:115:N	D:ILE:113:O
0	vdw	D:CYS:131:N	D:PHE:117:CZ
0	vdw	D:MET:130:CA	D:PHE:117:CE1
0	vdw	D:MET:130:CA	D:PHE:117:CZ
0	vdw	D:MET:130:CB	D:PHE:117:CZ
0	vdw	D:MET:130:CG	D:PHE:117:CZ
0	vdw	D:LEU:127:CD1	D:PHE:117:CE1
0	vdw	D:MET:130:CG	G:PRO:7:O
0	vdw	D:MET:130:CG	G:PRO:7:CG
0	vdw	G:ASP:9:N	G:PRO:7:C
0	vdw	G:ASP:9:N	G:PRO:7:O
0	vdw	G:ASP:9:OD1	G:PRO:7:O
0	vdw	G:GLY:8:N	G:PHE:6:O
0	vdw	G:PRO:36:O	G:PRO:7:CA
0	vdw	G:GLY:8:N	G:PRO:36:O
0	vdw	G:ASP:9:N	G:PHE:6:O
0	vdw	G:ASP:9:CB	G:PHE:6:O
0	vdw	G:PRO:12:N	G:SER:10:O
0	vdw	G:PRO:12:CD	G:SER:10:O
0	vdw	G:PHE:11:C	G:VAL:13:N
0	vdw	G:PHE:11:O	G:VAL:13:N
0	vdw	G:PHE:11:O	G:VAL:13:O
0	vdw	A:GLN:66:CA	A:SER:129:O
0	vdw	A:PRO:67:CD	A:SER:129:C
0	vdw	A:PRO:67:CD	A:SER:129:O
0	vdw	A:GLN:66:CB	A:SER:129:O
0	vdw	A:ALA:65:C	A:CYS:131:O
0	vdw	A:ALA:65:N	A:CYS:131:O
0	vdw	A:ALA:65:N	A:GLN:63:O
0	vdw	D:ARG:62:NH1	D:GLU:101:CB
0	vdw	D:GLU:108:CD	D:ILE:94:CD1
0	vdw	D:GLU:108:OE1	D:ILE:94:CD1
0	vdw	D:GLU:108:OE2	D:SER:97:O
0	vdw	D:GLU:108:OE2	D:SER:97:CB
0	vdw	D:GLU:108:OE2	D:SER:97:CA
0	vdw	D:GLU:108:CB	D:ILE:94:CD1
0	vdw	D:CYS:111:N	D:GLU:108:O
0	vdw	D:CYS:111:C	D:GLU:108:O
0	vdw	D:CYS:112:N	D:GLU:108:O
0	vdw	D:CYS:112:N	D:SER:110:C
0	vdw	D:CYS:112:N	D:SER:110:O
0	vdw	D:CYS:111:CB	D:GLU:108:O
0	vdw	D:CYS:111:C	D:ILE:113:N
0	vdw	D:ASN:114:N	D:SER:110:O
0	vdw	D:ASN:114:CB	D:SER:110:O
0	vdw	D:ASN:114:CG	D:SER:110:O
0	vdw	D:ASN:114:ND2	D:SER:110:O
0	vdw	D:ASN:114:N	D:CYS:111:O
0	vdw	D:ASN:114:CB	D:PHE:19:CD2
0	vdw	D:ASN:114:CB	D:PHE:19:CE2
0	vdw	D:ARG:210:NH1	D:MET:130:SD
0	vdw	D:MET:130:SD	G:PHE:6:CB
0	vdw	D:MET:130:SD	G:PHE:6:CD2
0	vdw	D:ARG:210:CG	D:MET:130:CE
0	vdw	D:ARG:210:NH1	D:GLY:170:CA
0	vdw	D:ARG:210:NH1	G:ASP:9:CG
0	vdw	D:ARG:210:NH1	G:ASP:9:OD1
0	vdw	D:ARG:210:NH1	G:ASP:9:OD2
0	vdw	D:ARG:210:NH1	G:PHE:6:CB
0	vdw	D:ARG:210:NH1	G:PHE:6:CG
0	vdw	D:ARG:210:NH1	G:PHE:6:CD1
0	vdw	D:ARG:210:NH1	D:GLY:170:C
0	vdw	D:GLY:170:CA	G:ASP:9:CG
0	vdw	D:GLY:170:CA	G:ASP:9:OD2
0	vdw	D:ARG:210:NH2	D:GLY:170:CA
0	vdw	D:ARG:210:NH2	G:ASP:9:OD2
0	vdw	G:ASP:9:CG	G:PHE:6:CB
0	vdw	G:ASP:9:OD1	G:PHE:6:CB
0	vdw	G:ASP:9:OD2	G:PHE:6:CB
0	vdw	G:ASP:9:CG	G:PHE:6:O
0	vdw	G:ASP:9:OD1	G:PHE:6:O
0	vdw	G:ASP:9:CG	G:PHE:6:C
0	vdw	G:ASP:9:OD1	G:PHE:6:C
0	vdw	A:SER:129:CB	A:VAL:126:CG1
0	vdw	A:SER:129:CB	A:VAL:126:CB
0	vdw	A:LYS:130:N	A:VAL:126:O
0	vdw	A:ILE:174:CG1	A:LYS:130:CD
0	vdw	A:ALA:65:O	A:LYS:130:CA
0	vdw	A:ILE:64:CD1	A:TRP:132:CE2
0	vdw	A:ILE:64:CD1	A:TRP:132:CZ2
0	vdw	A:ILE:64:CD1	A:TRP:132:CZ3
0	vdw	A:ILE:64:CD1	A:TRP:132:CH2
0	vdw	A:ILE:125:CD1	A:ILE:64:CD1
0	vdw	D:GLU:101:OE2	D:LYS:56:CE
0	vdw	D:GLU:101:OE2	D:LYS:56:NZ
0	vdw	D:GLU:101:OE1	D:SER:97:CB
0	vdw	D:GLU:101:OE1	D:GLU:99:O
0	vdw	D:GLU:101:CD	D:SER:97:OG
0	vdw	D:GLU:101:OE1	D:SER:97:OG
0	vdw	D:SER:97:C	D:THR:24:CB
0	vdw	D:SER:97:O	D:THR:24:CB
0	vdw	D:GLU:99:N	D:SER:97:C
0	vdw	D:GLU:99:N	D:SER:97:O
0	vdw	D:GLU:108:CG	D:SER:97:O
0	vdw	D:CYS:111:SG	D:THR:24:OG1
0	vdw	D:CYS:111:SG	D:SER:21:CB
0	vdw	D:CYS:111:CB	D:VAL:26:CG2
0	vdw	D:ASN:114:ND2	D:PHE:19:CZ
0	vdw	D:GLU:204:C	D:VAL:206:N
0	vdw	D:ILE:209:N	D:LEU:205:O
0	vdw	D:ILE:209:CA	D:LEU:205:O
0	vdw	D:ILE:209:CB	D:LEU:205:O
0	vdw	D:ILE:209:CG1	D:LEU:205:O
0	vdw	D:ASN:208:N	D:LEU:205:O
0	vdw	D:ASN:208:C	D:LEU:205:O
0	vdw	D:ASN:208:CB	D:LEU:205:O
0	vdw	D:ASN:208:CA	D:LEU:205:O
0	vdw	D:ARG:210:CD	D:VAL:206:O
0	vdw	D:ARG:210:CD	D:VAL:206:CG1
0	vdw	D:ASN:208:N	D:VAL:206:C
0	vdw	D:ASN:208:N	D:VAL:206:O
0	vdw	D:ILE:209:C	D:VAL:206:O
0	vdw	D:ARG:210:N	D:VAL:206:O
0	vdw	D:ARG:210:CB	D:VAL:206:O
0	vdw	D:ARG:210:CG	D:VAL:206:O
0	vdw	D:ILE:209:N	D:VAL:206:C
0	vdw	D:ILE:209:N	D:VAL:206:O
0	vdw	D:ILE:209:CA	D:VAL:206:O
0	vdw	D:ILE:209:CB	D:VAL:206:O
0	vdw	D:ARG:210:CZ	D:GLY:170:O
0	vdw	D:ARG:210:CZ	D:GLY:170:C
0	vdw	D:ARG:210:CZ	D:GLY:170:CA
0	vdw	D:ARG:210:CZ	G:ASP:9:OD2
0	vdw	D:ARG:210:CZ	G:PHE:6:CG
0	vdw	D:ARG:210:CZ	G:PHE:6:CD1
0	vdw	D:ARG:210:NH2	D:GLY:170:C
0	vdw	D:ARG:210:NH2	G:PHE:6:CD1
0	vdw	D:ARG:210:NH2	G:PHE:6:CE1
0	vdw	A:ILE:174:CD1	A:VAL:126:CG2
0	vdw	A:ILE:125:CG2	A:ILE:174:CD1
0	vdw	A:ILE:167:CG2	A:ILE:174:CG2
0	vdw	A:ILE:174:CD1	A:VAL:169:CG1
0	vdw	A:ILE:167:CD1	A:VAL:176:CG2
0	vdw	D:ARG:107:CZ	D:GLY:98:O
0	vdw	D:ARG:107:NH2	D:GLY:98:O
0	vdw	D:ASP:23:C	D:GLY:98:CA
0	vdw	D:GLY:98:CA	D:THR:24:N
0	vdw	D:GLY:98:CA	D:THR:24:CB
0	vdw	D:ASP:23:CB	D:GLY:98:CA
0	vdw	D:GLY:98:CA	D:THR:24:CA
0	vdw	D:ARG:107:NH2	D:THR:24:CG2
0	vdw	D:ARG:107:NH2	D:GLN:22:CB
0	vdw	D:SER:21:O	D:THR:24:CG2
0	vdw	D:CYS:111:SG	D:THR:24:CG2
0	vdw	D:ASP:148:OD2	D:SER:21:OG
0	vdw	D:PHE:19:CE1	D:SER:21:CB
0	vdw	D:GLU:204:O	D:THR:207:OG1
0	vdw	D:ASN:208:N	D:GLU:204:O
0	vdw	D:LEU:205:C	D:THR:207:N
0	vdw	D:ASN:208:N	D:LEU:205:C
0	vdw	D:ASN:208:CB	D:GLU:204:O
0	vdw	D:ASN:208:CB	D:LEU:205:CA
0	vdw	D:ASN:208:CB	D:LEU:205:C
0	vdw	D:ILE:209:N	D:THR:207:C
0	vdw	A:ILE:175:CG1	A:THR:168:O
0	vdw	A:ILE:167:CD1	A:ILE:175:O
0	vdw	A:ILE:167:CD1	A:VAL:176:CA
0	vdw	A:ILE:167:CG2	A:ILE:175:O
0	vdw	D:ASP:148:OD2	D:GLN:22:NE2
0	vdw	D:MET:1:O	D:VAL:3:N
0	vdw	A:ILE:175:CG1	A:THR:168:OG1
0	vdw	A:ILE:175:CD1	A:THR:168:OG1
0	vdw	A:HIS:177:CD2	A:ILE:175:CD1
0	vdw	A:HIS:177:NE2	A:ILE:175:CD1
0	vdw	A:HIS:177:CE1	A:ILE:175:CD1
0	vdw	A:ASP:166:O	A:HIS:177:CD2
0	vdw	A:ARG:182:CD	A:HIS:177:CG
0	vdw	A:ARG:182:CD	A:HIS:177:CD2
0	vdw	A:ARG:182:NH2	A:HIS:177:CD2
0	vdw	A:HIS:177:CD2	A:THR:168:CG2
0	vdw	A:HIS:177:NE2	A:THR:168:CG2
0	vdw	A:PRO:178:CD	A:VAL:176:O
0	vdw	A:GLU:181:CD	A:PRO:178:CD
0	vdw	A:GLU:181:OE1	A:PRO:178:CD
0	vdw	A:ASP:166:O	A:HIS:177:N
0	vdw	A:ASP:166:O	A:HIS:177:CB
0	vdw	A:ARG:182:CD	A:HIS:177:CB
0	vdw	A:ASN:180:OD1	A:PRO:178:CB
0	vdw	A:ASN:180:N	A:PRO:178:C
0	vdw	A:ARG:182:CD	A:HIS:177:ND1
0	vdw	A:ARG:182:CD	A:HIS:177:CE1
0	vdw	A:GLU:181:CD	A:PRO:178:CG
0	vdw	A:GLU:181:N	A:VAL:179:C
0	vdw	J:ASN:511:O	J:ASN:514:CB
0	vdw	J:ARG:510:O	J:ASN:514:CB
0	vdw	J:ARG:510:C	J:ILE:512:N
0	vdw	J:ASN:511:N	J:LEU:509:O
0	vdw	J:ASN:511:N	J:ASP:507:O
0	vdw	J:ASN:511:N	J:LEU:509:C
0	vdw	J:ALA:508:C	J:ASN:511:N
0	vdw	J:ALA:508:O	J:ASN:511:N
0	vdw	J:ALA:508:O	J:ASN:511:CA
0	vdw	J:ARG:506:O	J:ARG:510:N
0	vdw	J:ARG:506:O	J:ARG:510:CB
0	vdw	J:ARG:510:N	J:ASP:507:O
0	vdw	J:ARG:510:CB	J:ASP:507:O
0	vdw	J:ALA:508:C	J:ARG:510:N
0	vdw	J:ALA:508:O	J:ARG:510:N
0	vdw	J:ALA:508:O	J:ASN:511:C
0	vdw	J:ILE:512:CG2	J:LEU:509:O
0	vdw	J:ILE:512:CG2	J:LEU:509:CA
0	vdw	J:ILE:512:CG2	J:LEU:509:C
0	vdw	J:ALA:508:O	J:ILE:512:N
0	vdw	J:ALA:508:O	J:ILE:512:CB
0	vdw	J:ALA:508:O	J:ILE:512:CG2
0	vdw	J:ILE:505:O	J:LEU:509:CA
0	vdw	J:ILE:505:O	J:LEU:509:CB
0	vdw	J:ILE:505:O	J:LEU:509:CG
0	vdw	H:ASN:292:N	H:SER:290:O
0	vdw	H:ILE:293:CG1	H:SER:290:OG
0	vdw	H:ILE:293:CD1	H:SER:290:OG
0	vdw	H:ILE:293:CD1	H:LYS:235:CE
0	vdw	H:ILE:293:CD1	H:LYS:235:CG
0	vdw	H:ILE:289:CD1	H:LYS:235:NZ
0	vdw	J:GLU:437:O	J:ILE:512:CD1
0	vdw	J:GLU:437:C	J:GLU:439:N
0	vdw	J:GLU:437:O	J:GLU:439:N
0	vdw	H:ASN:291:C	H:ILE:293:N
0	vdw	H:ASN:291:O	H:ILE:293:N
0	vdw	H:ARG:294:N	H:ASN:291:O
0	vdw	H:ARG:294:N	H:ASN:292:C
0	vdw	H:ILE:293:N	H:SER:290:O
0	vdw	H:ARG:294:N	H:SER:290:O
0	vdw	H:ASN:291:O	H:GLN:295:N
0	vdw	H:ILE:293:CA	H:SER:290:O
0	vdw	H:ILE:293:CB	H:SER:290:O
0	vdw	H:ARG:294:CG	H:SER:290:O
0	vdw	H:ALA:296:N	H:ILE:293:C
0	vdw	H:ILE:289:CD1	H:LYS:235:CE
0	vdw	H:ASP:286:CB	H:ILE:289:CD1
0	vdw	H:ASN:196:ND2	H:ASP:286:CB
0	vdw	H:ASN:196:CG	H:ASP:286:CB
0	vdw	H:GLN:279:N	H:SER:277:C
0	vdw	J:GLU:437:N	J:PRO:435:O
0	vdw	J:GLU:437:CG	J:PRO:435:O
0	vdw	J:GLU:437:N	J:PRO:435:C
0	vdw	J:GLU:437:CG	J:PRO:435:CB
0	vdw	J:ARG:438:N	J:PRO:435:O
0	vdw	J:ARG:438:NE	J:VAL:473:O
0	vdw	E:ILE:21:CG2	H:GLN:295:CG
0	vdw	H:ASN:291:O	H:GLN:295:CB
0	vdw	H:ASN:291:O	H:GLN:295:CG
0	vdw	E:TYR:10:OH	H:ARG:294:CA
0	vdw	H:ARG:294:O	H:ILE:297:N
0	vdw	H:ARG:294:O	H:CYS:298:N
0	vdw	H:ARG:294:O	H:ILE:297:CB
0	vdw	H:ARG:294:O	H:CYS:298:CA
0	vdw	H:ARG:294:O	H:CYS:298:CB
0	vdw	H:CYS:298:CB	H:GLN:295:CA
0	vdw	H:GLN:295:N	H:ILE:293:C
0	vdw	H:ALA:296:N	H:ARG:294:C
0	vdw	H:ALA:296:N	H:ARG:294:O
0	vdw	H:GLN:295:N	H:ILE:293:O
0	vdw	E:TYR:10:OH	H:ILE:297:CB
0	vdw	E:TYR:10:OH	H:ILE:297:CG1
0	vdw	E:TYR:10:OH	H:ILE:297:CG2
0	vdw	H:ARG:294:CG	H:ILE:289:CG2
0	vdw	H:ASN:196:N	H:ASN:285:OD1
0	vdw	H:ASN:196:CA	H:ASN:285:OD1
0	vdw	E:ALA:6:O	H:ASN:285:CG
0	vdw	H:ARG:195:NE	H:SER:282:OG
0	vdw	H:ARG:195:NE	H:SER:282:O
0	vdw	H:ARG:195:NH1	H:SER:282:N
0	vdw	H:ARG:195:NH1	H:SER:282:CA
0	vdw	H:ARG:195:NH1	H:SER:282:OG
0	vdw	H:GLN:279:O	H:SER:282:N
0	vdw	H:GLN:279:O	H:SER:282:CB
0	vdw	H:GLN:279:O	H:SER:282:OG
0	vdw	H:ARG:195:NH1	H:SER:282:C
0	vdw	H:ARG:195:NH1	H:SER:282:O
0	vdw	H:ARG:195:NH1	H:ILE:280:O
0	vdw	H:ARG:195:CZ	H:SER:282:OG
0	vdw	H:ARG:195:NH1	H:TYR:281:C
0	vdw	H:ARG:195:NH1	H:ILE:280:C
0	vdw	H:GLN:279:O	H:TYR:281:N
0	vdw	H:ILE:280:C	H:SER:282:N
0	vdw	H:ILE:280:N	H:TRP:278:C
0	vdw	H:ILE:280:N	H:TRP:278:O
0	vdw	H:GLN:279:C	H:TYR:281:N
0	vdw	H:PRO:144:CB	H:TRP:278:CE3
0	vdw	H:PRO:144:CG	H:TRP:278:CE3
0	vdw	H:PRO:144:CG	H:TRP:278:CZ3
0	vdw	J:ASN:433:O	J:PRO:435:N
0	vdw	J:ASN:433:O	J:PRO:435:CD
0	vdw	E:GLN:30:NE2	H:ASN:331:ND2
0	vdw	H:ASN:331:CG	H:GLY:333:N
0	vdw	H:ASN:331:OD1	H:GLY:333:N
0	vdw	E:GLY:25:C	H:GLY:333:N
0	vdw	E:GLY:25:C	H:GLY:333:CA
0	vdw	E:GLY:25:O	H:GLY:333:N
0	vdw	E:GLY:25:O	H:GLY:333:CA
0	vdw	E:ARG:22:O	E:GLY:25:N
0	vdw	E:ARG:22:O	H:CYS:298:SG
0	vdw	E:GLY:25:CA	H:CYS:298:SG
0	vdw	E:ARG:22:O	E:ASP:24:N
0	vdw	E:ALA:6:O	E:TYR:10:CB
0	vdw	E:GLU:7:O	E:TYR:10:CB
0	vdw	E:TYR:10:CG	H:GLY:197:O
0	vdw	E:TYR:10:CD1	H:GLY:197:O
0	vdw	E:ALA:6:O	H:ASN:285:OD1
0	vdw	H:ARG:195:CZ	H:SER:282:O
0	vdw	E:ARG:26:CB	E:GLN:30:CB
0	vdw	E:GLN:30:CB	E:LEU:27:N
0	vdw	E:GLN:30:CG	E:LEU:27:N
0	vdw	E:GLN:30:CD	E:LEU:27:N
0	vdw	E:ARG:26:CA	E:GLN:30:OE1
0	vdw	E:ARG:26:CG	E:GLN:30:OE1
0	vdw	E:GLN:30:OE1	H:GLY:333:O
0	vdw	E:GLN:30:OE1	H:GLY:333:C
0	vdw	E:GLN:30:OE1	H:GLY:333:CA
0	vdw	E:ARG:26:N	E:ASP:24:C
0	vdw	E:ARG:26:N	E:ASP:24:O
0	vdw	E:ARG:26:CG	E:ASP:24:CG
0	vdw	E:ARG:26:CG	H:ILE:336:CD1
0	vdw	E:ARG:26:CG	E:ASP:24:OD2
0	vdw	E:ARG:22:CB	E:ASP:24:OD1
0	vdw	E:GLU:205:OE2	E:PRO:23:CG
0	vdw	E:GLU:205:OE2	E:PRO:23:CD
0	vdw	E:PRO:23:CB	H:MET:198:SD
0	vdw	E:ARG:22:C	E:ASP:24:N
0	vdw	E:ARG:22:C	E:GLY:25:N
0	vdw	E:GLU:7:O	E:LEU:11:CG
0	vdw	E:ASN:204:ND2	E:LEU:11:CD1
0	vdw	E:GLU:7:N	E:SER:4:O
0	vdw	E:GLU:7:CA	E:SER:4:O
0	vdw	E:GLU:7:CB	E:SER:4:O
0	vdw	E:GLU:7:N	E:SER:4:OG
0	vdw	E:ALA:6:N	E:SER:4:O
0	vdw	E:ALA:6:N	E:SER:4:OG
0	vdw	E:GLU:7:N	E:SER:4:C
0	vdw	E:GLU:7:CG	E:SER:4:OG
0	vdw	E:SER:4:CB	H:GLY:166:C
0	vdw	E:SER:4:CB	H:GLY:166:O
0	vdw	E:SER:4:CB	H:ASP:167:CA
0	vdw	H:ASP:167:CG	H:LYS:164:NZ
0	vdw	H:ASP:167:OD1	H:LYS:164:NZ
0	vdw	H:ASP:167:OD2	H:LYS:164:NZ
0	vdw	H:LYS:164:NZ	H:LYS:193:NZ
0	vdw	H:ASP:283:OD1	H:LYS:164:NZ
0	vdw	H:ASP:167:CG	H:LYS:193:CE
0	vdw	H:ASP:167:CG	H:LYS:193:NZ
0	vdw	H:ASP:167:OD2	H:LYS:193:CE
0	vdw	H:ASP:167:OD2	H:LYS:193:NZ
0	vdw	H:ASP:283:OD1	H:LYS:193:CE
0	vdw	H:ASP:283:OD1	H:LYS:193:NZ
0	vdw	H:ASP:167:CG	H:LYS:164:CG
0	vdw	H:ASP:167:OD2	H:LYS:164:CG
0	vdw	H:ASP:167:CB	H:LYS:193:CE
0	vdw	H:ASP:167:OD2	H:LYS:164:N
0	vdw	H:ASP:167:OD2	H:LEU:163:CA
0	vdw	H:ASP:167:CG	H:LYS:164:O
0	vdw	H:ASP:167:OD2	H:LYS:164:O
0	vdw	H:LYS:193:NZ	H:TYR:281:O
0	vdw	H:MET:159:O	H:PHE:162:N
0	vdw	H:ARG:160:C	H:PHE:162:N
0	vdw	H:MET:159:O	H:PHE:162:CA
0	vdw	H:GLN:158:C	H:SER:161:OG
0	vdw	H:GLN:158:O	H:SER:161:OG
0	vdw	E:ARG:26:NH1	E:GLN:30:O
0	vdw	E:ARG:26:NH1	E:ASP:200:CG
0	vdw	E:ARG:26:NH1	E:ASP:200:OD2
0	vdw	E:ARG:26:CD	H:ILE:336:CD1
0	vdw	E:ARG:26:NH1	E:ARG:32:NE
0	vdw	E:ARG:26:CD	E:ASP:24:OD2
0	vdw	E:ARG:26:NE	E:ASP:24:OD2
0	vdw	E:ARG:26:CD	E:ARG:32:CG
0	vdw	E:ARG:26:NE	E:ARG:32:CG
0	vdw	E:ARG:26:NH1	E:ARG:32:CG
0	vdw	E:ARG:26:NH1	E:ARG:32:CD
0	vdw	E:ARG:26:NE	E:ASP:24:CG
0	vdw	E:ARG:26:CZ	E:ASP:24:OD2
0	vdw	E:ARG:26:CZ	E:ARG:32:CD
0	vdw	E:ARG:26:NH2	E:ARG:32:CD
0	vdw	E:ARG:26:CZ	E:ARG:32:CG
0	vdw	E:ALA:202:CB	E:ASN:204:OD1
0	vdw	E:ALA:202:CB	E:ARG:32:NH2
0	vdw	E:ASN:204:CB	E:LEU:3:CD1
0	vdw	E:ALA:203:C	E:GLU:205:N
0	vdw	E:ALA:203:O	E:GLU:205:N
0	vdw	E:GLU:207:OE1	E:LEU:3:CG
0	vdw	E:GLU:207:OE1	E:LEU:3:CD1
0	vdw	E:LEU:3:CA	H:ARG:115:NH1
0	vdw	E:GLU:7:OE2	E:SER:4:N
0	vdw	E:SER:4:N	H:ARG:115:NH1
0	vdw	E:SER:4:N	H:GLY:166:O
0	vdw	E:ALA:6:N	E:SER:4:C
0	vdw	E:SER:4:CA	H:GLY:166:O
0	vdw	H:ILE:116:CG2	H:LYS:164:C
0	vdw	H:ARG:160:CG	H:LYS:164:CB
0	vdw	H:ARG:160:O	H:PHE:162:N
0	vdw	H:MET:159:C	H:SER:161:N
0	vdw	H:MET:159:O	H:SER:161:N
0	vdw	H:ARG:160:N	H:GLN:158:C
0	vdw	H:ARG:160:N	H:GLN:158:O
0	vdw	H:GLN:158:O	H:SER:161:N
0	vdw	H:MET:159:O	H:TRP:124:CZ2
0	vdw	H:LEU:163:O	H:MET:159:O
0	vdw	H:ARG:160:CA	H:LEU:163:O
0	vdw	H:MET:159:O	H:PHE:162:CB
0	vdw	H:LEU:163:N	H:MET:159:O
0	vdw	E:ASP:257:O	E:SER:261:N
0	vdw	E:ASP:257:O	E:SER:261:CB
0	vdw	E:PHE:31:CB	H:ILE:5:CB
0	vdw	E:ARG:32:N	E:ASP:200:OD2
0	vdw	E:ARG:32:NH1	E:ASP:200:CG
0	vdw	E:ARG:32:NE	E:ASP:200:OD2
0	vdw	E:ARG:32:CB	E:ASP:200:OD2
0	vdw	E:ARG:32:NH1	E:PRO:201:O
0	vdw	E:ALA:202:CA	E:ARG:32:CZ
0	vdw	E:ALA:202:C	E:ASN:204:N
0	vdw	E:ALA:202:O	E:GLU:205:N
0	vdw	E:ALA:202:CA	E:ARG:32:NH2
0	vdw	E:ALA:203:CB	E:HIS:134:O
0	vdw	H:ASP:167:N	H:GLU:165:C
0	vdw	H:ARG:160:NH1	H:GLU:165:CD
0	vdw	H:ARG:160:NH1	H:GLU:165:OE1
0	vdw	H:ARG:160:NH1	H:GLU:165:OE2
0	vdw	H:ARG:160:CZ	H:VAL:119:CG1
0	vdw	H:ARG:160:NH1	H:VAL:119:CG1
0	vdw	H:GLU:165:CD	H:VAL:119:CG1
0	vdw	H:GLU:165:OE1	H:VAL:119:CG1
0	vdw	H:ARG:160:NH2	H:VAL:119:CG1
0	vdw	I:ARG:215:CG	I:GLN:208:CA
0	vdw	I:ARG:215:CG	I:GLN:208:O
0	vdw	I:ARG:215:CG	I:GLN:208:CB
0	vdw	I:ARG:215:CD	I:GLN:208:O
0	vdw	E:ARG:260:C	E:LEU:262:N
0	vdw	E:ARG:260:O	E:GLU:263:CB
0	vdw	E:ARG:260:O	E:GLU:263:N
0	vdw	E:ARG:260:CB	E:ASP:257:O
0	vdw	E:SER:261:N	E:VAL:258:O
0	vdw	E:SER:261:CA	E:VAL:258:O
0	vdw	E:SER:261:CB	E:VAL:258:O
0	vdw	E:LEU:262:N	E:VAL:258:O
0	vdw	E:SER:261:N	E:VAL:259:C
0	vdw	E:SER:261:N	E:VAL:259:O
0	vdw	E:LEU:262:N	E:VAL:259:O
0	vdw	E:LEU:262:CD1	E:VAL:258:O
0	vdw	E:LEU:262:CB	E:VAL:258:O
0	vdw	E:GLU:263:N	E:VAL:259:O
0	vdw	E:SER:261:CB	H:ILE:5:CG2
0	vdw	E:LEU:262:CD1	E:VAL:258:CG2
0	vdw	E:LEU:262:CD1	H:ILE:7:CG2
0	vdw	E:ARG:32:NH1	E:ASP:200:OD1
0	vdw	H:GLU:165:OE2	H:VAL:119:CG1
0	vdw	I:ASP:239:OD2	I:THR:241:OG1
0	vdw	I:ARG:206:CB	I:GLN:208:OE1
0	vdw	I:ASP:209:N	I:SER:207:C
0	vdw	I:ASP:209:N	I:SER:207:O
0	vdw	I:ASP:214:O	I:VAL:218:CG2
0	vdw	I:ASP:214:C	I:ASP:216:N
0	vdw	I:ASP:214:O	I:ASP:216:N
0	vdw	E:GLU:263:CA	E:VAL:259:O
0	vdw	E:GLU:263:CB	E:VAL:259:O
0	vdw	E:GLU:263:N	E:SER:261:C
0	vdw	E:GLU:263:N	E:SER:261:O
0	vdw	E:PHE:143:CG	E:SER:139:O
0	vdw	E:PHE:143:CD2	E:SER:139:O
0	vdw	E:ILE:50:CD1	E:PHE:143:CB
0	vdw	E:LEU:140:N	E:PRO:137:O
0	vdw	E:LEU:140:CA	E:PRO:137:O
0	vdw	E:LEU:140:CB	E:PRO:137:O
0	vdw	E:PRO:137:N	E:SER:135:C
0	vdw	E:PRO:137:N	E:SER:135:O
0	vdw	E:SER:133:C	E:SER:135:N
0	vdw	I:ARG:150:CD	I:ILE:204:CG2
0	vdw	I:ARG:150:CA	I:ILE:205:O
0	vdw	I:ARG:150:C	I:ILE:205:O
0	vdw	I:GLN:149:O	I:SER:207:N
0	vdw	I:ARG:206:C	I:GLN:208:N
0	vdw	I:ARG:206:C	I:ASP:209:N
0	vdw	I:ARG:206:O	I:GLN:208:N
0	vdw	I:ARG:206:O	I:ASP:209:N
0	vdw	I:GLN:149:O	I:SER:207:CB
0	vdw	I:GLN:149:C	I:SER:207:CB
0	vdw	E:ASN:150:ND2	E:TYR:146:CE1
0	vdw	E:ASN:150:CG	E:TYR:146:O
0	vdw	E:PHE:143:O	E:SER:147:N
0	vdw	E:ILE:145:C	E:SER:147:N
0	vdw	E:ALA:148:N	E:TYR:146:C
0	vdw	E:ALA:144:O	E:SER:147:N
0	vdw	E:ALA:144:N	E:SER:142:C
0	vdw	E:LEU:140:O	E:PHE:143:N
0	vdw	E:ILE:141:C	E:PHE:143:N
0	vdw	E:ILE:141:O	E:PHE:143:N
0	vdw	E:ALA:144:N	E:LEU:140:O
0	vdw	E:ALA:144:N	E:ILE:141:C
0	vdw	E:ALA:144:N	E:ILE:141:O
0	vdw	E:ILE:145:N	E:PHE:143:C
0	vdw	E:PHE:143:N	E:SER:139:O
0	vdw	E:PHE:143:O	E:SER:147:OG
0	vdw	E:ILE:50:CD1	E:PHE:143:C
0	vdw	E:ILE:50:CD1	E:PHE:143:O
0	vdw	E:ALA:144:N	E:ILE:50:CD1
0	vdw	E:LEU:140:C	E:PRO:137:O
0	vdw	E:ILE:141:N	E:PRO:137:O
0	vdw	E:ILE:141:CA	E:PRO:137:O
0	vdw	E:ILE:141:CB	E:PRO:137:O
0	vdw	E:CYS:58:SG	E:ILE:141:CA
0	vdw	E:ALA:144:CB	E:LEU:140:O
0	vdw	E:ALA:144:CA	E:ILE:141:O
0	vdw	E:ALA:144:CB	E:ILE:141:O
0	vdw	E:ILE:141:CG1	E:PRO:137:O
0	vdw	E:CYS:58:SG	E:ILE:141:CG1
0	vdw	I:ARG:150:CG	I:SER:147:OG
0	vdw	I:ALA:151:N	I:ILE:205:O
0	vdw	I:ARG:150:O	I:SER:147:C
0	vdw	I:ARG:150:O	I:SER:147:O
0	vdw	I:ARG:150:CA	I:SER:147:OG
0	vdw	I:ARG:150:C	I:SER:147:OG
0	vdw	I:ARG:150:O	I:SER:147:OG
0	vdw	I:ARG:150:O	I:SER:147:CA
0	vdw	I:ARG:150:O	I:SER:147:CB
0	vdw	I:VAL:218:C	I:VAL:220:N
0	vdw	I:VAL:218:O	I:VAL:220:N
0	vdw	I:LEU:148:O	I:VAL:220:CG1
0	vdw	I:GLU:222:N	I:LYS:219:O
0	vdw	E:ILE:145:O	E:LEU:149:CB
0	vdw	E:ASN:150:N	E:TYR:146:O
0	vdw	E:ASN:150:OD1	E:TYR:146:O
0	vdw	E:LEU:149:C	E:SER:151:N
0	vdw	E:ALA:148:C	E:ASN:150:N
0	vdw	E:LEU:149:C	E:THR:152:OG1
0	vdw	E:ILE:145:O	E:LEU:149:N
0	vdw	E:LEU:149:N	E:TYR:146:O
0	vdw	E:ALA:144:C	E:TYR:146:N
0	vdw	E:ILE:145:O	E:LEU:149:CG
0	vdw	E:ALA:148:N	E:ILE:145:C
0	vdw	E:ALA:148:N	E:ILE:145:O
0	vdw	E:ALA:148:CB	E:ILE:145:O
0	vdw	E:ALA:148:N	E:TYR:146:O
0	vdw	E:LEU:149:N	E:SER:147:C
0	vdw	E:ALA:144:O	E:TYR:146:N
0	vdw	E:ALA:144:C	E:SER:48:OG
0	vdw	E:ILE:145:CG1	E:VAL:60:CG2
0	vdw	E:ALA:144:C	E:ILE:141:O
0	vdw	E:ILE:141:O	E:ILE:145:N
0	vdw	E:ILE:141:O	E:ILE:145:CG1
0	vdw	E:ILE:141:CG2	E:VAL:128:CG1
0	vdw	E:ILE:141:CG2	E:VAL:128:CG2
0	vdw	E:ILE:141:CD1	E:VAL:128:CG1
0	vdw	E:ILE:141:CD1	E:VAL:130:CG2
0	vdw	E:CYS:58:SG	E:VAL:128:CG1
0	vdw	E:ILE:82:CD1	E:VAL:92:CG2
0	vdw	E:GLN:85:CG	E:ILE:82:CG2
0	vdw	E:GLN:85:CB	E:ILE:82:O
0	vdw	I:ARG:145:C	I:ASN:152:OD1
0	vdw	I:ARG:145:CB	I:ASN:152:OD1
0	vdw	I:ARG:150:O	I:SER:147:N
0	vdw	G:LEU:130:CD1	I:LEU:146:C
0	vdw	I:GLU:222:N	I:VAL:220:C
0	vdw	I:GLU:222:N	I:VAL:220:O
0	vdw	I:ILE:221:N	I:LYS:219:C
0	vdw	I:ILE:221:N	I:LYS:219:O
0	vdw	I:SER:147:O	I:VAL:220:CG2
0	vdw	I:LEU:148:O	I:VAL:220:CG2
0	vdw	E:ASP:181:N	E:LYS:179:C
0	vdw	E:ASP:181:N	E:LYS:179:O
0	vdw	E:LEU:149:O	E:LEU:180:O
0	vdw	E:LEU:180:N	E:THR:152:O
0	vdw	E:LEU:149:CA	E:THR:152:OG1
0	vdw	E:LEU:149:O	E:THR:152:OG1
0	vdw	E:LEU:149:O	E:SER:151:N
0	vdw	E:ILE:62:CD1	E:LEU:149:CD2
0	vdw	E:ILE:62:CD1	E:VAL:126:CG1
0	vdw	E:ILE:62:CD1	E:VAL:126:CG2
0	vdw	E:VAL:126:CG1	E:VAL:60:CG1
0	vdw	E:ASP:79:O	E:VAL:128:N
0	vdw	E:ASP:79:O	E:VAL:128:CB
0	vdw	E:VAL:128:CB	E:VAL:80:CA
0	vdw	E:ASP:79:O	E:VAL:128:CG2
0	vdw	E:VAL:128:CG2	E:VAL:60:CG2
0	vdw	E:VAL:128:O	E:VAL:80:CA
0	vdw	E:ASP:127:C	E:ASP:79:O
0	vdw	E:ASP:79:O	E:VAL:128:CA
0	vdw	E:VAL:128:O	E:VAL:80:C
0	vdw	E:ASP:81:N	E:VAL:128:O
0	vdw	E:ASP:81:CA	E:VAL:128:O
0	vdw	E:ARG:86:O	E:VAL:92:CG2
0	vdw	B:LYS:92:NZ	E:ARG:86:CA
0	vdw	E:GLN:85:C	E:MG:301:MG
0	vdw	D:ARG:85:CD	I:ARG:145:CD
0	vdw	D:ARG:85:CD	I:ARG:145:NE
0	vdw	D:ARG:85:NE	I:ARG:145:NE
0	vdw	G:LEU:130:CD1	I:LEU:146:O
0	vdw	E:ILE:124:CG2	E:ILE:62:CG2
0	vdw	E:ILE:62:CG2	E:THR:152:CG2
0	vdw	E:PHE:125:O	E:SER:61:O
0	vdw	E:SER:61:O	E:VAL:126:CA
0	vdw	E:LYS:63:N	E:PHE:125:O
0	vdw	E:ASP:127:OD1	E:ASP:79:CB
0	vdw	B:ARG:86:CZ	E:ASP:127:OD1
0	vdw	B:ARG:86:NH1	E:ASP:127:OD1
0	vdw	E:ASP:127:CA	E:ASP:79:O
0	vdw	E:SER:61:O	E:VAL:126:C
0	vdw	E:ASP:127:N	E:SER:61:O
0	vdw	B:LYS:80:NZ	E:ASP:79:OD2
0	vdw	E:ASP:87:OD1	E:MG:301:MG
0	vdw	D:ARG:39:N	D:LYS:37:C
0	vdw	D:ARG:39:N	D:LYS:37:O
0	vdw	D:GLU:41:CG	D:LYS:37:O
0	vdw	D:ARG:85:NH1	D:GLU:41:OE2
0	vdw	D:GLU:41:OE2	I:ARG:145:NH2
0	vdw	D:ARG:85:CD	I:ARG:145:CZ
0	vdw	D:PRO:84:CG	G:GLU:129:CA
0	vdw	G:GLU:127:C	G:GLU:129:N
0	vdw	G:GLU:127:O	G:GLU:129:N
0	vdw	G:GLU:127:C	G:GLU:129:OE1
0	vdw	G:GLU:127:CB	G:GLU:129:OE1
0	vdw	E:LEU:154:CD1	E:PHE:122:CD2
0	vdw	E:ILE:124:CD1	E:SER:64:CB
0	vdw	E:LEU:154:CD2	E:SER:64:OG
0	vdw	E:LYS:63:O	E:PHE:125:N
0	vdw	E:LYS:63:O	E:PHE:125:CA
0	vdw	E:LYS:63:O	E:PHE:125:CB
0	vdw	E:LYS:63:O	E:PHE:125:O
0	vdw	B:ARG:86:NH1	B:LYS:80:CB
0	vdw	B:ARG:86:NH1	B:LYS:80:CD
0	vdw	B:ARG:86:NH1	E:ASP:127:CG
0	vdw	B:ARG:86:NH1	E:ASP:127:OD2
0	vdw	D:LEU:87:CB	D:PRO:36:CB
0	vdw	D:GLN:86:N	D:PRO:84:C
0	vdw	D:ARG:85:N	D:TYR:83:O
0	vdw	D:CYS:82:C	D:PRO:84:CD
0	vdw	D:CYS:82:O	D:PRO:84:CD
0	vdw	D:PRO:84:CG	G:LYS:128:O
0	vdw	D:PRO:84:CG	G:LYS:128:C
0	vdw	E:PHE:122:CZ	E:PHE:172:CE1
0	vdw	E:PHE:122:CE2	E:PRO:155:O
0	vdw	E:PHE:122:CZ	E:PRO:155:O
0	vdw	E:LEU:154:CB	E:PHE:122:CE2
0	vdw	E:LYS:65:O	E:PHE:122:CD1
0	vdw	E:PHE:122:CE1	E:VAL:66:CG1
0	vdw	E:LYS:65:CD	E:PHE:125:CE2
0	vdw	E:LYS:65:CE	E:PHE:125:CE2
0	vdw	B:ARG:86:CD	E:PHE:125:CD2
0	vdw	B:SER:87:C	B:SER:89:N
0	vdw	B:SER:87:O	B:SER:89:N
0	vdw	B:LYS:80:NZ	B:LYS:88:O
0	vdw	D:GLN:40:OE1	D:LEU:87:CD1
0	vdw	D:GLN:40:OE1	D:LEU:87:CD2
0	vdw	D:GLN:86:C	D:LEU:46:CD1
0	vdw	D:GLN:86:O	D:LEU:46:CD1
0	vdw	D:LEU:46:CD1	D:TYR:83:CB
0	vdw	D:ALA:47:O	D:CYS:88:N
0	vdw	D:GLN:86:CB	D:LEU:46:CD1
0	vdw	E:PHE:172:CZ	E:VAL:66:CG1
0	vdw	E:PHE:172:CD1	E:PRO:155:CB
0	vdw	B:LYS:88:CE	E:LYS:65:NZ
0	vdw	B:LYS:88:NZ	E:LYS:65:NZ
0	vdw	A:ASN:93:CG	D:ILE:51:CD1
0	vdw	A:ASN:93:ND2	D:ILE:51:CG1
0	vdw	A:ASN:93:ND2	D:ILE:51:CD1
0	vdw	D:GLU:49:O	D:ILE:90:O
0	vdw	D:GLU:49:O	D:ILE:90:N
0	vdw	D:GLU:49:O	D:ILE:90:CA
0	vdw	D:GLN:89:CA	D:GLU:49:O
0	vdw	D:GLN:89:C	D:GLU:49:O
0	vdw	D:CYS:88:O	D:GLU:49:N
0	vdw	D:CYS:88:O	D:ILE:90:N
0	vdw	D:CYS:88:C	D:THR:31:O
0	vdw	D:CYS:88:CA	D:THR:31:O
0	vdw	D:LEU:46:CD2	D:TYR:83:CD2
0	vdw	E:ILE:158:CB	E:THR:171:CG2
0	vdw	D:VAL:58:CG1	F:ARG:6:CD
0	vdw	D:VAL:58:CG1	F:ARG:6:CZ
0	vdw	D:VAL:58:CG1	F:ARG:6:NH1
0	vdw	A:GLU:82:OE2	D:VAL:58:CG1
0	vdw	A:GLU:82:CD	D:VAL:58:CG1
0	vdw	A:GLU:82:OE1	D:VAL:58:CG1
0	vdw	A:PRO:85:CD	D:ILE:51:CD1
0	vdw	A:PRO:85:CG	D:ILE:51:CD1
0	vdw	A:ASN:93:CB	D:ILE:51:CD1
0	vdw	D:ILE:51:N	D:ILE:90:O
0	vdw	D:CYS:88:SG	D:ILE:90:CG1
0	vdw	D:ILE:90:CD1	D:LEU:120:CD1
0	vdw	D:ILE:90:CA	D:SER:29:O
0	vdw	D:ILE:90:CG1	D:VAL:30:CG2
0	vdw	D:CYS:88:SG	D:VAL:30:CG1
0	vdw	D:CYS:88:SG	D:ILE:125:CD1
0	vdw	D:ILE:125:CG2	D:TYR:83:CE2
0	vdw	D:ILE:125:C	D:LEU:127:N
0	vdw	D:ILE:125:O	D:LEU:127:N
0	vdw	D:ALA:126:CA	G:VAL:37:CB
0	vdw	D:LEU:127:N	G:VAL:37:CB
0	vdw	D:ILE:125:O	D:LEU:127:CG
0	vdw	D:ILE:125:O	G:VAL:37:O
0	vdw	D:LEU:127:N	G:VAL:37:O
0	vdw	D:ALA:126:N	D:TYR:83:OH
0	vdw	G:GLY:24:O	G:VAL:37:CG2
0	vdw	G:ILE:25:N	G:PRO:23:C
0	vdw	G:GLY:24:O	G:ILE:57:CD1
0	vdw	G:ILE:25:CG2	G:PHE:11:CE1
0	vdw	G:ALA:55:O	G:ILE:25:CD1
0	vdw	G:ILE:25:CD1	G:LEU:21:CA
0	vdw	G:ILE:25:CD1	G:LEU:21:CD2
0	vdw	G:GLY:22:O	G:ILE:25:CG1
0	vdw	G:ILE:25:CG2	G:ILE:57:CD1
0	vdw	G:VAL:13:CG1	G:VAL:19:CG2
0	vdw	G:ALA:55:CB	G:VAL:19:CG1
0	vdw	A:ASP:70:N	A:TYR:68:C
0	vdw	A:ARG:135:NH2	D:VAL:58:CG2
0	vdw	D:ARG:53:CB	D:GLN:93:OE1
0	vdw	D:CYS:92:N	D:ILE:51:O
0	vdw	D:CYS:92:CA	D:ILE:51:O
0	vdw	D:CYS:92:O	D:VAL:52:CA
0	vdw	D:CYS:92:O	D:VAL:52:C
0	vdw	D:ARG:53:N	D:CYS:92:O
0	vdw	D:ILE:51:O	D:THR:91:CA
0	vdw	D:ILE:51:O	D:THR:91:C
0	vdw	D:ALA:116:O	D:LEU:120:CD1
0	vdw	D:LEU:120:CD1	D:VAL:30:CG2
0	vdw	D:ILE:125:CD1	D:LEU:120:CG
0	vdw	D:LEU:120:CB	D:PHE:117:O
0	vdw	G:ASN:38:N	G:PRO:36:C
0	vdw	G:GLY:24:O	G:VAL:37:N
0	vdw	G:ILE:5:CG2	G:PRO:36:CB
0	vdw	G:ILE:57:CD1	G:PRO:36:CB
0	vdw	G:PHE:11:CE2	G:VAL:13:CB
0	vdw	G:PHE:11:CE2	G:VAL:13:CG2
0	vdw	A:GLN:66:O	A:LEU:76:CD1
0	vdw	A:CYS:131:SG	A:PRO:67:N
0	vdw	A:CYS:131:SG	A:PRO:67:CA
0	vdw	A:ASP:137:OD2	D:LYS:56:C
0	vdw	A:ASP:137:CG	D:GLY:57:N
0	vdw	A:ASP:137:OD2	D:GLY:57:N
0	vdw	A:ASP:137:OD2	D:GLY:57:CA
0	vdw	A:ARG:135:NE	D:GLY:57:CA
0	vdw	D:ARG:53:O	D:ILE:94:N
0	vdw	D:GLN:93:NE2	D:PRO:54:O
0	vdw	D:ARG:53:O	D:ILE:94:CB
0	vdw	D:ARG:53:O	D:ILE:94:CG1
0	vdw	A:HIS:139:CE1	D:PRO:54:O
0	vdw	D:CYS:28:CB	D:CYS:92:SG
0	vdw	D:CYS:28:SG	D:CYS:92:SG
0	vdw	D:ALA:115:C	D:PHE:117:N
0	vdw	D:ALA:115:O	D:LEU:118:N
0	vdw	D:ALA:115:C	D:SER:17:OG
0	vdw	D:ALA:115:C	D:CYS:28:CB
0	vdw	D:ALA:115:O	D:SER:17:OG
0	vdw	D:ALA:115:O	D:CYS:28:CB
0	vdw	D:ALA:116:N	D:ASN:114:C
0	vdw	D:ALA:116:N	D:ASN:114:O
0	vdw	D:ALA:115:O	D:ALA:119:N
0	vdw	D:ALA:115:O	D:ALA:119:CB
0	vdw	D:ALA:116:CA	D:CYS:28:SG
0	vdw	D:ALA:115:O	D:SER:17:CB
0	vdw	D:ALA:115:O	D:LEU:118:CB
0	vdw	D:ALA:116:C	D:LEU:118:N
0	vdw	D:ALA:116:O	D:LEU:118:N
0	vdw	D:ASN:114:O	D:PHE:117:N
0	vdw	D:ASN:114:O	D:LEU:118:N
0	vdw	D:ALA:116:C	D:ALA:119:N
0	vdw	D:ALA:116:O	D:ALA:119:N
0	vdw	D:ALA:116:O	D:ALA:119:CA
0	vdw	D:ALA:116:O	D:ALA:119:CB
0	vdw	D:ALA:119:N	D:PHE:117:C
0	vdw	D:ALA:116:O	D:LEU:120:CB
0	vdw	D:ALA:116:O	D:ALA:119:C
0	vdw	D:ALA:116:O	D:LEU:120:N
0	vdw	D:LEU:120:N	D:PHE:117:C
0	vdw	D:PHE:117:O	D:VAL:121:CG2
0	vdw	D:ALA:119:N	D:PHE:117:O
0	vdw	D:LEU:120:CA	D:PHE:117:O
0	vdw	D:PHE:117:O	D:VAL:121:N
0	vdw	D:LEU:120:N	D:PHE:117:O
0	vdw	G:PRO:7:CD	G:THR:39:CG2
0	vdw	A:ALA:127:C	A:SER:129:N
0	vdw	A:ALA:127:O	A:SER:129:N
0	vdw	A:GLY:128:N	A:VAL:126:C
0	vdw	A:GLY:128:N	A:VAL:126:O
0	vdw	A:GLY:128:N	A:PRO:72:O
0	vdw	A:GLY:128:CA	A:PRO:72:CB
0	vdw	A:CYS:131:SG	A:PRO:67:CB
0	vdw	A:CYS:131:SG	A:PRO:67:CD
0	vdw	A:SER:129:N	A:VAL:126:O
0	vdw	A:GLU:74:O	A:PRO:67:CB
0	vdw	A:ALA:65:O	A:LYS:130:C
0	vdw	A:ALA:65:O	A:CYS:131:N
0	vdw	A:ALA:65:O	A:CYS:131:CA
0	vdw	A:ALA:65:O	A:CYS:131:C
0	vdw	A:CYS:131:SG	A:GLY:75:CA
0	vdw	A:ALA:65:O	A:CYS:131:O
0	vdw	A:ALA:133:CB	A:GLN:63:CG
0	vdw	A:ALA:133:CB	A:GLN:63:O
0	vdw	A:ARG:59:CG	D:LYS:56:CG
0	vdw	D:LYS:56:N	D:PRO:54:C
0	vdw	A:ASP:137:OD2	D:LYS:56:CA
0	vdw	D:ALA:55:CA	D:ILE:94:O
0	vdw	D:ALA:55:CB	D:ILE:94:O
0	vdw	D:ALA:55:CB	D:LEU:95:C
0	vdw	D:ALA:55:CB	D:LEU:95:O
0	vdw	D:ILE:94:CG1	D:VAL:26:CG2
0	vdw	D:GLU:96:O	D:ILE:94:CG2
0	vdw	D:PHE:19:O	D:VAL:26:N
0	vdw	D:GLN:93:O	D:VAL:26:CA
0	vdw	D:GLN:93:O	D:VAL:26:CG1
0	vdw	D:ALA:115:N	D:CYS:111:O
0	vdw	D:ALA:115:CB	D:CYS:111:O
0	vdw	D:ALA:115:CB	D:PHE:19:CB
0	vdw	D:ALA:115:CB	D:VAL:26:O
0	vdw	D:ALA:115:CA	D:SER:17:OG
0	vdw	D:ALA:115:CB	D:CYS:28:CB
0	vdw	D:ASN:114:O	D:LEU:118:CG
0	vdw	D:ASN:114:O	D:LEU:118:CB
0	vdw	D:ILE:209:CG2	D:LEU:118:CD2
0	vdw	D:ILE:213:CD1	D:LEU:118:CD2
0	vdw	D:ILE:209:CG2	D:ILE:213:CD1
0	vdw	D:ARG:210:CB	G:PHE:6:CE2
0	vdw	D:ARG:210:CG	G:PHE:6:CE2
0	vdw	D:ARG:210:CB	G:PHE:6:CZ
0	vdw	G:PHE:4:CD2	G:PHE:6:CE1
0	vdw	G:PHE:4:CD2	G:PHE:6:CZ
0	vdw	G:PHE:4:CE2	G:PHE:6:CZ
0	vdw	D:GLN:214:CG	G:PHE:6:CZ
0	vdw	D:GLN:214:NE2	G:PHE:6:CE1
0	vdw	D:GLN:214:NE2	G:PHE:6:CZ
0	vdw	D:ARG:210:O	G:PHE:6:CE2
0	vdw	D:ARG:210:O	G:PHE:6:CZ
0	vdw	A:ALA:127:CA	A:CYS:124:SG
0	vdw	A:ALA:127:CA	A:PRO:72:O
0	vdw	A:LYS:130:O	A:VAL:126:N
0	vdw	A:LYS:130:O	A:VAL:126:CA
0	vdw	A:LYS:130:O	A:VAL:126:C
0	vdw	A:LYS:130:O	A:VAL:126:O
0	vdw	A:ILE:125:CA	A:LYS:130:O
0	vdw	A:ILE:125:C	A:LYS:130:O
0	vdw	A:CYS:124:SG	A:VAL:126:C
0	vdw	A:CYS:124:SG	A:VAL:126:O
0	vdw	A:ILE:125:CB	A:LYS:130:O
0	vdw	A:ILE:125:N	A:LYS:130:O
0	vdw	A:CYS:131:CA	A:ILE:125:CG1
0	vdw	A:CYS:131:CA	A:LEU:123:O
0	vdw	A:CYS:131:CA	A:ILE:125:N
0	vdw	A:CYS:131:C	A:LEU:123:O
0	vdw	A:CYS:131:CB	A:LEU:123:O
0	vdw	A:CYS:124:CA	A:CYS:131:CB
0	vdw	A:LEU:123:O	A:TRP:132:N
0	vdw	A:GLN:63:C	A:TRP:132:CE3
0	vdw	A:GLN:63:O	A:TRP:132:CE3
0	vdw	A:GLN:63:N	A:TRP:132:CZ3
0	vdw	A:CYS:62:CB	A:TRP:132:CE3
0	vdw	A:ALA:133:O	A:GLN:63:N
0	vdw	A:ALA:133:N	A:GLN:63:O
0	vdw	A:ALA:133:O	A:CYS:62:CA
0	vdw	A:SER:61:CB	D:LYS:56:CD
0	vdw	D:GLU:96:C	D:GLY:98:N
0	vdw	D:GLU:96:C	D:ILE:94:CG2
0	vdw	D:GLU:96:O	D:THR:24:CA
0	vdw	D:GLU:96:O	D:LYS:25:N
0	vdw	D:ASP:23:O	D:LYS:25:N
0	vdw	D:SER:21:O	D:THR:24:CA
0	vdw	D:SER:21:O	D:THR:24:C
0	vdw	D:SER:21:N	D:THR:24:O
0	vdw	D:SER:21:O	D:THR:24:O
0	vdw	D:ARG:211:N	D:ILE:209:C
0	vdw	D:ARG:211:N	D:ILE:209:O
0	vdw	D:ARG:211:N	D:THR:207:O
0	vdw	D:ILE:209:C	D:ILE:212:N
0	vdw	D:ILE:209:O	D:ILE:212:N
0	vdw	D:ILE:209:O	D:ILE:212:CA
0	vdw	D:ILE:209:O	D:ILE:213:N
0	vdw	D:ARG:210:C	D:ILE:212:N
0	vdw	D:ARG:210:CA	G:PHE:6:CE2
0	vdw	D:ARG:210:CA	G:PHE:6:CZ
0	vdw	D:ARG:210:C	G:PHE:6:CE2
0	vdw	D:ARG:210:C	G:PHE:6:CZ
0	vdw	D:ILE:209:O	D:ILE:212:CB
0	vdw	D:ILE:209:O	D:ILE:213:CD1
0	vdw	A:ILE:125:CG1	A:TRP:132:CD1
0	vdw	A:ILE:125:CD1	A:TRP:132:CD1
0	vdw	A:ILE:167:CG1	A:TRP:132:NE1
0	vdw	A:ILE:167:CG1	A:TRP:132:CZ2
0	vdw	A:ILE:167:CD1	A:TRP:132:CZ2
0	vdw	A:CYS:62:SG	A:TRP:132:CZ3
0	vdw	A:CYS:62:CB	A:TRP:132:CZ3
0	vdw	A:CYS:62:SG	A:PHE:162:CZ
0	vdw	D:ASP:23:O	D:GLU:96:CG
0	vdw	D:GLU:96:O	D:GLY:98:N
0	vdw	D:ASP:23:N	D:SER:21:C
0	vdw	D:ASP:23:N	D:SER:21:O
0	vdw	D:ASP:23:C	D:SER:21:O
0	vdw	D:SER:21:O	D:THR:24:N
0	vdw	D:GLN:22:C	D:THR:24:N
0	vdw	D:ASP:23:O	D:GLU:96:CD
0	vdw	D:ASP:23:O	D:GLU:96:OE1
0	vdw	D:ASP:23:O	D:GLU:96:OE2
0	vdw	D:ASP:23:O	D:GLU:96:CB
0	vdw	D:VAL:20:O	D:VAL:3:CB
0	vdw	D:VAL:20:O	D:VAL:3:CA
0	vdw	D:GLN:4:N	D:VAL:20:O
0	vdw	D:GLN:4:O	D:VAL:20:O
0	vdw	D:ARG:211:NH2	D:ASN:208:CG
0	vdw	D:ARG:211:NH2	D:ASN:208:OD1
0	vdw	D:ASN:208:O	D:ILE:212:CG1
0	vdw	D:ARG:211:CZ	D:ASN:208:CG
0	vdw	D:ARG:211:NH1	D:ASN:208:CG
0	vdw	D:ARG:211:CZ	D:ASN:208:OD1
0	vdw	D:ARG:211:CG	D:ASN:208:O
0	vdw	D:ARG:210:N	D:ASN:208:C
0	vdw	D:ARG:211:NE	D:ASN:208:OD1
0	vdw	D:ASN:208:O	D:ILE:212:N
0	vdw	D:ARG:211:NH1	D:ASN:208:CA
0	vdw	A:ILE:125:CG2	A:VAL:169:CG1
0	vdw	A:ILE:167:N	A:PRO:165:O
0	vdw	A:ILE:167:CG1	A:PRO:165:O
0	vdw	A:ASP:166:N	A:LYS:164:O
0	vdw	D:ARG:211:NH2	D:ASN:208:ND2
0	vdw	A:ARG:182:NH2	A:THR:168:CG2
0	vdw	A:ASN:180:N	A:PRO:178:O
0	vdw	A:ARG:182:O	A:PRO:178:O
0	vdw	A:ARG:182:O	A:VAL:179:CA
0	vdw	A:ARG:182:O	A:VAL:179:C
0	vdw	A:ARG:182:CZ	A:ASP:166:CB
0	vdw	A:ARG:182:CZ	A:ASP:166:CG
0	vdw	A:ARG:182:CZ	A:ASP:166:OD2
0	vdw	A:ARG:182:NH2	A:ASP:166:CG
0	vdw	A:ARG:182:N	A:ASN:180:C
0	vdw	A:ARG:182:N	A:PRO:178:O
0	vdw	A:ARG:182:O	A:VAL:179:O
0	vdw	A:ASN:301:CB	A:THR:298:O
0	vdw	A:ASN:301:CG	A:THR:298:C
0	vdw	A:ASN:301:CG	A:THR:298:O
0	vdw	A:ASN:301:ND2	A:THR:298:C
0	vdw	A:ASN:301:ND2	A:THR:298:O
0	vdw	A:ASN:301:ND2	A:THR:298:CG2
0	vdw	A:ASN:301:CG	A:THR:298:CA
0	vdw	A:ASN:301:ND2	A:THR:298:CA
0	vdw	A:ASN:301:CG	A:LEU:297:O
0	vdw	A:ASN:301:N	A:SER:299:C
0	vdw	A:ASN:301:N	A:SER:299:O
0	vdw	A:ASN:301:N	A:THR:298:O
0	vdw	A:ASN:301:OD1	A:LEU:297:O
0	vdw	J:ASN:511:CB	J:ASP:507:O
0	vdw	J:ALA:508:O	J:ASN:511:CB
0	vdw	J:ASP:507:C	J:LEU:509:N
0	vdw	J:ASP:507:N	J:ILE:505:C
0	vdw	J:ASP:507:N	J:ILE:505:O
0	vdw	J:ARG:506:C	J:ASN:503:O
0	vdw	J:ASN:503:O	J:ASP:507:N
0	vdw	J:ASN:503:O	J:ASP:507:CA
0	vdw	J:ASP:507:N	J:LEU:504:C
0	vdw	J:ASP:507:N	J:LEU:504:O
0	vdw	J:ARG:506:CD	J:THR:478:O
0	vdw	J:ALA:502:O	J:ARG:506:CB
0	vdw	J:ALA:502:O	J:ARG:506:CG
0	vdw	J:ALA:502:O	J:ARG:506:CD
0	vdw	J:ARG:506:CB	J:ASN:503:O
0	vdw	J:ARG:506:NE	J:THR:478:C
0	vdw	J:ARG:506:NE	J:THR:478:O
0	vdw	J:ARG:506:CZ	J:THR:478:O
0	vdw	J:ARG:506:NH2	J:THR:478:O
0	vdw	J:ALA:508:N	J:ILE:505:C
0	vdw	J:ALA:508:N	J:ILE:505:O
0	vdw	J:ALA:508:CB	J:LEU:441:CB
0	vdw	J:ALA:508:CB	J:LEU:441:CD1
0	vdw	J:ALA:508:N	J:LEU:504:O
0	vdw	J:ALA:508:CA	J:LEU:504:O
0	vdw	J:ALA:508:CB	J:LEU:504:O
0	vdw	J:ALA:508:CB	J:LEU:441:CG
0	vdw	J:ALA:508:N	J:ARG:506:C
0	vdw	J:ILE:505:O	J:LEU:509:N
0	vdw	J:ALA:502:O	J:ARG:506:N
0	vdw	J:ARG:506:N	J:LEU:504:C
0	vdw	J:ARG:506:N	J:ASN:503:C
0	vdw	J:ARG:506:N	J:ASN:503:O
0	vdw	J:ARG:506:CA	J:ASN:503:O
0	vdw	J:ASP:479:N	J:PRO:477:C
0	vdw	J:ASP:479:CB	J:ILE:481:CD1
0	vdw	H:GLY:219:O	H:ILE:221:N
0	vdw	H:GLY:219:O	H:ILE:221:CG2
0	vdw	H:ASN:220:O	H:THR:236:CB
0	vdw	H:ASN:220:O	H:THR:236:OG1
0	vdw	H:ASN:220:O	H:THR:236:N
0	vdw	J:ARG:438:C	J:VAL:440:N
0	vdw	J:ARG:438:O	J:VAL:440:N
0	vdw	J:ILE:505:CG2	J:PRO:477:O
0	vdw	J:THR:476:O	J:THR:478:N
0	vdw	J:PRO:477:N	J:TYR:475:C
0	vdw	J:ILE:505:CG1	J:PRO:477:O
0	vdw	J:ILE:505:CB	J:PRO:477:O
0	vdw	J:ASP:479:OD1	J:GLY:482:N
0	vdw	J:ASP:479:OD2	J:ILE:481:CB
0	vdw	J:ASP:479:OD2	J:ILE:481:CD1
0	vdw	H:ALA:296:N	H:ASN:292:O
0	vdw	H:ALA:296:CB	H:ASN:292:O
0	vdw	H:ALA:296:N	H:ILE:293:O
0	vdw	H:ALA:296:CA	H:ILE:293:O
0	vdw	H:ALA:296:CB	H:ILE:293:O
0	vdw	H:ALA:296:CB	H:ILE:221:CG2
0	vdw	H:ILE:293:O	H:ILE:297:CA
0	vdw	H:ILE:293:O	H:ILE:297:CB
0	vdw	H:ILE:293:O	H:ILE:297:CG1
0	vdw	H:ILE:221:CG2	H:ILE:293:CG2
0	vdw	H:ARG:234:C	H:ASN:196:O
0	vdw	H:ASN:196:O	H:LYS:235:N
0	vdw	H:LYS:235:C	H:SER:237:N
0	vdw	H:LYS:235:O	H:SER:237:N
0	vdw	H:PRO:144:CB	H:SER:277:OG
0	vdw	J:GLU:439:CD	J:LYS:426:NZ
0	vdw	J:GLU:439:OE1	J:LYS:426:NZ
0	vdw	J:GLU:439:OE2	J:LYS:426:NZ
0	vdw	J:GLU:439:CB	J:MET:429:SD
0	vdw	J:GLU:439:CD	J:MET:429:CE
0	vdw	J:ARG:438:O	J:VAL:442:CG1
0	vdw	J:GLU:439:CA	J:VAL:442:CG1
0	vdw	J:ARG:438:O	J:LEU:441:CB
0	vdw	J:GLU:439:CA	J:MET:429:SD
0	vdw	J:ARG:438:C	J:LEU:441:N
0	vdw	J:ARG:438:O	J:LEU:441:N
0	vdw	J:ARG:438:O	J:LEU:441:CA
0	vdw	J:ARG:438:O	J:VAL:442:N
0	vdw	J:ARG:438:CB	J:VAL:473:CG1
0	vdw	J:ARG:438:CD	J:VAL:473:CG1
0	vdw	J:ARG:438:CD	J:VAL:473:O
0	vdw	J:THR:476:CG2	J:VAL:473:C
0	vdw	J:THR:476:CG2	J:VAL:473:O
0	vdw	J:LEU:472:O	J:THR:476:CG2
0	vdw	J:TYR:475:N	J:VAL:473:C
0	vdw	J:LEU:472:O	J:THR:476:N
0	vdw	J:LEU:472:O	J:THR:476:CA
0	vdw	H:ARG:299:NH1	H:SER:330:O
0	vdw	H:ASN:331:N	H:TYR:329:C
0	vdw	H:ASN:331:C	H:GLY:333:N
0	vdw	H:ASN:331:O	H:GLY:333:N
0	vdw	H:ARG:299:NH1	H:VAL:332:CG2
0	vdw	H:ARG:299:N	H:GLN:295:O
0	vdw	H:CYS:298:N	H:GLN:295:O
0	vdw	H:ALA:296:C	H:ARG:299:N
0	vdw	H:ARG:299:N	H:ILE:297:C
0	vdw	H:ARG:299:CA	H:GLN:295:O
0	vdw	H:ARG:299:CB	H:GLN:295:O
0	vdw	H:CYS:298:C	H:GLN:295:O
0	vdw	H:CYS:298:CB	H:GLN:295:O
0	vdw	H:ALA:296:O	H:ARG:299:N
0	vdw	H:GLN:295:C	H:ILE:297:N
0	vdw	H:CYS:298:N	H:GLN:295:C
0	vdw	H:ALA:296:C	H:CYS:298:N
0	vdw	H:CYS:298:CB	H:GLN:295:C
0	vdw	H:ALA:296:O	H:CYS:298:N
0	vdw	H:ALA:296:C	H:ILE:293:O
0	vdw	H:ILE:293:O	H:ILE:297:N
0	vdw	H:ALA:296:C	H:TYR:300:CD2
0	vdw	H:ARG:234:CA	H:ILE:297:CD1
0	vdw	H:ILE:297:CG2	H:MET:198:CE
0	vdw	H:ILE:297:CD1	H:LEU:233:CB
0	vdw	H:ILE:297:CD1	H:LEU:233:C
0	vdw	H:ARG:234:N	H:ILE:297:CD1
0	vdw	H:ARG:234:C	H:ILE:297:CD1
0	vdw	H:ILE:221:CB	H:ILE:297:CD1
0	vdw	H:ILE:221:CG2	H:ILE:297:CD1
0	vdw	H:ARG:234:CA	H:ASN:196:O
0	vdw	H:ARG:195:C	H:GLY:197:N
0	vdw	H:ARG:195:O	H:GLY:197:N
0	vdw	H:GLY:197:CA	H:LEU:233:O
0	vdw	H:GLY:197:N	H:TRP:232:CZ2
0	vdw	H:GLY:197:CA	H:TRP:232:CZ2
0	vdw	H:ARG:234:CB	H:ASN:196:C
0	vdw	H:ARG:234:CB	H:ASN:196:O
0	vdw	H:ARG:195:C	H:TRP:232:CZ2
0	vdw	H:ARG:195:O	H:TRP:232:CE2
0	vdw	H:ARG:195:O	H:TRP:232:CZ2
0	vdw	H:ARG:195:O	H:ARG:234:CB
0	vdw	H:ARG:195:O	H:TRP:232:NE1
0	vdw	H:ILE:280:O	H:LYS:193:CB
0	vdw	H:ILE:280:CG1	H:SER:277:O
0	vdw	H:ILE:280:CD1	H:SER:277:O
0	vdw	H:PRO:144:CB	H:SER:277:O
0	vdw	H:PRO:144:CG	H:SER:277:O
0	vdw	H:ASN:142:O	H:PRO:144:CD
0	vdw	J:ILE:434:CB	J:MET:429:CA
0	vdw	J:ILE:434:CB	J:MET:429:CB
0	vdw	J:ILE:434:CA	J:MET:429:O
0	vdw	J:ILE:434:CB	J:MET:429:O
0	vdw	J:ILE:434:CG2	J:VAL:473:CG1
0	vdw	J:ILE:434:CD1	J:TYR:432:O
0	vdw	J:ALA:470:O	J:ALA:474:N
0	vdw	J:ALA:470:O	J:ALA:474:CA
0	vdw	J:ALA:470:O	J:ALA:474:CB
0	vdw	J:ALA:474:C	J:THR:476:N
0	vdw	J:ALA:474:N	J:LEU:472:C
0	vdw	J:ALA:471:O	J:TYR:475:N
0	vdw	J:ALA:471:O	J:TYR:475:CA
0	vdw	J:ALA:471:O	J:TYR:475:CB
0	vdw	J:ALA:471:O	J:TYR:475:CG
0	vdw	J:ALA:471:O	J:TYR:475:CD2
0	vdw	J:LEU:486:CD2	J:TYR:475:CD2
0	vdw	H:GLU:334:OE1	H:TYR:329:CD1
0	vdw	H:GLU:334:N	H:VAL:332:C
0	vdw	H:GLU:334:N	H:VAL:332:O
0	vdw	H:GLY:333:C	H:LEU:335:N
0	vdw	H:LEU:335:CB	H:VAL:332:O
0	vdw	H:LEU:335:CG	H:VAL:332:O
0	vdw	H:ASN:302:ND2	H:VAL:332:O
0	vdw	H:LEU:335:N	H:VAL:332:O
0	vdw	E:GLY:25:N	H:CYS:298:SG
0	vdw	E:ASP:24:C	H:CYS:298:SG
0	vdw	E:GLY:25:N	E:PRO:23:C
0	vdw	E:PRO:23:C	H:CYS:298:SG
0	vdw	E:PRO:23:O	H:CYS:298:SG
0	vdw	H:ARG:299:CA	H:VAL:332:CG1
0	vdw	H:CYS:298:C	H:TYR:300:N
0	vdw	H:ILE:297:O	H:MET:198:CE
0	vdw	H:ALA:301:CB	H:MET:198:CE
0	vdw	H:GLY:197:C	H:TRP:232:CZ2
0	vdw	H:GLY:197:C	H:TRP:232:CH2
0	vdw	H:GLY:197:O	H:TRP:232:CZ2
0	vdw	H:GLY:197:O	H:TRP:232:CH2
0	vdw	H:MET:198:N	H:TRP:232:CH2
0	vdw	H:MET:198:CA	H:TRP:232:CZ3
0	vdw	H:MET:198:C	H:TRP:232:CZ3
0	vdw	H:MET:198:C	H:TRP:232:CE3
0	vdw	H:GLY:197:C	H:LEU:233:O
0	vdw	H:LEU:233:O	H:MET:198:N
0	vdw	H:ARG:195:CA	H:TRP:232:CZ2
0	vdw	H:ARG:195:N	H:TRP:232:CZ2
0	vdw	E:GLU:7:CG	H:TRP:232:CH2
0	vdw	H:LEU:168:O	H:LEU:194:N
0	vdw	H:ARG:195:NH2	H:LYS:193:O
0	vdw	H:LEU:163:CD2	H:LYS:193:CD
0	vdw	H:LEU:168:O	H:LYS:193:CG
0	vdw	H:LEU:163:CD2	H:TYR:281:CD2
0	vdw	H:ASN:142:O	H:TYR:281:CE1
0	vdw	H:ASN:142:O	H:TYR:281:CZ
0	vdw	J:ILE:434:N	J:TYR:432:C
0	vdw	J:ILE:434:N	J:TYR:432:O
0	vdw	J:ASN:433:N	J:MET:429:O
0	vdw	J:ASN:433:CA	J:MET:429:O
0	vdw	J:ASN:433:C	J:MET:429:O
0	vdw	J:ILE:434:N	J:MET:429:C
0	vdw	J:ILE:434:N	J:MET:429:O
0	vdw	J:ASN:433:N	J:GLN:431:C
0	vdw	J:ASN:433:N	J:GLN:431:O
0	vdw	J:MET:429:O	J:TYR:432:C
0	vdw	H:GLY:333:O	H:ILE:336:CG2
0	vdw	H:GLY:333:O	H:ILE:336:CG1
0	vdw	H:GLY:333:O	H:ILE:336:CD1
0	vdw	H:GLY:333:O	H:ILE:336:N
0	vdw	H:GLY:333:O	H:LEU:335:N
0	vdw	E:ASP:24:O	H:ILE:336:CG2
0	vdw	E:ASP:24:CA	H:ASN:302:OD1
0	vdw	E:ASP:24:O	H:ASN:302:OD1
0	vdw	E:ASP:24:C	H:ASN:302:ND2
0	vdw	E:ASP:24:O	H:ASN:302:CG
0	vdw	E:ASP:24:O	H:ASN:302:ND2
0	vdw	H:PHE:199:N	H:TRP:232:CZ3
0	vdw	E:GLU:7:OE1	E:LEU:3:CD2
0	vdw	E:GLU:7:OE1	H:PHE:199:CB
0	vdw	H:PHE:199:N	H:TRP:232:CE3
0	vdw	E:GLU:7:CG	H:TRP:232:CZ3
0	vdw	E:GLU:7:CD	H:LEU:168:CD1
0	vdw	H:LEU:168:CD1	H:TRP:232:CZ3
0	vdw	H:PHE:199:CA	H:TRP:232:CZ3
0	vdw	H:PHE:199:CB	H:TRP:232:CZ3
0	vdw	H:MET:198:O	H:TRP:232:CZ3
0	vdw	H:GLY:166:O	H:LEU:168:N
0	vdw	H:ASP:167:CB	H:LYS:164:O
0	vdw	H:LEU:163:CB	H:TRP:124:CE2
0	vdw	H:LEU:163:CB	H:TRP:124:CZ2
0	vdw	H:MET:159:CE	H:TRP:124:CH2
0	vdw	H:GLU:337:OE2	H:THR:6:OG1
0	vdw	E:PRO:33:CD	H:ILE:336:CD1
0	vdw	E:GLU:7:OE2	H:ARG:115:CZ
0	vdw	E:GLU:7:OE2	H:ARG:115:NH1
0	vdw	E:GLU:7:OE2	H:ARG:115:NH2
0	vdw	H:ARG:115:NH1	H:GLY:166:O
0	vdw	E:SER:2:O	H:ARG:115:NE
0	vdw	E:SER:2:O	H:ARG:115:CZ
0	vdw	E:SER:2:O	H:ARG:115:NH1
0	vdw	H:ARG:115:CZ	H:LEU:168:CD2
0	vdw	E:GLU:7:OE2	H:LEU:168:CD1
0	vdw	H:ARG:115:CZ	H:LEU:168:CG
0	vdw	H:ARG:115:NH2	H:LEU:168:CG
0	vdw	H:ARG:115:NH2	H:LEU:168:CD1
0	vdw	H:ASP:167:N	H:LYS:164:O
0	vdw	H:ASP:167:O	H:ILE:116:CG1
0	vdw	H:ARG:115:CG	H:GLY:166:C
0	vdw	H:ARG:115:CG	H:GLY:166:O
0	vdw	H:ARG:115:CA	H:ASP:167:O
0	vdw	H:ARG:115:C	H:ASP:167:O
0	vdw	H:ASP:167:O	H:ILE:116:N
0	vdw	H:ILE:116:CB	H:LYS:164:O
0	vdw	H:ILE:116:CG1	H:LYS:164:O
0	vdw	H:ILE:116:CG2	H:LYS:164:O
0	vdw	H:LEU:163:O	H:TRP:124:NE1
0	vdw	H:MET:159:CB	H:TRP:124:CZ2
0	vdw	H:MET:159:CE	H:TRP:124:CE2
0	vdw	H:MET:159:CE	H:TRP:124:CZ2
0	vdw	H:TRP:124:NE1	H:VAL:119:CG2
0	vdw	H:ASN:121:O	H:MET:159:SD
0	vdw	H:LYS:122:CA	H:MET:159:SD
0	vdw	H:MET:159:CE	H:TRP:124:CD2
0	vdw	H:MET:159:CE	H:TRP:124:CE3
0	vdw	H:MET:159:CE	H:TRP:124:CZ3
0	vdw	E:SER:261:OG	H:ILE:5:O
0	vdw	E:SER:261:OG	H:ILE:7:CG1
0	vdw	E:ILE:34:CG1	H:THR:6:O
0	vdw	E:ILE:34:N	H:THR:6:O
0	vdw	E:ILE:34:O	H:THR:6:O
0	vdw	E:ARG:32:O	E:ILE:34:CG2
0	vdw	E:ARG:32:O	E:ILE:34:N
0	vdw	E:ARG:32:CB	E:SER:53:OG
0	vdw	E:SER:2:O	H:ARG:115:CD
0	vdw	H:GLY:166:N	H:ILE:116:O
0	vdw	H:GLY:166:N	H:LYS:164:O
0	vdw	H:ALA:117:O	H:GLU:165:CG
0	vdw	H:TRP:124:CD1	H:VAL:119:CB
0	vdw	H:TRP:124:CD1	H:VAL:119:CG2
0	vdw	E:SER:261:C	H:ILE:7:CG1
0	vdw	E:SER:261:O	H:ILE:7:CG1
0	vdw	E:SER:261:O	H:ILE:7:CD1
0	vdw	E:ILE:34:CG1	H:ILE:7:CG2
0	vdw	E:ILE:34:CB	E:ILE:51:O
0	vdw	E:ALA:52:CB	E:ASP:54:OD1
0	vdw	E:ALA:52:CB	E:SER:56:CB
0	vdw	E:ASP:54:OD1	E:SER:56:CB
0	vdw	E:ASP:54:OD1	E:SER:56:OG
0	vdw	E:ALA:52:CB	E:SER:56:O
0	vdw	E:ASP:54:OD1	E:SER:56:N
0	vdw	E:ASP:54:CG	E:SER:56:OG
0	vdw	E:ASP:54:OD2	E:SER:56:OG
0	vdw	H:ARG:123:O	H:GLY:120:N
0	vdw	H:GLY:120:C	H:LYS:122:N
0	vdw	I:ARG:217:N	I:ASP:214:OD1
0	vdw	I:ARG:217:NH2	I:ASP:214:OD2
0	vdw	I:ARG:217:CG	I:ASP:214:CG
0	vdw	I:ARG:217:NE	I:ASP:214:CG
0	vdw	I:ARG:217:CG	I:ASP:214:OD1
0	vdw	I:ARG:217:CG	I:ASP:214:OD2
0	vdw	I:ARG:217:CD	I:ASP:214:OD2
0	vdw	I:ARG:217:NE	I:ASP:214:OD2
0	vdw	I:ARG:217:CZ	I:ASP:214:OD2
0	vdw	E:ASN:264:N	E:LEU:262:C
0	vdw	E:ASN:264:C	H:LYS:9:CE
0	vdw	E:ASN:264:N	E:SER:261:O
0	vdw	E:ILE:36:CG1	E:ILE:50:CD1
0	vdw	E:ILE:36:CD1	E:ILE:50:CD1
0	vdw	E:ILE:36:CD1	E:SER:147:OG
0	vdw	E:ILE:36:CG1	E:ILE:50:CG1
0	vdw	E:ALA:144:CA	E:ILE:50:CD1
0	vdw	E:ILE:50:CG2	E:LEU:140:CD1
0	vdw	E:LEU:140:CD2	E:SER:56:CB
0	vdw	E:SER:132:O	E:SER:56:CB
0	vdw	E:HIS:134:N	E:SER:56:OG
0	vdw	I:GLN:149:O	I:SER:207:OG
0	vdw	E:ILE:36:CG2	E:SER:147:CB
0	vdw	E:ALA:144:CB	E:VAL:60:CG2
0	vdw	E:CYS:58:CA	E:LEU:129:O
0	vdw	E:SER:132:O	E:VAL:130:CG1
0	vdw	E:SER:133:CB	E:VAL:130:CG1
0	vdw	E:GLU:57:O	E:VAL:130:CG1
0	vdw	E:GLU:57:O	E:SER:132:O
0	vdw	E:SER:132:O	E:SER:56:CA
0	vdw	E:SER:132:O	E:SER:56:C
0	vdw	E:GLU:57:N	E:SER:132:O
0	vdw	I:ARG:150:NH2	I:PO4:301:O1
0	vdw	I:ARG:150:N	I:SER:147:OG
0	vdw	I:ARG:150:N	I:LEU:148:C
0	vdw	I:GLN:149:N	I:SER:147:C
0	vdw	E:ASN:150:O	E:LYS:179:CE
0	vdw	E:SER:147:O	E:SER:151:N
0	vdw	E:SER:147:O	E:SER:151:OG
0	vdw	E:SER:151:OG	E:THR:38:CB
0	vdw	E:SER:147:O	E:THR:38:CG2
0	vdw	E:ALA:144:O	E:ALA:148:N
0	vdw	E:ALA:148:CB	E:SER:48:CB
0	vdw	E:ALA:148:CB	E:SER:48:OG
0	vdw	E:ALA:144:O	E:ALA:148:CB
0	vdw	E:ALA:148:CB	E:ILE:62:CG1
0	vdw	E:ALA:144:O	E:SER:48:CB
0	vdw	E:SER:48:OG	E:VAL:60:CB
0	vdw	E:ALA:144:O	E:SER:48:OG
0	vdw	E:CYS:58:SG	E:VAL:60:CG2
0	vdw	E:CYS:58:C	E:LEU:129:O
0	vdw	E:ILE:59:O	E:VAL:128:CA
0	vdw	E:ILE:59:O	E:VAL:128:C
0	vdw	E:ILE:59:O	E:LEU:129:N
0	vdw	E:ILE:59:O	E:LEU:129:CA
0	vdw	E:ILE:59:C	E:SER:48:O
0	vdw	E:SER:48:O	E:VAL:60:N
0	vdw	E:ILE:59:O	E:LEU:129:CB
0	vdw	E:ASP:81:O	E:LEU:129:C
0	vdw	E:ASP:81:O	E:VAL:130:N
0	vdw	E:ILE:131:N	E:LEU:129:C
0	vdw	E:ILE:131:N	E:LEU:129:O
0	vdw	E:ILE:59:N	E:LEU:129:O
0	vdw	E:ILE:59:CA	E:LEU:129:O
0	vdw	E:GLU:57:O	E:VAL:130:CA
0	vdw	E:ALA:83:N	E:VAL:130:O
0	vdw	E:ALA:83:CA	E:VAL:130:O
0	vdw	E:ALA:83:CB	E:VAL:130:O
0	vdw	E:SER:132:N	E:VAL:130:C
0	vdw	E:GLU:57:O	E:VAL:130:C
0	vdw	E:GLY:84:N	E:ILE:82:O
0	vdw	E:ALA:83:C	E:GLN:85:N
0	vdw	E:ALA:83:O	E:GLN:85:N
0	vdw	G:LEU:130:CD1	I:SER:147:CA
0	vdw	G:LEU:130:CD1	I:SER:147:C
0	vdw	G:LEU:130:CD1	I:SER:147:O
0	vdw	G:LEU:130:CD2	I:ILE:221:CG1
0	vdw	E:LYS:179:CG	E:THR:152:O
0	vdw	E:LYS:179:CB	E:TYR:153:CE2
0	vdw	E:ALA:148:O	E:SER:151:C
0	vdw	E:ALA:148:O	E:SER:151:O
0	vdw	E:ALA:148:O	E:THR:152:OG1
0	vdw	E:ASN:45:O	E:THR:152:CA
0	vdw	E:GLY:46:O	E:SER:61:CA
0	vdw	E:GLY:46:CA	E:ILE:62:CB
0	vdw	E:GLY:46:O	E:ILE:62:CA
0	vdw	E:GLY:46:O	E:ILE:62:O
0	vdw	E:GLY:46:O	E:ILE:62:CB
0	vdw	E:GLY:46:O	E:SER:61:C
0	vdw	E:GLY:46:O	E:ILE:62:N
0	vdw	E:ASP:127:O	E:VAL:60:C
0	vdw	E:ASP:127:O	E:VAL:60:CG1
0	vdw	E:ASP:127:O	E:SER:61:N
0	vdw	E:SER:47:CA	E:VAL:60:O
0	vdw	E:SER:48:N	E:VAL:60:O
0	vdw	E:SER:47:C	E:VAL:60:O
0	vdw	E:ASP:127:O	E:VAL:60:CA
0	vdw	E:ASP:81:O	E:VAL:128:O
0	vdw	E:ASP:81:CB	E:VAL:128:O
0	vdw	E:ASP:81:O	E:LEU:129:CA
0	vdw	E:ASP:81:CG	E:MG:301:MG
0	vdw	E:ASP:81:O	E:LEU:129:CD1
0	vdw	E:GLN:85:O	E:ILE:82:O
0	vdw	E:ILE:82:O	E:MG:301:MG
0	vdw	E:GLN:85:N	E:ILE:82:O
0	vdw	E:GLN:85:CA	E:ILE:82:O
0	vdw	B:LYS:92:NZ	E:GLN:85:O
0	vdw	D:ARG:85:CZ	I:ARG:145:CZ
0	vdw	D:ARG:85:NH1	I:ARG:145:CZ
0	vdw	D:ARG:85:CZ	I:ARG:145:NH1
0	vdw	D:ARG:85:NH1	I:ARG:145:NH1
0	vdw	D:ARG:85:NE	I:ARG:145:CZ
0	vdw	D:ARG:85:NE	I:ARG:145:NH1
0	vdw	D:ARG:85:NH2	I:ARG:145:NH1
0	vdw	G:GLU:127:CB	G:LEU:130:CB
0	vdw	G:GLU:127:CG	I:ILE:221:CD1
0	vdw	G:LEU:130:CD2	I:ILE:221:CD1
0	vdw	G:LEU:130:CD2	I:LEU:148:CG
0	vdw	E:LYS:179:CA	E:THR:152:O
0	vdw	E:TYR:153:CA	E:VAL:178:O
0	vdw	E:TYR:153:C	E:VAL:178:O
0	vdw	E:LEU:154:N	E:VAL:178:O
0	vdw	E:ASN:45:ND2	E:TYR:153:C
0	vdw	E:ASN:45:CB	E:TYR:153:O
0	vdw	E:ASN:45:CB	E:ILE:62:O
0	vdw	E:ASN:45:CB	E:LEU:154:CD2
0	vdw	E:ASN:45:CG	E:TYR:153:O
0	vdw	E:ASN:45:ND2	E:TYR:153:O
0	vdw	E:ASN:45:O	E:THR:152:CG2
0	vdw	E:ASN:45:O	E:TYR:153:N
0	vdw	E:ASN:45:CA	E:TYR:153:O
0	vdw	E:GLY:46:N	E:ILE:62:O
0	vdw	E:GLY:46:N	E:SER:44:C
0	vdw	E:GLY:46:N	E:SER:44:O
0	vdw	E:ASN:45:N	E:ILE:62:O
0	vdw	E:ASN:45:CA	E:ILE:62:O
0	vdw	E:ASN:45:C	E:ILE:62:O
0	vdw	E:GLY:46:C	E:ILE:62:CB
0	vdw	B:PHE:81:CB	E:SER:61:CB
0	vdw	B:PHE:81:CG	E:SER:61:CB
0	vdw	B:PHE:81:CD1	E:SER:61:CB
0	vdw	B:PHE:81:CD2	E:SER:61:CB
0	vdw	E:GLY:46:C	E:ILE:62:N
0	vdw	B:PHE:81:CD2	E:ASP:127:CB
0	vdw	B:PHE:81:CB	E:ASP:127:OD2
0	vdw	B:PHE:81:CD2	E:ASP:127:OD2
0	vdw	B:ASN:77:ND2	E:ASP:81:OD2
0	vdw	D:ARG:85:NH1	D:GLU:35:OE2
0	vdw	G:LEU:130:N	G:LYS:128:C
0	vdw	G:GLU:127:O	G:LEU:130:N
0	vdw	G:GLU:127:O	G:LEU:130:O
0	vdw	G:ALA:132:N	G:LEU:130:O
0	vdw	E:LEU:154:O	E:MET:177:C
0	vdw	E:LEU:154:O	E:VAL:178:N
0	vdw	E:LEU:154:C	E:VAL:178:CG1
0	vdw	E:LEU:154:O	E:VAL:178:CG1
0	vdw	E:LEU:154:CB	E:VAL:178:CG1
0	vdw	E:LYS:156:N	E:VAL:178:CG1
0	vdw	E:LYS:156:CA	E:VAL:178:CG1
0	vdw	E:ASP:176:O	E:LYS:156:CB
0	vdw	E:PRO:155:C	E:VAL:178:CG1
0	vdw	E:PRO:155:O	E:VAL:178:CG1
0	vdw	E:HIS:173:CB	E:LYS:156:CB
0	vdw	E:ASN:45:ND2	E:LEU:154:CA
0	vdw	E:LEU:154:O	E:MET:177:CG
0	vdw	E:LEU:154:O	E:MET:177:CA
0	vdw	E:LEU:154:O	E:MET:177:CB
0	vdw	E:ASN:45:CG	E:LEU:154:CD2
0	vdw	E:ASN:45:ND2	E:LEU:154:CD2
0	vdw	E:ASN:45:OD1	E:LYS:63:CA
0	vdw	E:ASN:45:OD1	E:SER:64:N
0	vdw	E:LYS:63:CG	E:SER:44:OG
0	vdw	E:LYS:63:CD	E:SER:44:OG
0	vdw	B:PHE:81:CB	E:LYS:63:CD
0	vdw	E:LYS:63:CG	E:SER:44:CA
0	vdw	E:LYS:63:CG	E:SER:44:CB
0	vdw	B:LYS:80:CB	B:SER:87:O
0	vdw	B:LYS:80:CG	B:SER:87:O
0	vdw	B:LYS:80:CD	B:SER:87:O
0	vdw	B:LYS:80:CE	B:SER:90:CA
0	vdw	B:LYS:92:CB	B:SER:90:OG
0	vdw	B:LYS:92:N	B:SER:90:OG
0	vdw	A:GLU:92:OE1	D:LYS:37:CE
0	vdw	D:LEU:87:CB	D:PRO:36:CA
0	vdw	D:LEU:87:CD2	D:PRO:36:CA
0	vdw	D:ILE:34:O	D:PRO:36:N
0	vdw	D:ILE:34:O	D:PRO:36:CD
0	vdw	D:GLN:86:NE2	G:SER:93:OG
0	vdw	D:GLN:86:NE2	D:ILE:34:C
0	vdw	E:HIS:173:N	E:LYS:156:C
0	vdw	E:LYS:156:O	E:PHE:172:CA
0	vdw	E:LYS:156:O	E:PHE:172:C
0	vdw	E:HIS:173:N	E:LYS:156:O
0	vdw	E:HIS:173:CA	E:LYS:156:O
0	vdw	E:HIS:173:CB	E:LYS:156:O
0	vdw	E:LEU:154:C	E:LYS:156:N
0	vdw	E:LEU:154:O	E:LYS:156:N
0	vdw	E:PHE:172:CB	E:PRO:155:CB
0	vdw	E:PHE:172:CG	E:PRO:155:CB
0	vdw	B:GLU:85:O	B:SER:87:N
0	vdw	B:ARG:86:CA	B:LYS:80:O
0	vdw	B:ARG:86:CB	B:LYS:80:O
0	vdw	B:ARG:86:N	E:LYS:63:NZ
0	vdw	B:SER:87:OG	B:SER:89:O
0	vdw	B:HIS:91:NE2	B:SER:87:CB
0	vdw	B:HIS:91:CD2	B:SER:87:OG
0	vdw	B:HIS:91:NE2	B:SER:87:OG
0	vdw	B:LYS:92:N	B:SER:90:C
0	vdw	B:LYS:92:N	B:SER:90:O
0	vdw	B:ASN:93:CA	B:LEU:98:CD1
0	vdw	B:ASN:93:N	B:HIS:91:C
0	vdw	B:ASN:93:N	B:HIS:91:O
0	vdw	D:GLN:89:CG	D:GLU:49:OE2
0	vdw	D:GLN:89:NE2	D:GLU:49:OE2
0	vdw	D:ILE:34:O	D:LEU:87:CB
0	vdw	D:ILE:34:N	D:LEU:87:O
0	vdw	D:ILE:34:O	D:LEU:87:N
0	vdw	D:GLN:86:CG	D:ILE:34:O
0	vdw	D:LEU:87:O	D:PRO:33:CA
0	vdw	D:GLY:32:CA	D:ILE:34:N
0	vdw	D:GLY:32:CA	D:LEU:87:O
0	vdw	D:GLN:86:CD	D:ILE:34:O
0	vdw	D:GLN:86:NE2	D:ILE:34:O
0	vdw	D:ILE:34:CG1	D:LEU:87:O
0	vdw	D:GLN:86:CG	D:PRO:33:CB
0	vdw	D:PRO:33:CG	G:ILE:65:CG2
0	vdw	E:ILE:158:CG1	E:PHE:172:C
0	vdw	A:ASN:93:C	A:ASN:95:N
0	vdw	A:ASN:93:OD1	D:ARG:53:NH2
0	vdw	A:LYS:3:CE	D:GLN:89:NE2
0	vdw	A:LYS:3:NZ	D:GLN:89:NE2
0	vdw	D:GLN:89:N	D:THR:31:O
0	vdw	D:GLY:32:CA	D:ILE:34:CG2
0	vdw	D:PRO:33:CD	G:ARG:63:CG
0	vdw	G:ALA:55:O	G:GLY:22:N
0	vdw	G:ALA:55:O	G:GLY:22:CA
0	vdw	G:ALA:55:CB	G:LYS:20:O
0	vdw	G:ALA:55:O	G:LEU:21:C
0	vdw	A:GLU:82:CB	D:ARG:53:NH1
0	vdw	A:SER:84:CB	D:ARG:53:CZ
0	vdw	A:ILE:83:C	D:ARG:53:NH1
0	vdw	A:SER:84:N	D:ARG:53:NH1
0	vdw	A:ILE:83:O	D:ARG:53:NH2
0	vdw	A:SER:84:CA	D:ARG:53:CZ
0	vdw	A:GLU:82:C	D:ARG:53:NH1
0	vdw	A:GLU:82:O	D:ARG:53:NH1
0	vdw	D:SER:29:O	D:THR:91:N
0	vdw	D:GLN:89:O	D:VAL:30:CA
0	vdw	D:GLN:89:O	D:SER:29:O
0	vdw	D:GLN:89:O	D:VAL:30:C
0	vdw	D:GLN:89:O	D:THR:31:N
0	vdw	D:GLY:15:O	D:VAL:30:CA
0	vdw	D:ILE:125:CD1	D:VAL:30:CG1
0	vdw	D:ALA:123:CB	D:VAL:30:CG1
0	vdw	D:ILE:125:CG1	D:LEU:120:O
0	vdw	D:GLY:124:C	G:ASN:38:ND2
0	vdw	D:GLY:124:CA	G:TYR:59:CD2
0	vdw	D:ALA:123:C	D:ILE:125:N
0	vdw	G:ASN:38:CG	G:TYR:59:CD1
0	vdw	G:ASN:38:CG	G:TYR:59:CD2
0	vdw	G:ASN:38:CG	G:TYR:59:CE1
0	vdw	G:ASN:38:CG	G:TYR:59:CZ
0	vdw	G:ASN:38:OD1	G:TYR:59:CE1
0	vdw	G:ASN:38:ND2	G:TYR:59:CD2
0	vdw	G:ASN:38:ND2	G:TYR:59:CE2
0	vdw	G:ASN:38:ND2	G:TYR:59:CZ
0	vdw	G:ASN:38:CG	G:TYR:59:CG
0	vdw	G:ASN:38:ND2	G:TYR:59:CG
0	vdw	G:PRO:23:O	G:TYR:56:CA
0	vdw	G:PRO:23:O	G:TYR:56:C
0	vdw	G:ILE:57:N	G:PRO:23:O
0	vdw	G:GLY:24:CA	G:ILE:57:CB
0	vdw	G:GLY:24:C	G:ILE:57:CD1
0	vdw	G:PRO:23:O	G:TYR:56:CB
0	vdw	A:ARG:71:N	A:GLU:69:C
0	vdw	A:ASP:70:C	A:PRO:72:CD
0	vdw	A:ASP:70:O	A:PRO:72:CD
0	vdw	A:ASP:70:N	A:TYR:68:O
0	vdw	A:ARG:71:N	A:TYR:68:O
0	vdw	A:ARG:135:NH1	A:VAL:78:CG2
0	vdw	A:ASP:137:OD1	A:SER:80:CB
0	vdw	A:MET:86:CE	D:THR:91:CG2
0	vdw	A:MET:86:CE	D:THR:91:O
0	vdw	D:CYS:28:SG	D:THR:91:O
0	vdw	D:SER:29:N	D:THR:91:O
0	vdw	A:MET:86:CE	D:ILE:27:O
0	vdw	D:CYS:28:CA	D:THR:91:O
0	vdw	A:MET:86:CE	D:SER:29:OG
0	vdw	D:SER:29:OG	D:THR:91:CB
0	vdw	D:CYS:28:C	D:THR:91:O
0	vdw	D:ALA:119:CB	D:CYS:28:SG
0	vdw	D:GLY:15:O	D:SER:29:CA
0	vdw	D:GLY:15:O	D:SER:29:C
0	vdw	D:GLY:15:C	D:VAL:30:N
0	vdw	D:GLY:15:O	D:VAL:30:N
0	vdw	D:VAL:13:CG1	D:VAL:30:N
0	vdw	D:ALA:119:C	D:VAL:121:N
0	vdw	D:ALA:119:O	D:VAL:121:N
0	vdw	D:ALA:119:CB	D:VAL:30:CG2
0	vdw	D:LEU:118:C	D:LEU:120:N
0	vdw	D:GLY:15:O	D:VAL:30:CB
0	vdw	D:ALA:119:C	D:ASP:122:N
0	vdw	D:ALA:119:O	D:ASP:122:N
0	vdw	D:LEU:118:O	D:LEU:120:N
0	vdw	D:ALA:119:O	D:ALA:123:N
0	vdw	D:ALA:119:O	D:ALA:123:CA
0	vdw	D:ALA:119:O	D:ALA:123:CB
0	vdw	D:GLY:124:N	D:LEU:120:O
0	vdw	D:GLY:124:N	D:VAL:121:O
0	vdw	D:ASP:122:N	D:LEU:120:C
0	vdw	D:LEU:118:O	D:VAL:121:N
0	vdw	D:ALA:123:N	D:VAL:121:C
0	vdw	D:ASP:122:C	D:GLY:124:N
0	vdw	D:ASP:122:O	D:GLY:124:N
0	vdw	D:ILE:125:N	D:LEU:120:O
0	vdw	D:ALA:123:N	D:VAL:121:O
0	vdw	G:ASN:38:CB	G:TYR:59:CB
0	vdw	G:ASN:38:CB	G:TYR:59:CG
0	vdw	G:ASN:38:CB	G:TYR:59:CD1
0	vdw	G:ILE:57:CG1	G:LEU:42:CD1
0	vdw	G:LEU:42:CD1	G:TYR:56:O
0	vdw	A:PRO:72:N	A:TYR:68:O
0	vdw	A:PRO:72:CA	A:TYR:68:O
0	vdw	A:ARG:71:C	A:TYR:68:O
0	vdw	A:ARG:71:O	A:TYR:68:O
0	vdw	A:ARG:135:CG	A:VAL:78:CG1
0	vdw	A:ARG:135:CB	A:VAL:78:CG1
0	vdw	A:ARG:135:NH1	A:VAL:78:CG1
0	vdw	A:ARG:135:CG	A:ASP:137:OD1
0	vdw	A:ARG:135:CD	A:ASP:137:OD1
0	vdw	A:ARG:135:NE	A:ASP:137:OD1
0	vdw	A:HIS:139:CE1	D:GLN:93:CD
0	vdw	A:HIS:139:CE1	D:GLN:93:NE2
0	vdw	A:HIS:139:NE2	D:ALA:55:O
0	vdw	A:HIS:139:ND1	D:GLN:93:CD
0	vdw	A:HIS:139:ND1	D:GLN:93:OE1
0	vdw	A:HIS:139:ND1	D:GLN:93:NE2
0	vdw	A:HIS:139:CG	D:GLN:93:NE2
0	vdw	D:GLN:93:N	D:ILE:27:O
0	vdw	D:GLN:93:CA	D:ILE:27:O
0	vdw	D:GLN:93:O	D:ILE:27:O
0	vdw	D:GLN:93:O	D:VAL:26:C
0	vdw	D:GLN:93:O	D:ILE:27:N
0	vdw	A:MET:86:CE	D:GLN:93:N
0	vdw	A:MET:86:CE	D:GLN:93:CB
0	vdw	D:GLN:93:O	D:ILE:27:CG2
0	vdw	D:ILE:27:C	D:SER:17:O
0	vdw	D:CYS:28:N	D:SER:17:O
0	vdw	D:CYS:28:CA	D:SER:17:O
0	vdw	D:ALA:119:N	D:SER:17:OG
0	vdw	D:ALA:119:CB	D:SER:17:OG
0	vdw	D:LEU:118:CB	D:SER:17:OG
0	vdw	D:LEU:118:O	D:VAL:121:CB
0	vdw	D:ASP:122:N	D:LEU:118:O
0	vdw	D:ASP:122:CB	D:LEU:118:O
0	vdw	D:VAL:121:CG1	G:THR:39:OG1
0	vdw	D:VAL:121:CG1	G:THR:39:CG2
0	vdw	D:ILE:213:CG1	D:VAL:121:CG1
0	vdw	G:ILE:5:O	G:THR:39:CA
0	vdw	G:GLY:40:N	G:ILE:5:O
0	vdw	G:GLY:40:O	G:ILE:5:CB
0	vdw	G:GLY:40:O	G:ILE:5:CG1
0	vdw	G:GLY:40:O	G:PHE:4:CA
0	vdw	G:GLY:40:O	G:ILE:5:N
0	vdw	G:ILE:5:CG1	G:LEU:42:CB
0	vdw	G:ILE:5:CD1	G:LEU:42:CB
0	vdw	G:ILE:5:CG1	G:LEU:42:N
0	vdw	A:ALA:127:CB	A:PHE:73:CE1
0	vdw	A:ALA:127:CB	A:PHE:73:CD1
0	vdw	A:GLU:74:N	A:PRO:72:C
0	vdw	A:ARG:71:C	A:PHE:73:N
0	vdw	A:ARG:71:O	A:PHE:73:N
0	vdw	A:CYS:124:SG	A:PRO:72:O
0	vdw	A:GLY:75:CA	A:VAL:120:O
0	vdw	A:LEU:76:N	A:TRP:132:O
0	vdw	A:ALA:133:CA	A:LEU:76:O
0	vdw	A:LEU:76:O	A:VAL:134:N
0	vdw	A:SER:61:O	A:VAL:134:CA
0	vdw	A:ARG:135:O	A:SER:61:OG
0	vdw	A:ARG:135:CB	A:SER:61:OG
0	vdw	A:ARG:135:N	A:SER:61:O
0	vdw	A:ARG:135:O	A:SER:61:N
0	vdw	A:ARG:135:CA	A:VAL:78:O
0	vdw	A:ARG:135:O	A:ILE:60:CA
0	vdw	A:ARG:59:CB	D:ALA:55:O
0	vdw	D:LEU:95:CA	D:LYS:25:O
0	vdw	D:ILE:94:C	D:LYS:25:O
0	vdw	D:LEU:95:N	D:LYS:25:O
0	vdw	D:LEU:95:CB	D:LYS:25:O
0	vdw	D:ILE:27:CG2	D:LEU:95:CG
0	vdw	D:PHE:19:N	D:VAL:26:O
0	vdw	D:ILE:27:CA	D:SER:17:O
0	vdw	D:CYS:28:O	D:SER:17:O
0	vdw	D:ILE:27:CG1	D:SER:17:O
0	vdw	D:ILE:7:CD1	D:SER:17:CB
0	vdw	D:ILE:7:CD1	D:LEU:118:CB
0	vdw	D:LEU:118:CB	D:SER:17:CB
0	vdw	D:ALA:5:CB	D:LEU:118:CD1
0	vdw	D:ILE:213:CG2	G:PHE:4:CE2
0	vdw	D:ILE:213:CG2	D:ILE:217:CG1
0	vdw	D:ILE:213:CG2	G:PHE:4:CZ
0	vdw	D:GLN:214:CG	G:PHE:4:CD2
0	vdw	D:GLN:214:CG	G:PHE:4:CE2
0	vdw	D:GLN:214:NE2	G:PHE:4:CB
0	vdw	A:CYS:124:CB	A:GLU:121:O
0	vdw	A:LEU:123:O	A:TRP:132:CA
0	vdw	A:LEU:123:O	A:TRP:132:CB
0	vdw	A:CYS:124:N	A:GLY:122:C
0	vdw	A:CYS:124:N	A:GLU:121:O
0	vdw	A:CYS:62:CB	A:PHE:162:CZ
0	vdw	A:ILE:60:O	A:PHE:162:CD1
0	vdw	D:GLU:96:N	D:LYS:25:O
0	vdw	D:GLU:96:N	D:ILE:94:C
0	vdw	A:HIS:57:CE1	D:LEU:95:O
0	vdw	D:LYS:25:CA	D:PHE:19:O
0	vdw	D:LEU:95:CD1	D:LYS:25:CD
0	vdw	D:LYS:25:CG	D:PHE:19:O
0	vdw	D:LYS:25:CG	D:VAL:20:CG2
0	vdw	D:ALA:5:CA	D:GLU:18:O
0	vdw	D:GLN:4:O	D:VAL:20:N
0	vdw	D:GLU:18:O	D:GLU:6:N
0	vdw	D:ASN:216:ND2	D:ILE:212:CG2
0	vdw	D:ARG:210:O	D:ILE:212:N
0	vdw	D:ARG:210:O	D:ILE:213:N
0	vdw	D:ARG:210:O	D:GLN:214:N
0	vdw	D:ARG:211:C	D:ILE:213:N
0	vdw	D:GLN:214:N	D:ILE:212:C
0	vdw	D:ARG:210:O	D:GLN:214:CG
0	vdw	D:GLN:214:N	D:ILE:212:O
0	vdw	D:ASN:216:ND2	D:ILE:212:C
0	vdw	D:GLN:214:CG	G:PHE:4:CG
0	vdw	D:GLN:214:CG	G:PHE:4:CD1
0	vdw	A:LYS:164:CD	A:TRP:132:CD1
0	vdw	A:LEU:187:CD2	A:LYS:164:CD
0	vdw	A:LEU:187:CD2	A:LYS:164:CG
0	vdw	A:LYS:164:CA	A:VAL:185:O
0	vdw	A:LYS:164:CG	A:VAL:185:O
0	vdw	A:ILE:60:O	A:PHE:162:CE1
0	vdw	A:GLU:43:CG	D:GLU:96:OE2
0	vdw	D:GLN:4:O	D:VAL:20:CA
0	vdw	D:GLN:4:O	D:VAL:20:CB
0	vdw	D:ARG:211:O	D:ASP:215:CB
0	vdw	D:ARG:211:O	D:ASP:215:CG
0	vdw	D:ARG:211:O	D:ASP:215:OD2
0	vdw	D:ARG:211:O	D:ASP:215:N
0	vdw	A:LYS:164:O	A:VAL:185:CG1
0	vdw	A:LYS:164:CG	A:VAL:185:CG1
0	vdw	A:LYS:164:C	A:PRO:184:CB
0	vdw	A:LYS:164:O	A:PRO:184:CB
0	vdw	A:LYS:164:O	A:PRO:184:CA
0	vdw	A:LYS:164:N	A:VAL:185:O
0	vdw	A:LYS:164:O	A:VAL:185:CA
0	vdw	A:LYS:164:O	A:VAL:185:O
0	vdw	A:LYS:164:O	A:PRO:184:C
0	vdw	A:LYS:164:O	A:VAL:185:N
0	vdw	A:LYS:163:O	A:PRO:184:CB
0	vdw	A:LYS:163:O	A:PHE:44:CD1
0	vdw	A:LYS:163:O	A:PHE:44:CE1
0	vdw	A:LYS:163:C	A:PRO:184:CB
0	vdw	A:LYS:163:CB	A:PRO:184:CB
0	vdw	A:PHE:162:CD1	A:PHE:44:CD1
0	vdw	A:LYS:163:N	A:PHE:44:CD1
0	vdw	A:GLU:43:N	A:GLY:41:C
0	vdw	A:ARG:182:NH1	A:ASP:166:CG
0	vdw	A:ARG:182:NH1	A:ASP:166:OD2
0	vdw	A:ALA:294:O	A:THR:298:N
0	vdw	A:ALA:294:O	A:THR:298:CB
0	vdw	A:ALA:294:O	A:THR:298:OG1
0	vdw	A:MET:296:C	A:THR:298:N
0	vdw	A:MET:296:O	A:THR:298:N
0	vdw	A:LEU:297:C	A:SER:299:N
0	vdw	A:LEU:297:CB	A:TYR:293:O
0	vdw	A:GLU:300:N	A:THR:298:C
0	vdw	A:GLU:300:N	A:THR:298:O
0	vdw	A:MET:296:O	A:SER:299:N
0	vdw	A:GLU:300:N	A:MET:296:O
0	vdw	A:ALA:295:O	A:SER:299:N
0	vdw	A:GLU:300:OE2	A:MET:296:CE
0	vdw	A:GLU:300:CG	A:MET:296:O
0	vdw	J:ASN:503:O	J:ASP:507:CB
0	vdw	J:ASN:503:O	J:ILE:505:N
0	vdw	J:ASP:507:CB	J:LEU:504:O
0	vdw	J:ASN:503:N	J:LEU:501:O
0	vdw	J:ASN:503:N	J:LYS:499:O
0	vdw	J:ASN:503:N	J:LEU:500:C
0	vdw	J:ASN:503:N	J:LEU:500:O
0	vdw	J:ASN:503:N	J:LEU:501:C
0	vdw	J:ASN:503:CA	J:LEU:500:O
0	vdw	J:ASN:503:CB	J:LEU:500:O
0	vdw	H:LEU:241:CD2	H:THR:236:CG2
0	vdw	H:LEU:241:CB	H:SER:237:O
0	vdw	H:LEU:241:CG	H:SER:237:O
0	vdw	H:LEU:241:CD1	H:SER:237:O
0	vdw	H:ASP:240:N	H:GLN:238:C
0	vdw	H:ASP:240:N	H:GLN:238:O
0	vdw	H:ALA:242:N	H:GLN:238:O
0	vdw	J:GLU:444:CG	J:VAL:440:O
0	vdw	J:GLU:444:N	J:VAL:440:O
0	vdw	J:LEU:501:O	J:LEU:504:N
0	vdw	J:ALA:502:C	J:LEU:504:N
0	vdw	J:ILE:505:N	J:LEU:501:O
0	vdw	J:LEU:500:O	J:LEU:504:N
0	vdw	J:ASN:503:C	J:ILE:505:N
0	vdw	J:ILE:505:CG1	J:LEU:501:O
0	vdw	J:ALA:502:CB	J:ASP:479:C
0	vdw	J:ALA:502:CB	J:ASP:479:O
0	vdw	J:ASP:479:C	J:ILE:481:N
0	vdw	J:ALA:502:CB	J:LYS:499:O
0	vdw	H:ASN:220:N	H:PRO:218:C
0	vdw	H:PRO:218:O	H:TYR:300:CE2
0	vdw	H:GLY:219:N	H:LEU:217:O
0	vdw	H:PRO:218:C	H:TYR:300:OH
0	vdw	H:PRO:218:O	H:TYR:300:CZ
0	vdw	H:PRO:218:O	H:TYR:300:OH
0	vdw	H:GLY:219:C	H:ILE:221:N
0	vdw	H:ASN:220:C	H:THR:236:CB
0	vdw	H:ASN:220:C	H:THR:236:OG1
0	vdw	H:ILE:221:N	H:THR:236:OG1
0	vdw	H:ASP:240:CB	H:THR:236:CG2
0	vdw	H:THR:222:OG1	H:THR:236:CA
0	vdw	H:THR:222:OG1	H:THR:236:CB
0	vdw	H:ILE:221:C	H:THR:236:OG1
0	vdw	H:ILE:221:O	H:THR:236:OG1
0	vdw	H:THR:222:OG1	H:THR:236:OG1
0	vdw	H:LEU:241:CG	H:THR:236:CG2
0	vdw	H:ASP:240:CB	H:SER:237:N
0	vdw	H:MET:239:N	H:SER:237:C
0	vdw	H:MET:239:N	H:SER:237:O
0	vdw	H:ASP:240:N	H:SER:237:O
0	vdw	H:LEU:241:N	H:SER:237:O
0	vdw	H:ASN:216:OD1	H:ASP:240:CB
0	vdw	H:ASP:240:OD1	H:SER:237:OG
0	vdw	J:GLU:439:OE2	J:TRP:425:NE1
0	vdw	J:GLU:439:C	J:LEU:441:N
0	vdw	J:GLU:439:O	J:LEU:441:N
0	vdw	J:ARG:443:N	J:GLU:439:O
0	vdw	J:GLU:439:O	J:VAL:442:N
0	vdw	J:VAL:440:C	J:VAL:442:N
0	vdw	J:ARG:443:N	J:LEU:441:C
0	vdw	J:ARG:443:N	J:LEU:441:O
0	vdw	J:GLU:439:C	J:VAL:442:CG1
0	vdw	J:GLU:439:O	J:VAL:442:CG1
0	vdw	J:ARG:443:CA	J:GLU:439:O
0	vdw	J:ARG:443:CB	J:GLU:439:O
0	vdw	J:LEU:441:CD2	J:VAL:473:CG2
0	vdw	J:LEU:441:O	J:LEU:445:N
0	vdw	J:LEU:441:O	J:LEU:445:CB
0	vdw	J:LEU:441:O	J:LEU:445:CD1
0	vdw	J:LEU:441:CD2	J:LEU:445:CD2
0	vdw	J:GLU:444:N	J:LEU:441:O
0	vdw	J:ILE:505:CD1	J:LEU:472:O
0	vdw	J:PRO:477:CG	J:VAL:483:CG2
0	vdw	J:ASP:479:O	J:VAL:483:CG2
0	vdw	J:ASP:479:O	J:ILE:481:N
0	vdw	J:ILE:481:C	J:VAL:483:N
0	vdw	J:GLY:482:C	J:PRO:477:CB
0	vdw	J:GLY:482:CA	J:PRO:477:CB
0	vdw	J:ILE:481:O	J:VAL:483:N
0	vdw	J:GLY:482:N	J:VAL:480:C
0	vdw	J:ILE:481:C	J:VAL:484:CG1
0	vdw	H:MET:327:C	H:TYR:329:N
0	vdw	H:MET:327:O	H:TYR:329:N
0	vdw	H:MET:327:CE	H:TYR:323:CE2
0	vdw	H:MET:327:CE	H:TYR:323:CZ
0	vdw	H:MET:327:CE	H:TYR:323:OH
0	vdw	H:ARG:299:CZ	H:MET:327:SD
0	vdw	H:MET:327:CG	H:TYR:323:O
0	vdw	H:ARG:299:CD	H:MET:327:CE
0	vdw	H:TYR:300:CD2	H:TYR:323:CE1
0	vdw	H:TYR:300:CE2	H:TYR:323:CE1
0	vdw	H:TYR:300:CE2	H:TYR:323:CZ
0	vdw	H:ARG:299:CD	H:TYR:323:CE1
0	vdw	H:TYR:300:CZ	H:TYR:323:CE1
0	vdw	H:TYR:300:OH	H:TYR:323:CE2
0	vdw	H:ILE:221:CG1	H:TYR:300:CD2
0	vdw	H:ILE:221:CD1	H:TYR:300:CD2
0	vdw	H:ILE:221:CG1	H:TYR:300:CE2
0	vdw	H:ILE:221:CD1	H:TYR:300:CE2
0	vdw	H:ALA:296:O	H:TYR:300:CD2
0	vdw	H:TYR:300:CD2	H:TYR:323:CD1
0	vdw	H:TYR:300:CE2	H:TYR:323:CG
0	vdw	H:TYR:300:CE2	H:TYR:323:CD1
0	vdw	H:ARG:234:O	H:ILE:221:CA
0	vdw	H:ARG:234:O	H:ILE:221:CB
0	vdw	H:ILE:221:CD1	H:LEU:217:CD1
0	vdw	H:ILE:221:CA	H:THR:236:OG1
0	vdw	H:ILE:221:CD1	H:TYR:300:CG
0	vdw	H:ARG:234:O	H:ILE:221:C
0	vdw	H:ARG:234:O	H:THR:222:N
0	vdw	H:ARG:234:O	H:THR:236:N
0	vdw	H:ASP:240:OD2	H:THR:222:OG1
0	vdw	H:ARG:234:O	H:THR:222:O
0	vdw	H:ARG:234:O	H:THR:222:CA
0	vdw	H:ASP:240:CB	H:THR:222:OG1
0	vdw	H:ILE:221:O	H:LEU:217:CD1
0	vdw	H:ASN:216:OD1	H:THR:222:OG1
0	vdw	H:ILE:221:O	H:LEU:217:N
0	vdw	H:ILE:221:O	H:LEU:217:O
0	vdw	H:ARG:234:NE	H:ASP:240:OD2
0	vdw	H:ARG:234:CZ	H:ASP:240:OD2
0	vdw	H:ASP:240:OD2	H:THR:222:CG2
0	vdw	H:ARG:234:NH2	H:ASP:240:CG
0	vdw	H:ARG:234:NH2	H:ASP:240:OD2
0	vdw	H:ASP:240:CG	H:SER:237:OG
0	vdw	H:ASP:240:OD2	H:THR:222:CB
0	vdw	H:ARG:234:NH2	H:ASP:240:OD1
0	vdw	J:LYS:426:CD	J:MET:429:CE
0	vdw	J:LYS:426:CG	J:SER:423:O
0	vdw	J:LYS:426:CG	J:SER:423:CB
0	vdw	J:GLU:439:OE2	J:LYS:426:CE
0	vdw	J:GLU:439:CG	J:TRP:425:CD1
0	vdw	J:GLU:439:CG	J:MET:429:SD
0	vdw	J:GLU:439:CG	J:MET:429:CE
0	vdw	J:MET:429:SD	J:VAL:442:CG1
0	vdw	J:LYS:426:CA	J:MET:429:CE
0	vdw	J:MET:429:CE	J:TRP:425:O
0	vdw	J:MET:429:CG	J:VAL:442:CG1
0	vdw	J:LEU:469:CD2	J:VAL:442:CG2
0	vdw	J:LEU:469:CD2	J:VAL:473:CG2
0	vdw	J:LEU:469:O	J:VAL:473:CG2
0	vdw	J:LEU:469:O	J:LEU:472:CB
0	vdw	J:LEU:469:O	J:VAL:473:N
0	vdw	J:ALA:470:C	J:VAL:473:N
0	vdw	J:ALA:470:O	J:VAL:473:N
0	vdw	J:ALA:471:C	J:VAL:473:N
0	vdw	J:LEU:445:CD2	J:LEU:472:CB
0	vdw	J:LEU:468:O	J:LEU:472:N
0	vdw	J:LEU:469:C	J:LEU:472:N
0	vdw	J:GLY:482:O	J:LEU:486:CD1
0	vdw	J:GLY:482:O	J:LEU:486:CG
0	vdw	J:GLY:482:O	J:LEU:486:CD2
0	vdw	J:GLY:482:C	J:VAL:484:N
0	vdw	J:LEU:472:CD2	J:LEU:486:CD1
0	vdw	J:ILE:481:O	J:SER:485:OG
0	vdw	J:ILE:481:O	J:VAL:484:CG1
0	vdw	H:SER:326:O	H:TYR:329:N
0	vdw	H:ARG:299:NH2	H:TYR:329:O
0	vdw	H:SER:326:O	H:TYR:329:O
0	vdw	H:ARG:299:NH2	H:SER:326:O
0	vdw	H:ARG:299:NH2	H:SER:326:C
0	vdw	H:SER:326:O	H:VAL:328:N
0	vdw	H:ARG:299:C	H:ASN:302:N
0	vdw	H:ARG:299:O	H:ASN:302:N
0	vdw	H:ARG:299:O	H:ASN:302:CA
0	vdw	H:ARG:299:O	H:ASN:302:CB
0	vdw	H:ARG:299:O	H:VAL:303:CG1
0	vdw	H:ARG:299:O	H:VAL:303:CG2
0	vdw	H:ALA:301:N	H:ARG:299:C
0	vdw	H:ALA:301:N	H:ARG:299:O
0	vdw	H:ARG:299:O	H:VAL:303:N
0	vdw	H:ARG:299:CD	H:TYR:323:CD1
0	vdw	H:ALA:296:O	H:TYR:300:N
0	vdw	H:ALA:296:O	H:TYR:300:CA
0	vdw	H:ALA:296:O	H:TYR:300:CB
0	vdw	H:CYS:298:O	H:TYR:300:N
0	vdw	H:ALA:296:O	H:TYR:300:CG
0	vdw	H:LEU:233:CD1	H:TYR:300:CB
0	vdw	H:TYR:300:CA	H:VAL:303:CG2
0	vdw	H:LEU:233:CA	H:THR:222:O
0	vdw	H:LEU:233:C	H:THR:222:O
0	vdw	H:ARG:234:N	H:THR:222:O
0	vdw	H:LEU:233:O	H:MET:198:O
0	vdw	H:THR:222:O	H:TRP:232:O
0	vdw	H:ARG:234:CB	H:TRP:232:CD1
0	vdw	H:ARG:234:CB	H:TRP:232:NE1
0	vdw	H:ARG:234:NH1	H:VAL:224:CG2
0	vdw	J:LYS:421:NZ	J:LYS:426:CB
0	vdw	J:LYS:426:CB	J:SER:423:O
0	vdw	J:LYS:426:O	J:MET:429:N
0	vdw	J:LYS:426:O	J:MET:429:CB
0	vdw	J:LYS:426:O	J:TYR:430:N
0	vdw	J:LEU:428:N	J:LYS:426:C
0	vdw	J:LEU:428:N	J:LYS:426:O
0	vdw	J:MET:429:N	J:TRP:425:O
0	vdw	J:MET:429:CG	J:TRP:425:O
0	vdw	J:ILE:427:C	J:MET:429:N
0	vdw	J:ALA:471:N	J:LEU:469:O
0	vdw	J:ALA:471:N	J:LEU:469:C
0	vdw	J:ALA:471:N	J:LEU:468:C
0	vdw	J:ALA:471:N	J:LEU:468:O
0	vdw	J:ALA:471:N	J:GLN:467:O
0	vdw	J:LEU:469:O	J:LEU:472:N
0	vdw	J:LEU:469:O	J:LEU:472:CA
0	vdw	J:ALA:470:C	J:LEU:472:N
0	vdw	J:ALA:470:O	J:LEU:472:N
0	vdw	J:ALA:471:CA	J:LEU:468:O
0	vdw	J:ALA:471:CB	J:LEU:468:O
0	vdw	J:ALA:471:CB	J:LEU:486:CD1
0	vdw	H:GLU:334:C	H:ILE:336:N
0	vdw	H:LEU:335:CA	H:VAL:340:CG1
0	vdw	H:LEU:335:CD2	H:VAL:340:CG1
0	vdw	H:LEU:335:CD1	H:SER:326:CB
0	vdw	H:LEU:335:CD2	H:TYR:329:CD2
0	vdw	H:ASN:302:N	H:CYS:298:O
0	vdw	H:ASN:302:N	H:TYR:300:C
0	vdw	H:ASN:302:CG	H:CYS:298:O
0	vdw	H:ASN:302:CA	H:LYS:305:CG
0	vdw	H:ALA:301:N	H:ILE:297:O
0	vdw	H:ALA:301:CB	H:ILE:297:O
0	vdw	H:ALA:301:N	H:CYS:298:O
0	vdw	H:ALA:301:CA	H:CYS:298:O
0	vdw	H:ALA:301:CB	H:CYS:298:O
0	vdw	H:ILE:297:O	H:LEU:233:CD1
0	vdw	H:LEU:233:CD1	H:TYR:300:C
0	vdw	H:ALA:301:N	H:LEU:233:CD1
0	vdw	H:ALA:301:CA	H:LEU:233:CD1
0	vdw	H:ALA:301:CB	H:LEU:233:CD1
0	vdw	H:ALA:301:C	H:VAL:303:N
0	vdw	H:TYR:300:C	H:VAL:303:CG2
0	vdw	H:LEU:233:N	H:MET:198:O
0	vdw	H:MET:198:O	H:TRP:232:CD2
0	vdw	H:MET:198:O	H:TRP:232:CE3
0	vdw	H:LEU:194:CD2	H:TRP:232:CB
0	vdw	H:LEU:194:CG	H:TRP:232:CG
0	vdw	H:LEU:194:CD2	H:TRP:232:CG
0	vdw	H:LEU:194:CG	H:TRP:232:CD1
0	vdw	H:LEU:168:CD1	H:TRP:232:CE3
0	vdw	H:GLY:192:O	H:LEU:194:CD1
0	vdw	H:LEU:169:CA	H:LEU:194:CD1
0	vdw	H:ASN:170:N	H:LEU:194:CD1
0	vdw	H:ASN:170:CB	H:LEU:194:CD1
0	vdw	H:ASN:170:CG	H:LEU:194:CD1
0	vdw	H:ASN:170:OD1	H:LEU:194:CD1
0	vdw	H:LEU:169:C	H:LEU:194:CD1
0	vdw	H:LEU:169:C	H:LEU:194:CD2
0	vdw	H:LEU:194:CD2	H:VAL:113:CG1
0	vdw	H:GLY:192:O	H:LEU:169:CB
0	vdw	H:ASN:170:OD1	H:GLY:192:C
0	vdw	H:ASN:170:N	H:GLY:192:O
0	vdw	H:ASN:170:OD1	H:GLY:192:O
0	vdw	H:TYR:281:OH	H:VAL:141:CB
0	vdw	H:ASN:142:N	H:TYR:281:OH
0	vdw	H:ASN:142:O	H:TYR:281:OH
0	vdw	H:THR:186:OG1	H:VAL:141:CB
0	vdw	J:TYR:430:C	J:TYR:432:N
0	vdw	J:LEU:428:C	J:TYR:430:N
0	vdw	J:LEU:428:O	J:TYR:432:N
0	vdw	J:GLN:431:N	J:MET:429:C
0	vdw	J:GLN:431:N	J:MET:429:O
0	vdw	J:MET:429:O	J:TYR:432:N
0	vdw	J:LEU:428:O	J:TYR:432:CD2
0	vdw	J:GLN:431:N	J:ILE:427:O
0	vdw	J:ALA:470:CB	J:GLN:467:O
0	vdw	J:ALA:470:CB	J:ASN:466:O
0	vdw	H:GLU:334:O	H:ILE:336:N
0	vdw	H:GLU:337:N	H:LEU:335:C
0	vdw	H:GLU:337:N	H:LEU:335:O
0	vdw	H:GLU:334:O	H:VAL:340:CB
0	vdw	H:GLU:334:O	H:VAL:340:CG2
0	vdw	H:ASN:339:OD1	H:GLU:337:CB
0	vdw	H:GLU:337:CB	H:VAL:340:CG2
0	vdw	H:GLU:334:O	H:VAL:340:CG1
0	vdw	H:LEU:335:O	H:MET:341:CG
0	vdw	H:ALA:301:O	H:LYS:305:CD
0	vdw	H:ASN:302:OD1	H:CYS:298:O
0	vdw	H:ALA:301:O	H:LYS:305:CE
0	vdw	H:LEU:168:CD1	H:PHE:199:CB
0	vdw	H:LEU:168:CD1	H:PHE:199:CG
0	vdw	H:LEU:168:CD1	H:PHE:199:CD2
0	vdw	H:ILE:231:O	H:PHE:199:CA
0	vdw	H:ILE:231:O	H:PHE:199:CD2
0	vdw	H:CYS:200:N	H:ILE:231:O
0	vdw	H:PHE:199:CA	H:TRP:232:CE3
0	vdw	H:PHE:199:CB	H:TRP:232:CE3
0	vdw	H:GLY:114:O	H:LEU:168:CA
0	vdw	H:GLY:114:O	H:LEU:168:C
0	vdw	H:GLY:114:O	H:LEU:169:N
0	vdw	H:GLY:192:O	H:LEU:169:CA
0	vdw	H:LEU:163:CD1	H:LEU:169:CD2
0	vdw	H:ILE:116:CD1	H:LEU:169:CD2
0	vdw	H:TRP:124:CZ3	H:VAL:141:CG1
0	vdw	H:LEU:138:O	H:VAL:141:CG2
0	vdw	H:LEU:136:CD2	H:VAL:141:CG1
0	vdw	H:THR:186:OG1	H:VAL:141:CG1
0	vdw	H:LEU:138:O	H:SER:140:N
0	vdw	H:GLU:337:CD	H:THR:6:OG1
0	vdw	H:GLU:337:OE1	H:THR:6:OG1
0	vdw	E:PRO:33:CG	H:GLU:337:CD
0	vdw	E:PRO:33:CG	H:GLU:337:OE1
0	vdw	E:PRO:33:CG	H:ILE:336:O
0	vdw	H:PHE:199:CE2	H:TYR:230:CA
0	vdw	H:PHE:199:CZ	H:TYR:230:CD1
0	vdw	H:PHE:199:CE2	H:TYR:230:CB
0	vdw	H:PHE:199:CE2	H:TYR:230:CG
0	vdw	H:PHE:199:CZ	H:TYR:230:CB
0	vdw	H:PHE:199:CZ	H:TYR:230:CG
0	vdw	H:ILE:231:O	H:PHE:199:CE2
0	vdw	H:GLY:114:C	H:LEU:168:CD2
0	vdw	H:GLY:114:O	H:LEU:168:CD2
0	vdw	H:ARG:115:CA	H:LEU:168:CD2
0	vdw	H:ARG:115:CB	H:LEU:168:CD2
0	vdw	H:ALA:117:N	H:ARG:115:C
0	vdw	H:GLY:114:C	H:VAL:126:CG1
0	vdw	H:ARG:115:N	H:VAL:126:CG1
0	vdw	H:ARG:115:C	H:VAL:126:CG1
0	vdw	H:ARG:115:N	H:ASP:127:O
0	vdw	H:GLY:114:O	H:LEU:169:O
0	vdw	H:ILE:116:CD1	H:VAL:126:CG2
0	vdw	H:LEU:136:CB	H:TRP:124:CB
0	vdw	H:LEU:136:O	H:TRP:124:CB
0	vdw	H:LEU:136:CD2	H:TRP:124:CE3
0	vdw	H:LEU:138:CB	H:LYS:122:O
0	vdw	H:LEU:138:CB	H:LYS:122:CG
0	vdw	H:LEU:138:N	H:LYS:122:O
0	vdw	H:LEU:138:CD2	H:LYS:122:CG
0	vdw	H:LEU:138:CD2	H:LYS:122:CE
0	vdw	H:GLU:337:OE1	H:THR:6:CB
0	vdw	E:PRO:33:O	E:SER:53:OG
0	vdw	E:GLY:55:N	E:SER:53:C
0	vdw	E:GLY:55:N	E:SER:53:O
0	vdw	E:ALA:52:C	E:ASP:54:N
0	vdw	H:ALA:117:N	H:ARG:115:O
0	vdw	H:ARG:115:O	H:ASP:127:CA
0	vdw	H:ARG:115:O	H:ASP:127:CB
0	vdw	H:ARG:115:O	H:VAL:126:CA
0	vdw	H:ARG:115:O	H:VAL:126:C
0	vdw	H:ARG:115:O	H:ASP:127:N
0	vdw	H:ARG:115:O	H:VAL:126:CG1
0	vdw	H:ALA:117:N	H:LYS:125:O
0	vdw	H:ALA:117:CA	H:LYS:125:O
0	vdw	H:GLU:118:N	H:ILE:116:C
0	vdw	H:ALA:117:CB	H:LYS:125:O
0	vdw	H:GLU:118:N	H:LYS:125:O
0	vdw	H:GLU:118:O	H:LYS:125:N
0	vdw	H:LEU:136:N	H:TRP:124:C
0	vdw	H:ARG:123:C	H:GLY:120:O
0	vdw	H:ARG:123:O	H:GLY:120:O
0	vdw	H:ARG:123:CA	H:LEU:136:O
0	vdw	H:ARG:123:C	H:LEU:136:O
0	vdw	H:LEU:136:C	H:TRP:124:N
0	vdw	H:LEU:136:O	H:TRP:124:N
0	vdw	H:LEU:136:O	H:TRP:124:CA
0	vdw	H:GLY:120:O	H:LYS:122:N
0	vdw	H:ARG:123:N	H:GLY:120:O
0	vdw	H:ARG:123:N	H:ASN:121:C
0	vdw	H:ARG:123:N	H:ASN:121:OD1
0	vdw	E:ASN:264:O	H:ILE:7:CD1
0	vdw	E:ILE:34:CA	E:ILE:51:O
0	vdw	E:ILE:34:C	E:ILE:51:O
0	vdw	E:GLU:35:N	E:ILE:51:O
0	vdw	E:ALA:52:N	E:SER:56:O
0	vdw	B:HIS:34:CG	E:GLY:55:CA
0	vdw	B:HIS:34:CB	E:GLY:55:CA
0	vdw	E:ASP:54:O	E:HIS:134:CD2
0	vdw	E:ASP:54:O	E:HIS:134:NE2
0	vdw	H:ALA:117:CB	H:HIS:133:CD2
0	vdw	H:ALA:117:CB	H:HIS:133:NE2
0	vdw	H:ARG:123:NE	H:ASN:121:OD1
0	vdw	H:ARG:123:CG	H:ASN:121:OD1
0	vdw	H:ARG:123:CB	H:ASN:121:OD1
0	vdw	E:ASN:264:O	H:LYS:9:CE
0	vdw	H:ASN:11:ND2	H:LYS:9:CG
0	vdw	E:ILE:36:C	H:THR:8:O
0	vdw	E:ILE:36:O	H:THR:8:O
0	vdw	E:ARG:49:O	E:ILE:36:CA
0	vdw	E:ARG:49:O	E:ILE:36:C
0	vdw	E:ILE:36:O	H:LYS:9:CA
0	vdw	E:GLU:35:O	E:ILE:50:CA
0	vdw	E:GLU:35:O	E:ILE:50:C
0	vdw	E:GLU:35:O	E:ILE:51:N
0	vdw	E:ARG:49:O	E:GLU:35:O
0	vdw	E:ILE:36:N	H:THR:8:O
0	vdw	E:ILE:50:O	E:SER:56:O
0	vdw	E:ILE:51:CA	E:SER:56:O
0	vdw	E:ILE:51:C	E:SER:56:O
0	vdw	E:GLU:57:CA	E:ILE:50:O
0	vdw	E:CYS:58:N	E:ILE:50:O
0	vdw	E:ASP:54:C	E:SER:56:N
0	vdw	E:GLY:55:O	E:SER:132:CB
0	vdw	E:GLY:55:O	E:SER:132:OG
0	vdw	E:HIS:134:NE2	E:SER:132:OG
0	vdw	B:HIS:34:ND1	E:GLY:55:O
0	vdw	H:GLU:118:OE2	H:LYS:125:CD
0	vdw	E:THR:38:OG1	H:ASN:11:CG
0	vdw	E:THR:38:OG1	H:ASN:11:OD1
0	vdw	E:ARG:49:O	E:PHE:37:N
0	vdw	E:PHE:37:O	E:SER:48:CA
0	vdw	E:PHE:37:O	E:SER:48:C
0	vdw	E:ARG:49:N	E:PHE:37:O
0	vdw	E:ARG:49:CA	E:CYS:58:O
0	vdw	E:ARG:49:CB	E:PHE:40:CE2
0	vdw	E:ARG:49:CB	E:PHE:40:CZ
0	vdw	E:CYS:58:O	E:ILE:50:N
0	vdw	E:GLU:57:O	E:SER:132:N
0	vdw	E:GLU:57:CB	E:ILE:131:CB
0	vdw	E:GLU:57:O	E:ILE:131:N
0	vdw	E:GLU:57:O	E:ILE:131:CA
0	vdw	E:GLU:57:CG	E:ILE:51:CD1
0	vdw	E:ALA:83:CB	E:ILE:131:O
0	vdw	B:LEU:61:N	B:PRO:59:C
0	vdw	B:LEU:61:O	B:PRO:59:CB
0	vdw	B:LEU:61:O	B:SER:63:N
0	vdw	B:GLN:64:CG	B:LEU:61:O
0	vdw	B:GLN:64:N	B:LEU:61:O
0	vdw	B:LEU:61:C	B:SER:63:N
0	vdw	E:SER:47:O	E:THR:38:CA
0	vdw	E:ASP:39:N	E:SER:47:O
0	vdw	E:ASP:39:N	E:SER:47:OG
0	vdw	E:THR:38:CB	H:ASN:11:OD1
0	vdw	E:ILE:59:CA	E:SER:48:O
0	vdw	E:PHE:40:CE2	E:SER:48:N
0	vdw	E:PHE:40:CE2	E:SER:48:CA
0	vdw	E:PHE:40:CE2	E:SER:48:C
0	vdw	E:PHE:40:CZ	E:SER:48:C
0	vdw	E:PHE:40:CE2	E:SER:48:O
0	vdw	E:PHE:40:CZ	E:SER:48:O
0	vdw	E:ARG:49:N	E:PHE:40:CE2
0	vdw	B:HIS:127:NE2	E:ILE:131:CD1
0	vdw	B:HIS:127:CG	E:ILE:131:CD1
0	vdw	B:HIS:127:CD2	E:ILE:131:CD1
0	vdw	B:GLN:64:N	B:LYS:62:C
0	vdw	G:GLU:133:CD	I:LEU:148:CD2
0	vdw	G:GLU:133:OE1	I:LEU:148:CD2
0	vdw	E:LEU:41:CD1	E:SER:47:CB
0	vdw	E:ASP:39:CA	E:SER:47:OG
0	vdw	E:ASP:39:C	E:SER:47:OG
0	vdw	E:PHE:40:N	E:SER:47:OG
0	vdw	E:LEU:41:N	E:SER:47:OG
0	vdw	E:LEU:41:CG	E:SER:47:CB
0	vdw	E:LEU:41:CB	E:SER:47:CB
0	vdw	E:LEU:41:CB	E:SER:47:OG
0	vdw	B:PHE:81:CE1	E:LEU:41:CD1
0	vdw	B:HIS:127:CB	E:LEU:129:CD2
0	vdw	B:HIS:127:CE1	E:ALA:83:CB
0	vdw	G:GLU:131:CD	G:LYS:85:NZ
0	vdw	G:GLU:131:CD	G:SER:96:CB
0	vdw	G:GLU:133:CB	G:THR:125:OG1
0	vdw	G:GLU:133:OE2	G:THR:125:OG1
0	vdw	E:MET:177:SD	E:TYR:153:CB
0	vdw	E:SER:44:CB	E:SER:61:OG
0	vdw	E:LEU:41:O	E:SER:44:O
0	vdw	E:SER:44:OG	E:SER:61:OG
0	vdw	B:PHE:81:CB	E:SER:61:OG
0	vdw	B:PHE:81:CG	E:SER:61:OG
0	vdw	B:PHE:81:CD1	E:SER:61:OG
0	vdw	B:PHE:81:CD2	B:THR:79:CB
0	vdw	B:PHE:81:CE2	B:THR:79:CB
0	vdw	B:PHE:81:CE2	B:THR:79:CG2
0	vdw	B:PHE:81:CZ	B:THR:79:CB
0	vdw	B:PHE:81:CZ	B:THR:79:CG2
0	vdw	B:LEU:129:O	B:PHE:81:CD1
0	vdw	B:LEU:129:O	B:PHE:81:CE1
0	vdw	B:ASN:77:OD1	B:THR:79:CG2
0	vdw	B:THR:79:N	B:VAL:128:O
0	vdw	B:THR:79:CB	B:VAL:128:O
0	vdw	B:THR:79:OG1	B:VAL:128:C
0	vdw	B:THR:79:OG1	B:VAL:128:O
0	vdw	B:THR:79:CG2	B:VAL:128:O
0	vdw	B:ASN:77:C	B:THR:79:N
0	vdw	B:ASN:77:O	B:THR:79:N
0	vdw	B:ASN:77:CB	B:ILE:126:O
0	vdw	D:GLU:35:OE1	G:SER:93:CB
0	vdw	D:GLU:35:OE1	G:SER:93:CA
0	vdw	D:GLU:35:OE1	G:SER:93:OG
0	vdw	G:ALA:132:CB	G:PRO:66:CB
0	vdw	G:ALA:132:CB	G:VAL:95:CG1
0	vdw	G:ALA:126:CB	G:PRO:66:C
0	vdw	G:ALA:126:CB	G:VAL:123:CG1
0	vdw	G:GLU:133:N	G:THR:125:O
0	vdw	E:ASP:176:CB	E:HIS:173:CG
0	vdw	E:ASP:176:CB	E:HIS:173:ND1
0	vdw	E:ASP:176:CB	E:HIS:173:CD2
0	vdw	E:ASP:176:CB	E:HIS:173:CE1
0	vdw	E:ASP:176:CB	E:HIS:173:NE2
0	vdw	E:ASP:176:O	E:HIS:173:CB
0	vdw	E:MET:177:CG	E:TYR:175:O
0	vdw	E:PRO:42:C	E:SER:44:N
0	vdw	E:PRO:42:O	E:SER:44:N
0	vdw	E:LEU:41:O	E:SER:44:N
0	vdw	B:PHE:84:O	E:LYS:63:CE
0	vdw	B:LYS:83:O	E:LYS:63:NZ
0	vdw	B:PHE:84:CA	E:LYS:63:NZ
0	vdw	B:PHE:84:C	E:LYS:63:NZ
0	vdw	B:PHE:84:O	E:LYS:63:NZ
0	vdw	B:LYS:80:C	B:SER:82:N
0	vdw	B:PHE:81:N	B:THR:79:C
0	vdw	B:PHE:81:N	B:THR:79:O
0	vdw	B:SER:82:N	B:THR:79:O
0	vdw	B:LYS:83:N	B:PHE:81:C
0	vdw	B:SER:82:OG	B:THR:79:O
0	vdw	B:SER:82:CB	B:THR:79:O
0	vdw	B:GLU:94:N	B:LYS:92:C
0	vdw	D:GLU:35:CB	G:PHE:91:O
0	vdw	D:GLU:35:N	G:PHE:91:O
0	vdw	D:GLU:35:CA	G:PHE:91:O
0	vdw	D:ILE:34:CA	G:PHE:91:O
0	vdw	D:ILE:34:C	G:PHE:91:O
0	vdw	D:ILE:34:CB	G:PHE:91:O
0	vdw	G:ALA:126:CB	G:PRO:66:CB
0	vdw	E:ASP:176:N	E:HIS:173:CG
0	vdw	E:ASP:176:N	E:HIS:173:ND1
0	vdw	E:ASP:176:N	E:HIS:173:CE1
0	vdw	E:HIS:173:ND1	E:TYR:175:N
0	vdw	E:HIS:173:ND1	E:TYR:175:CA
0	vdw	E:HIS:173:CE1	E:TYR:175:N
0	vdw	E:HIS:173:C	E:TYR:175:N
0	vdw	E:HIS:173:O	E:TYR:175:N
0	vdw	B:GLU:85:N	B:LYS:83:C
0	vdw	B:GLU:85:N	B:LYS:83:O
0	vdw	B:LYS:83:C	E:SER:43:OG
0	vdw	B:PHE:84:CA	E:SER:43:OG
0	vdw	B:GLU:94:OE1	B:HIS:91:CG
0	vdw	B:GLU:94:OE1	B:HIS:91:ND1
0	vdw	B:GLU:94:OE1	B:HIS:91:CE1
0	vdw	B:GLU:94:CB	B:HIS:91:O
0	vdw	B:GLU:94:N	B:HIS:91:O
0	vdw	B:HIS:91:O	B:VAL:97:CB
0	vdw	B:HIS:91:O	B:VAL:97:CG2
0	vdw	B:ASN:93:C	B:LEU:98:CD1
0	vdw	B:GLU:94:O	B:LEU:98:CD1
0	vdw	B:GLU:94:O	B:LEU:98:N
0	vdw	B:ARG:96:N	B:GLU:94:C
0	vdw	B:ARG:96:N	B:GLU:94:O
0	vdw	B:GLU:94:O	B:VAL:97:N
0	vdw	A:ASN:95:OD1	A:THR:97:N
0	vdw	A:ASN:95:OD1	A:THR:97:OG1
0	vdw	A:ASN:95:C	A:THR:97:N
0	vdw	A:GLU:92:OE2	A:LYS:3:N
0	vdw	A:LYS:3:CD	A:SER:89:O
0	vdw	A:LYS:3:CD	G:PHE:91:CD1
0	vdw	A:LYS:3:CB	A:SER:89:O
0	vdw	A:PHE:91:N	A:SER:89:O
0	vdw	D:ILE:34:CG2	G:ARG:63:CZ
0	vdw	D:ILE:34:CG2	G:ARG:63:NH2
0	vdw	D:PRO:33:O	G:ARG:63:CG
0	vdw	B:ARG:96:CG	B:GLU:94:CG
0	vdw	B:ARG:96:CG	B:GLU:94:CD
0	vdw	B:ARG:96:CG	B:GLU:94:OE1
0	vdw	B:ARG:96:CG	B:GLU:94:OE2
0	vdw	B:ARG:96:CD	B:GLU:94:CD
0	vdw	B:ARG:96:CD	B:GLU:94:OE1
0	vdw	B:ARG:96:CD	B:GLU:94:OE2
0	vdw	A:GLY:98:N	A:ILE:96:C
0	vdw	A:GLY:98:N	A:ILE:96:O
0	vdw	A:ASN:95:O	A:GLU:101:CD
0	vdw	A:ASN:95:O	A:GLU:101:OE2
0	vdw	A:GLU:101:OE2	A:GLU:82:CA
0	vdw	A:GLU:101:OE2	A:ILE:83:N
0	vdw	A:ASN:95:O	A:GLU:101:OE1
0	vdw	A:GLU:101:CD	A:ILE:83:CG1
0	vdw	A:GLU:92:O	A:ILE:83:O
0	vdw	A:PRO:85:CB	D:GLN:89:OE1
0	vdw	A:SER:89:OG	D:GLN:89:OE1
0	vdw	A:SER:89:CB	G:PHE:91:CE1
0	vdw	A:SER:89:CB	G:PHE:91:CZ
0	vdw	A:SER:89:CB	G:PHE:91:CG
0	vdw	A:SER:89:CB	G:PHE:91:CD1
0	vdw	A:SER:89:OG	D:THR:31:CB
0	vdw	A:SER:89:OG	D:THR:31:CG2
0	vdw	D:ASP:14:OD2	D:THR:31:CG2
0	vdw	D:THR:31:CG2	G:ARG:63:NH2
0	vdw	D:ILE:34:CG2	D:THR:31:CG2
0	vdw	D:ASP:14:OD2	D:THR:31:C
0	vdw	D:ASP:14:OD2	D:GLY:32:N
0	vdw	D:ASP:14:OD2	D:GLY:32:O
0	vdw	D:ASP:14:OD2	G:ARG:63:CB
0	vdw	D:ASP:14:OD2	G:ARG:63:NE
0	vdw	D:ASP:14:OD2	G:ARG:63:CZ
0	vdw	D:ASP:14:OD2	G:ARG:63:NH2
0	vdw	D:GLY:32:O	G:ARG:63:CB
0	vdw	D:GLY:32:O	G:ARG:63:CG
0	vdw	G:PRO:23:CD	G:TYR:56:CB
0	vdw	G:LYS:20:CE	G:THR:54:N
0	vdw	G:LYS:20:CE	G:THR:54:CA
0	vdw	G:LYS:20:CE	G:THR:54:OG1
0	vdw	A:SER:105:OG	B:ARG:95:CZ
0	vdw	A:SER:105:CB	B:ARG:95:NH2
0	vdw	A:SER:105:OG	B:ARG:95:NH2
0	vdw	A:ILE:96:CD1	B:ARG:95:NH1
0	vdw	A:VAL:102:CG2	B:ARG:95:NH2
0	vdw	A:ILE:83:N	A:THR:81:O
0	vdw	A:MET:86:N	A:SER:84:C
0	vdw	A:MET:86:N	A:SER:84:O
0	vdw	A:MET:86:N	A:SER:84:OG
0	vdw	A:ALA:87:N	A:SER:84:O
0	vdw	A:GLY:88:O	A:PRO:85:CA
0	vdw	A:GLY:88:N	A:PRO:85:C
0	vdw	A:GLY:88:N	A:PRO:85:O
0	vdw	A:GLY:88:CA	A:PRO:85:O
0	vdw	A:ALA:87:N	A:PRO:85:C
0	vdw	A:ALA:87:N	A:PRO:85:O
0	vdw	A:GLY:88:O	A:PRO:85:C
0	vdw	A:GLY:88:C	A:PRO:85:O
0	vdw	A:GLY:88:O	A:PRO:85:O
0	vdw	D:VAL:13:CG1	D:VAL:30:C
0	vdw	D:THR:31:OG1	D:VAL:13:CG1
0	vdw	D:VAL:13:CG1	D:VAL:30:O
0	vdw	D:SER:29:CB	D:VAL:13:CG1
0	vdw	D:GLY:15:O	D:VAL:13:CG1
0	vdw	D:GLY:15:O	D:VAL:30:C
0	vdw	D:ASP:14:OD2	D:THR:31:CA
0	vdw	D:ASP:14:C	D:VAL:30:O
0	vdw	D:ASP:14:CB	D:VAL:30:O
0	vdw	D:GLY:15:N	D:VAL:30:O
0	vdw	D:GLY:15:CA	D:VAL:30:O
0	vdw	D:GLY:15:O	D:VAL:30:O
0	vdw	D:ASP:14:N	D:VAL:30:O
0	vdw	D:ASP:14:CA	D:VAL:30:O
0	vdw	D:ASP:14:CG	G:ARG:63:CB
0	vdw	D:ASP:14:CG	G:ARG:63:NE
0	vdw	D:ASP:14:CG	G:ARG:63:CZ
0	vdw	D:ASP:14:CG	G:ARG:63:NH2
0	vdw	D:ALA:123:O	G:SER:61:OG
0	vdw	G:ARG:63:N	G:SER:61:OG
0	vdw	G:ARG:63:O	G:SER:61:OG
0	vdw	G:ILE:57:O	G:TYR:59:CD1
0	vdw	G:THR:54:CG2	G:TYR:56:CD2
0	vdw	G:HIS:43:CB	G:TYR:56:CE2
0	vdw	G:SER:45:CB	G:THR:54:CB
0	vdw	G:THR:54:O	G:VAL:44:CA
0	vdw	G:SER:45:N	G:THR:54:O
0	vdw	G:SER:45:OG	G:THR:54:CB
0	vdw	A:ARG:113:NH2	A:PHE:77:C
0	vdw	A:ARG:113:NH2	A:PHE:77:O
0	vdw	A:ALA:136:O	A:ILE:79:CA
0	vdw	A:ALA:136:O	A:ILE:79:C
0	vdw	A:ALA:136:O	A:SER:80:N
0	vdw	A:SER:80:O	A:VAL:138:N
0	vdw	A:SER:80:O	A:VAL:138:CA
0	vdw	A:GLU:82:N	A:SER:80:C
0	vdw	A:SER:80:O	A:VAL:138:CB
0	vdw	A:MET:86:CB	A:SER:84:OG
0	vdw	A:MET:86:CA	D:SER:29:OG
0	vdw	A:MET:86:CB	D:SER:29:OG
0	vdw	A:MET:86:CG	D:LEU:10:CD1
0	vdw	A:MET:86:CG	D:SER:29:OG
0	vdw	A:MET:86:CG	D:SER:29:CB
0	vdw	D:LEU:10:CD1	D:SER:29:CB
0	vdw	D:LEU:10:CD1	D:SER:16:CB
0	vdw	D:LEU:10:CD1	D:VAL:13:CG2
0	vdw	A:LEU:141:O	A:MET:86:C
0	vdw	A:LEU:141:O	A:MET:86:CG
0	vdw	A:GLY:88:N	A:MET:86:C
0	vdw	D:ALA:123:CA	D:ASP:14:O
0	vdw	D:ALA:123:CA	D:GLY:15:CA
0	vdw	D:ASP:122:OD2	D:GLY:15:CA
0	vdw	D:ASP:122:OD2	D:SER:16:N
0	vdw	D:ASP:14:O	G:LYS:62:CD
0	vdw	D:GLY:15:N	D:VAL:13:O
0	vdw	D:ASP:14:O	G:LYS:62:CG
0	vdw	D:ALA:123:CB	D:GLY:15:CA
0	vdw	D:GLY:15:N	D:VAL:13:C
0	vdw	D:ASP:122:O	G:SER:60:O
0	vdw	G:THR:39:O	G:TYR:59:CA
0	vdw	G:THR:39:O	G:TYR:59:CB
0	vdw	G:ASP:58:O	G:GLY:40:CA
0	vdw	G:ASP:58:O	G:VAL:41:N
0	vdw	G:ASP:58:N	G:VAL:41:O
0	vdw	D:LEU:221:CD1	G:ASP:58:O
0	vdw	G:HIS:43:N	G:TYR:56:O
0	vdw	G:HIS:43:N	G:VAL:41:O
0	vdw	G:HIS:43:O	G:THR:54:O
0	vdw	G:HIS:43:CB	G:TYR:56:CZ
0	vdw	A:ARG:71:CB	A:GLU:74:CD
0	vdw	A:ARG:71:CB	A:GLU:74:OE1
0	vdw	A:ARG:71:CG	A:GLU:74:CD
0	vdw	A:ARG:71:CG	A:GLU:74:OE1
0	vdw	A:ARG:71:CD	A:GLU:74:CD
0	vdw	A:ARG:71:CD	A:GLU:74:OE2
0	vdw	A:PHE:77:CA	A:VAL:134:O
0	vdw	A:VAL:134:O	A:VAL:78:N
0	vdw	A:ARG:135:C	A:VAL:78:O
0	vdw	A:ALA:136:N	A:VAL:78:O
0	vdw	A:ARG:59:O	A:ASP:137:N
0	vdw	A:ALA:136:O	A:ILE:79:CG2
0	vdw	A:ASP:137:O	A:HIS:139:CD2
0	vdw	A:ARG:59:N	A:ASP:137:O
0	vdw	A:HIS:57:O	A:VAL:138:CA
0	vdw	A:HIS:57:O	A:VAL:138:C
0	vdw	A:HIS:139:N	A:HIS:57:O
0	vdw	A:ASP:137:O	A:CYS:58:CA
0	vdw	A:HIS:139:N	A:HIS:57:C
0	vdw	A:HIS:139:CB	A:HIS:57:CB
0	vdw	A:HIS:139:CD2	A:HIS:57:ND1
0	vdw	A:HIS:139:CA	A:HIS:57:O
0	vdw	A:HIS:139:CB	A:HIS:57:O
0	vdw	A:LEU:141:CD2	A:MET:86:SD
0	vdw	D:CYS:28:O	D:SER:16:CA
0	vdw	D:CYS:28:O	D:SER:16:CB
0	vdw	D:CYS:28:O	D:SER:17:N
0	vdw	D:CYS:28:O	D:SER:16:C
0	vdw	D:LEU:10:CB	D:SER:16:CB
0	vdw	D:LEU:10:CG	D:SER:16:CB
0	vdw	D:ILE:9:N	D:SER:16:OG
0	vdw	D:LEU:10:N	D:SER:16:OG
0	vdw	D:LEU:10:CA	D:SER:16:OG
0	vdw	D:LEU:10:CB	D:SER:16:OG
0	vdw	D:LEU:10:CG	D:SER:16:OG
0	vdw	D:GLY:8:CA	D:SER:16:OG
0	vdw	D:GLY:8:C	D:SER:16:OG
0	vdw	D:GLY:8:N	D:SER:16:O
0	vdw	D:ASP:122:OD2	D:GLY:8:N
0	vdw	D:ASP:122:OD2	D:SER:16:O
0	vdw	D:ASP:122:OD2	D:GLY:8:CA
0	vdw	D:ASP:122:CB	D:ILE:7:CG2
0	vdw	D:ASP:122:CG	D:ILE:7:CG2
0	vdw	D:ASP:122:OD1	D:ILE:7:CG2
0	vdw	D:ARG:220:CZ	D:ASP:122:OD1
0	vdw	D:ARG:220:NH1	D:ASP:122:OD1
0	vdw	G:HIS:43:CD2	G:VAL:41:C
0	vdw	G:HIS:43:CD2	G:VAL:41:O
0	vdw	G:HIS:43:CD2	G:VAL:41:CG1
0	vdw	G:HIS:43:NE2	G:VAL:41:CG1
0	vdw	A:GLY:75:N	A:VAL:120:CB
0	vdw	A:GLU:74:C	A:VAL:120:O
0	vdw	A:GLY:75:N	A:VAL:120:C
0	vdw	A:GLY:75:N	A:VAL:120:O
0	vdw	A:PHE:77:CD1	A:VAL:134:O
0	vdw	A:PHE:77:CD1	A:VAL:134:CG1
0	vdw	A:PHE:77:CE1	A:VAL:134:CG1
0	vdw	A:ALA:136:CB	A:ILE:60:CD1
0	vdw	A:CYS:58:SG	A:ILE:60:CD1
0	vdw	A:ILE:60:CD1	A:LEU:159:CD2
0	vdw	A:HIS:57:CG	D:LEU:95:CD2
0	vdw	A:HIS:57:ND1	D:LEU:95:CD2
0	vdw	A:HIS:57:CD2	D:LEU:95:CD2
0	vdw	A:HIS:57:CE1	D:LEU:95:CD2
0	vdw	A:ASP:46:OD1	A:HIS:57:CD2
0	vdw	A:ASP:46:OD1	A:HIS:57:CE1
0	vdw	A:HIS:57:CD2	A:SER:48:OG
0	vdw	A:HIS:139:O	A:HIS:57:CB
0	vdw	D:LEU:95:CD1	D:LYS:25:CE
0	vdw	D:GLU:6:O	D:SER:17:CA
0	vdw	D:GLU:18:N	D:GLU:6:O
0	vdw	D:ARG:220:NH2	D:ILE:7:CG2
0	vdw	D:ILE:213:O	D:ILE:217:N
0	vdw	D:ILE:213:O	D:ILE:217:CA
0	vdw	D:ILE:213:O	D:ILE:217:CB
0	vdw	D:ILE:213:O	D:ILE:217:CG1
0	vdw	D:ILE:217:CB	G:PHE:4:CZ
0	vdw	D:ASP:215:N	D:ILE:213:C
0	vdw	D:ASP:215:N	D:ILE:213:O
0	vdw	D:ASN:216:N	D:ILE:213:O
0	vdw	D:ASN:216:C	D:ILE:213:O
0	vdw	D:GLN:214:CA	G:PHE:4:CE1
0	vdw	D:GLN:214:CA	G:PHE:4:CZ
0	vdw	A:GLU:121:C	A:LEU:123:N
0	vdw	A:GLU:121:O	A:LEU:123:N
0	vdw	A:ASP:119:OD1	A:GLU:121:CA
0	vdw	A:GLY:122:N	A:VAL:120:C
0	vdw	A:LEU:123:N	A:VAL:120:C
0	vdw	A:GLY:122:N	A:VAL:120:O
0	vdw	A:LEU:123:N	A:VAL:120:O
0	vdw	A:LEU:123:CB	A:VAL:120:O
0	vdw	A:ASP:119:C	A:GLU:121:N
0	vdw	A:ASP:119:O	A:GLU:121:N
0	vdw	A:ASP:119:OD1	A:GLU:121:N
0	vdw	A:ASP:119:CG	A:GLY:122:N
0	vdw	A:ASP:119:OD1	A:GLY:122:N
0	vdw	A:LEU:123:CD2	A:VAL:134:CG2
0	vdw	A:LEU:118:CD2	A:LEU:123:CD2
0	vdw	A:ASP:119:O	A:LEU:123:CD1
0	vdw	A:LEU:187:CD1	A:PHE:162:CD2
0	vdw	A:ILE:60:CG2	A:PHE:162:CG
0	vdw	A:ILE:60:CG2	A:PHE:162:CD1
0	vdw	A:ILE:60:CG2	A:LEU:159:CD2
0	vdw	A:GLY:158:C	A:ILE:60:CG1
0	vdw	A:ASP:46:CA	A:CYS:58:O
0	vdw	A:ASP:46:OD1	A:CYS:58:O
0	vdw	A:GLY:45:O	A:VAL:47:N
0	vdw	A:GLY:45:O	A:VAL:47:CG1
0	vdw	A:CYS:58:O	A:VAL:47:N
0	vdw	A:CYS:58:O	A:VAL:47:CG1
0	vdw	A:CYS:58:O	A:VAL:47:O
0	vdw	A:ASP:46:CG	A:HIS:57:NE2
0	vdw	A:ASP:46:OD1	A:HIS:57:NE2
0	vdw	A:ASP:46:OD2	A:GLY:41:CA
0	vdw	A:HIS:57:NE2	D:LEU:95:CD2
0	vdw	D:GLU:18:CG	D:LYS:25:CE
0	vdw	D:GLU:18:CD	D:LYS:25:CE
0	vdw	D:GLU:18:OE2	D:LYS:25:CE
0	vdw	D:GLU:18:OE2	D:LYS:25:NZ
0	vdw	D:GLU:18:CD	D:ILE:9:CD1
0	vdw	D:GLU:18:OE1	D:ILE:9:CD1
0	vdw	D:ASN:216:CG	D:ILE:212:O
0	vdw	D:ASN:216:ND2	D:ILE:212:O
0	vdw	D:ASP:215:N	D:ILE:212:O
0	vdw	D:ASN:216:N	D:ILE:212:O
0	vdw	D:ASN:216:N	D:GLN:214:C
0	vdw	D:ASN:216:N	D:GLN:214:O
0	vdw	D:GLN:214:C	D:SER:218:OG
0	vdw	D:GLN:214:O	D:SER:218:OG
0	vdw	D:GLN:214:O	D:SER:218:N
0	vdw	D:GLN:214:O	D:SER:218:CB
0	vdw	A:LEU:187:CD2	A:LYS:164:NZ
0	vdw	A:GLY:158:O	A:PHE:162:CA
0	vdw	A:GLY:158:O	A:PHE:162:CB
0	vdw	A:ILE:60:CB	A:PHE:162:CD1
0	vdw	A:PHE:162:O	A:PRO:186:CA
0	vdw	A:ASP:46:N	A:PHE:44:C
0	vdw	A:GLY:45:N	A:HIS:161:ND1
0	vdw	A:GLU:43:O	A:GLY:41:O
0	vdw	A:LYS:163:CA	A:VAL:185:O
0	vdw	A:LYS:163:C	A:VAL:185:O
0	vdw	A:LYS:163:CA	A:PRO:186:CA
0	vdw	A:LYS:163:CG	A:PRO:186:CA
0	vdw	A:LYS:163:CG	A:PRO:186:CB
0	vdw	A:LYS:163:NZ	A:PHE:44:CB
0	vdw	A:HIS:161:O	A:PHE:44:CB
0	vdw	A:HIS:161:CE1	A:PHE:44:CA
0	vdw	A:ARG:290:NH2	A:LYS:42:O
0	vdw	A:PRO:184:O	A:PRO:186:CD
0	vdw	A:LYS:163:CD	A:PRO:184:O
0	vdw	A:LYS:163:CB	A:PRO:184:C
0	vdw	A:LYS:163:CB	A:PRO:184:O
0	vdw	A:ALA:294:N	A:ARG:290:O
0	vdw	A:ALA:294:CB	A:ARG:290:O
0	vdw	A:ALA:294:N	A:ASN:291:C
0	vdw	A:ALA:294:N	A:ASN:291:O
0	vdw	A:ALA:294:CB	A:ASN:291:O
0	vdw	A:ALA:294:C	A:MET:296:N
0	vdw	A:ALA:294:N	A:LYS:292:C
0	vdw	A:LEU:297:N	A:TYR:293:O
0	vdw	A:LYS:289:O	A:TYR:293:CB
0	vdw	A:ALA:295:C	A:LEU:297:N
0	vdw	A:ALA:295:O	A:SER:299:CB
0	vdw	A:ALA:295:N	A:TYR:293:C
0	vdw	A:ALA:295:N	A:ASN:291:O
0	vdw	A:LYS:292:O	A:MET:296:N
0	vdw	A:LYS:292:O	A:MET:296:CB
0	vdw	J:LEU:500:CD1	J:LEU:504:CD1
0	vdw	J:LEU:500:O	J:LEU:504:CD1
0	vdw	J:ASN:497:O	J:LEU:500:CA
0	vdw	J:ALA:498:C	J:LEU:500:N
0	vdw	J:ALA:498:O	J:LEU:500:N
0	vdw	J:ASN:497:O	J:LEU:500:N
0	vdw	H:ALA:242:C	H:MET:239:O
0	vdw	H:ALA:242:O	H:MET:239:O
0	vdw	H:ALA:242:C	H:PRO:246:CD
0	vdw	H:ALA:242:CB	H:PRO:246:CD
0	vdw	H:ALA:242:C	H:PRO:246:CG
0	vdw	H:ALA:242:O	H:PRO:246:CG
0	vdw	H:ALA:242:CB	H:PRO:246:CG
0	vdw	J:ARG:443:NE	J:GLN:447:OE1
0	vdw	J:ARG:443:CG	J:GLN:447:OE1
0	vdw	J:GLU:444:O	J:TYR:446:N
0	vdw	J:GLU:444:O	J:TRP:448:N
0	vdw	J:GLU:444:O	J:TRP:448:CA
0	vdw	J:GLU:444:O	J:TRP:448:CB
0	vdw	J:GLN:447:N	J:GLU:444:O
0	vdw	J:ALA:502:N	J:LEU:500:C
0	vdw	J:ALA:502:N	J:LEU:500:O
0	vdw	J:ALA:498:C	J:LEU:501:N
0	vdw	J:ALA:498:O	J:LEU:501:N
0	vdw	J:ALA:498:O	J:ALA:502:N
0	vdw	J:ASN:497:O	J:LEU:501:N
0	vdw	J:LEU:501:N	J:LYS:499:C
0	vdw	J:LEU:501:N	J:LYS:499:O
0	vdw	J:ALA:502:N	J:LYS:499:O
0	vdw	J:ALA:498:C	J:VAL:480:CG2
0	vdw	J:LYS:499:N	J:VAL:480:CG2
0	vdw	J:LYS:499:CA	J:VAL:480:CG2
0	vdw	J:ASN:497:C	J:LYS:499:N
0	vdw	J:ASN:497:O	J:LYS:499:N
0	vdw	H:PRO:218:CG	H:TYR:300:OH
0	vdw	H:PRO:218:CD	H:TYR:300:OH
0	vdw	H:ASN:216:CG	H:ASP:240:O
0	vdw	H:ASN:216:OD1	H:ASP:240:O
0	vdw	H:ASN:216:ND2	H:ASP:240:C
0	vdw	H:ASN:216:ND2	H:ASP:240:O
0	vdw	H:ARG:243:NH1	H:ASP:240:CA
0	vdw	H:LEU:241:N	H:MET:239:C
0	vdw	H:LEU:241:N	H:MET:239:O
0	vdw	H:ASN:216:OD1	H:THR:222:CG2
0	vdw	H:ALA:242:N	H:ASP:240:C
0	vdw	H:ARG:243:CB	H:MET:239:O
0	vdw	J:ARG:443:CG	J:GLN:447:CD
0	vdw	J:GLU:444:N	J:VAL:442:C
0	vdw	J:TYR:446:N	J:VAL:442:O
0	vdw	J:ARG:443:C	J:LEU:445:N
0	vdw	J:ARG:443:C	J:TYR:446:N
0	vdw	J:ARG:443:O	J:LEU:445:N
0	vdw	J:ARG:443:O	J:TYR:446:N
0	vdw	J:TYR:446:CA	J:VAL:442:O
0	vdw	J:ARG:443:O	J:TYR:446:CA
0	vdw	J:ARG:443:O	J:TYR:446:C
0	vdw	J:ARG:443:O	J:GLN:447:N
0	vdw	J:TYR:446:CB	J:VAL:442:O
0	vdw	J:ARG:443:O	J:TYR:446:CB
0	vdw	J:ARG:443:O	J:GLN:447:CB
0	vdw	J:ARG:443:O	J:GLN:447:CG
0	vdw	J:GLU:444:C	J:TYR:446:N
0	vdw	J:GLN:447:N	J:LEU:445:C
0	vdw	J:LEU:445:CD2	J:LEU:472:CD1
0	vdw	J:ALA:498:O	J:LEU:501:CB
0	vdw	J:LEU:501:CD2	J:TRP:448:CZ3
0	vdw	J:LEU:501:CD2	J:TRP:448:CH2
0	vdw	J:ASN:497:O	J:LEU:501:CB
0	vdw	J:ASN:497:O	J:LEU:501:CG
0	vdw	J:ALA:498:CB	J:VAL:483:CG1
0	vdw	J:LEU:501:CD1	J:VAL:483:CG1
0	vdw	J:VAL:480:O	J:VAL:484:CG1
0	vdw	H:SER:326:C	H:VAL:328:N
0	vdw	H:GLU:324:O	H:MET:327:N
0	vdw	H:GLU:324:O	H:MET:327:CB
0	vdw	H:SER:326:OG	H:TYR:323:O
0	vdw	H:GLU:324:C	H:SER:326:N
0	vdw	H:GLU:324:O	H:SER:326:N
0	vdw	H:ALA:325:C	H:MET:327:N
0	vdw	H:GLU:324:C	H:SER:321:O
0	vdw	H:TYR:300:CE1	H:TYR:323:CB
0	vdw	H:TYR:300:CE1	H:TYR:323:CG
0	vdw	H:TYR:300:CZ	H:TYR:323:CG
0	vdw	H:TYR:300:OH	H:TYR:323:CG
0	vdw	H:TYR:300:CE1	H:TYR:323:CD1
0	vdw	H:TYR:300:CZ	H:TYR:323:CD1
0	vdw	H:TYR:300:CZ	H:TYR:323:CD2
0	vdw	H:TYR:300:OH	H:TYR:323:CD2
0	vdw	H:TYR:323:CB	H:VAL:320:O
0	vdw	H:GLU:324:N	H:VAL:320:O
0	vdw	H:ILE:319:O	H:TYR:323:CA
0	vdw	H:ILE:319:O	H:TYR:323:CB
0	vdw	H:ALA:322:C	H:GLU:324:N
0	vdw	H:ALA:325:N	H:TYR:323:C
0	vdw	H:GLU:324:N	H:SER:321:O
0	vdw	H:LEU:217:CD2	H:TYR:300:CE1
0	vdw	H:LEU:217:CB	H:TYR:300:CZ
0	vdw	H:LEU:217:CB	H:TYR:300:OH
0	vdw	H:ILE:319:CG2	H:TYR:300:CE1
0	vdw	H:PRO:218:N	H:TYR:300:OH
0	vdw	H:HIS:215:O	H:LEU:217:CD1
0	vdw	H:LEU:217:CD1	H:THR:222:CA
0	vdw	H:LEU:217:CD1	H:THR:222:C
0	vdw	H:LEU:217:CD1	H:VAL:223:N
0	vdw	H:LEU:217:CD1	H:VAL:223:CB
0	vdw	H:LEU:217:CD1	H:VAL:223:CG1
0	vdw	H:ILE:319:CG2	H:LEU:217:CD2
0	vdw	H:HIS:215:O	H:THR:222:CA
0	vdw	H:HIS:215:O	H:THR:222:CG2
0	vdw	H:HIS:215:O	H:VAL:223:N
0	vdw	H:HIS:215:O	H:VAL:223:CG1
0	vdw	H:THR:214:CG2	H:THR:222:CG2
0	vdw	H:ARG:243:NH2	H:THR:214:CG2
0	vdw	H:ARG:243:CZ	H:THR:214:CG2
0	vdw	H:ARG:243:NH1	H:THR:214:CG2
0	vdw	H:LYS:190:N	H:SER:188:C
0	vdw	H:LEU:189:C	H:TYR:191:N
0	vdw	H:LYS:190:N	H:SER:188:O
0	vdw	H:LYS:190:N	H:SER:188:OG
0	vdw	J:SER:423:C	J:TRP:425:N
0	vdw	J:SER:423:O	J:TRP:425:N
0	vdw	J:LYS:421:CD	J:SER:423:O
0	vdw	J:LYS:421:CE	J:SER:423:O
0	vdw	J:LYS:421:O	J:SER:423:N
0	vdw	J:LYS:426:N	J:SER:423:O
0	vdw	J:LYS:421:C	J:SER:423:N
0	vdw	J:LYS:421:CG	J:SER:423:N
0	vdw	J:LYS:421:CG	J:SER:423:O
0	vdw	J:LYS:426:N	J:PRO:424:C
0	vdw	J:ILE:427:N	J:TRP:425:C
0	vdw	J:LEU:428:CD1	J:TRP:425:CA
0	vdw	J:ARG:449:CZ	J:LEU:469:CD1
0	vdw	J:LEU:469:CG	J:MET:464:CE
0	vdw	J:LEU:469:CD1	J:MET:464:CE
0	vdw	J:ARG:449:NH1	J:LEU:469:CD1
0	vdw	J:LEU:445:CD2	J:LEU:469:CD2
0	vdw	J:LEU:468:O	J:LEU:472:CG
0	vdw	J:LEU:472:CD1	J:MET:464:SD
0	vdw	J:SER:485:N	J:VAL:483:C
0	vdw	J:SER:485:N	J:VAL:483:O
0	vdw	J:LEU:486:N	J:VAL:484:C
0	vdw	J:LEU:486:N	J:VAL:484:O
0	vdw	J:VAL:484:O	J:VAL:490:CG1
0	vdw	J:VAL:484:O	J:VAL:490:CB
0	vdw	H:ALA:325:O	H:VAL:328:CG2
0	vdw	H:TYR:329:CE2	H:VAL:340:CG1
0	vdw	H:ALA:325:O	H:MET:327:N
0	vdw	H:ALA:322:O	H:SER:326:N
0	vdw	H:ALA:322:O	H:SER:326:CA
0	vdw	H:ALA:322:O	H:SER:326:CB
0	vdw	H:ALA:322:O	H:SER:326:OG
0	vdw	H:ALA:322:O	H:VAL:303:CG1
0	vdw	H:SER:326:CB	H:VAL:303:CG1
0	vdw	H:SER:326:OG	H:VAL:303:CG1
0	vdw	H:ILE:344:CD1	H:SER:326:CB
0	vdw	H:ALA:322:O	H:GLU:324:N
0	vdw	H:SER:326:OG	H:TYR:323:CA
0	vdw	H:SER:326:OG	H:TYR:323:C
0	vdw	H:ALA:322:O	H:ALA:325:N
0	vdw	H:TYR:300:O	H:VAL:303:CG2
0	vdw	H:ILE:319:CG2	H:TYR:300:CD1
0	vdw	H:LEU:233:CD2	H:VAL:223:CB
0	vdw	H:LEU:233:CD2	H:VAL:223:CG2
0	vdw	H:TRP:232:O	H:VAL:223:CA
0	vdw	H:TRP:232:O	H:VAL:223:C
0	vdw	H:ILE:231:CG2	H:VAL:223:CG2
0	vdw	H:TRP:232:O	H:VAL:224:N
0	vdw	H:THR:214:CA	H:VAL:223:O
0	vdw	H:LEU:225:CG	H:VAL:223:CG2
0	vdw	H:LEU:225:CD2	H:VAL:223:CG2
0	vdw	H:HIS:215:N	H:VAL:223:O
0	vdw	H:ASN:170:ND2	H:LYS:190:O
0	vdw	H:ASN:170:ND2	H:HIS:111:CE1
0	vdw	H:ASN:170:ND2	H:TYR:191:CD1
0	vdw	H:ASN:170:ND2	H:HIS:111:NE2
0	vdw	H:SER:188:O	H:TYR:191:N
0	vdw	H:SER:188:O	H:TYR:191:O
0	vdw	H:THR:186:O	H:TYR:191:CB
0	vdw	H:ASN:170:O	H:TYR:191:CB
0	vdw	H:ASN:170:O	H:GLY:192:N
0	vdw	H:SER:188:N	H:THR:186:O
0	vdw	H:SER:188:N	H:THR:186:C
0	vdw	H:ARG:187:CA	H:ASN:142:OD1
0	vdw	H:ARG:187:CG	H:ASN:142:OD1
0	vdw	H:ARG:187:CA	H:HIS:185:NE2
0	vdw	J:ILE:427:CG2	J:LYS:421:NZ
0	vdw	J:LYS:426:N	J:PRO:424:O
0	vdw	J:ILE:427:CG1	J:PRO:424:O
0	vdw	J:LEU:428:CG	J:PRO:424:O
0	vdw	J:LEU:428:CD1	J:PRO:424:O
0	vdw	J:LEU:428:CB	J:TRP:425:O
0	vdw	J:ILE:427:CD1	J:PRO:424:O
0	vdw	J:LEU:428:CD1	J:TYR:446:CD1
0	vdw	J:LEU:428:CD1	J:TYR:446:CE1
0	vdw	J:ASN:466:O	J:LEU:468:N
0	vdw	J:ASN:466:O	J:LEU:469:N
0	vdw	J:ASN:466:O	J:LEU:469:CB
0	vdw	J:ALA:470:N	J:ASN:466:O
0	vdw	J:ALA:470:N	J:LEU:468:C
0	vdw	J:ALA:470:N	J:LEU:468:O
0	vdw	J:ASN:466:C	J:LEU:468:N
0	vdw	J:ASN:466:C	J:LEU:469:N
0	vdw	J:GLN:467:C	J:LEU:469:N
0	vdw	J:ALA:470:N	J:GLN:467:O
0	vdw	J:LEU:468:N	J:PRO:465:O
0	vdw	J:LEU:469:N	J:PRO:465:O
0	vdw	J:LEU:469:CB	J:PRO:465:O
0	vdw	J:LEU:468:CD1	J:LEU:486:CB
0	vdw	J:ASN:488:N	J:LEU:486:O
0	vdw	H:TYR:329:CZ	H:VAL:340:CG1
0	vdw	H:SER:343:CA	H:VAL:340:O
0	vdw	H:ILE:344:N	H:VAL:340:O
0	vdw	H:ILE:344:CG1	H:VAL:340:O
0	vdw	H:GLU:342:N	H:VAL:340:O
0	vdw	H:SER:343:N	H:VAL:340:O
0	vdw	H:SER:343:CB	H:VAL:340:O
0	vdw	H:ASN:302:C	H:ILE:304:N
0	vdw	H:ASN:302:C	H:LYS:305:CG
0	vdw	H:ALA:306:N	H:VAL:303:C
0	vdw	H:ALA:306:CB	H:VAL:303:C
0	vdw	H:ALA:301:O	H:VAL:303:N
0	vdw	H:LYS:305:N	H:VAL:303:C
0	vdw	H:ALA:322:CB	H:VAL:303:CB
0	vdw	H:ILE:304:N	H:TYR:300:O
0	vdw	H:ILE:304:CB	H:TYR:300:O
0	vdw	H:ILE:304:CG1	H:TYR:300:O
0	vdw	H:ILE:304:CD1	H:TYR:300:O
0	vdw	H:ALA:301:O	H:ILE:304:N
0	vdw	H:ILE:304:CD1	H:ILE:319:CD1
0	vdw	H:ILE:231:CG2	H:VAL:224:O
0	vdw	H:TRP:232:N	H:VAL:224:O
0	vdw	H:TRP:232:O	H:VAL:224:CB
0	vdw	H:ILE:231:CA	H:VAL:224:O
0	vdw	H:ILE:231:CG2	H:LEU:225:CD2
0	vdw	H:GLY:226:N	H:VAL:224:O
0	vdw	H:TRP:232:O	H:VAL:224:CG2
0	vdw	H:VAL:113:CG2	H:VAL:224:CG1
0	vdw	H:ASN:170:CB	H:HIS:111:NE2
0	vdw	H:ASN:170:CA	H:VAL:112:O
0	vdw	H:ASN:170:OD1	H:TYR:191:CA
0	vdw	H:ASN:170:OD1	H:TYR:191:C
0	vdw	H:ASN:170:OD1	H:GLY:192:N
0	vdw	H:ASN:170:C	H:VAL:112:O
0	vdw	H:ALA:171:N	H:VAL:112:O
0	vdw	H:SER:140:O	H:THR:186:N
0	vdw	H:SER:140:O	H:THR:186:OG1
0	vdw	H:THR:186:OG1	H:VAL:141:CA
0	vdw	H:ARG:187:N	H:HIS:185:C
0	vdw	H:ARG:187:N	H:HIS:185:CD2
0	vdw	H:ARG:187:N	H:HIS:185:NE2
0	vdw	H:ALA:171:CB	H:THR:186:CG2
0	vdw	H:ARG:187:CG	H:VAL:141:O
0	vdw	H:GLY:139:C	H:VAL:141:N
0	vdw	H:ARG:187:NE	H:GLY:139:O
0	vdw	H:ARG:187:CZ	H:GLY:139:O
0	vdw	H:ARG:187:NH2	H:GLY:139:O
0	vdw	H:ARG:187:NE	H:VAL:141:O
0	vdw	J:GLN:431:CB	J:ILE:427:O
0	vdw	H:ASN:339:C	H:MET:341:N
0	vdw	H:ASN:339:C	H:GLU:342:CG
0	vdw	H:GLU:337:O	H:VAL:340:N
0	vdw	H:GLU:337:O	H:VAL:340:CB
0	vdw	H:GLU:337:O	H:MET:341:N
0	vdw	H:GLU:337:O	H:MET:341:CB
0	vdw	H:GLU:337:O	H:MET:341:CG
0	vdw	H:LYS:338:C	H:VAL:340:N
0	vdw	H:GLU:342:N	H:VAL:340:C
0	vdw	H:SER:343:N	H:VAL:340:C
0	vdw	H:GLU:337:O	H:MET:341:CE
0	vdw	H:LYS:338:O	H:VAL:340:N
0	vdw	H:LYS:338:O	H:MET:341:N
0	vdw	H:ALA:306:CB	H:MET:341:CB
0	vdw	H:ALA:306:CB	H:MET:341:CG
0	vdw	H:ASN:302:O	H:LYS:305:CG
0	vdw	H:ALA:306:N	H:ASN:302:O
0	vdw	H:ALA:306:CB	H:ASN:302:O
0	vdw	H:ALA:301:O	H:LYS:305:CG
0	vdw	H:LEU:307:N	H:LYS:305:C
0	vdw	H:ALA:306:N	H:ILE:304:C
0	vdw	H:ALA:306:N	H:ILE:304:O
0	vdw	H:LYS:305:O	H:PHE:309:N
0	vdw	H:LYS:305:O	H:PHE:309:CA
0	vdw	H:LYS:305:O	H:PHE:309:CB
0	vdw	H:ALA:306:N	H:VAL:303:O
0	vdw	H:ALA:306:CB	H:VAL:303:O
0	vdw	H:ALA:301:O	H:LYS:305:N
0	vdw	H:ALA:301:O	H:LYS:305:CB
0	vdw	H:CYS:200:SG	H:ILE:231:CB
0	vdw	H:CYS:200:O	H:ILE:231:N
0	vdw	H:CYS:200:O	H:ILE:231:CA
0	vdw	H:CYS:200:O	H:ILE:231:O
0	vdw	H:CYS:200:O	H:ILE:231:CB
0	vdw	H:GLY:229:C	H:ILE:231:N
0	vdw	H:GLY:229:O	H:ILE:231:N
0	vdw	H:TYR:230:O	H:VAL:113:CB
0	vdw	H:TYR:230:O	H:VAL:113:CG2
0	vdw	H:LEU:169:O	H:VAL:113:CG1
0	vdw	H:TYR:230:CB	H:VAL:113:CB
0	vdw	H:GLY:226:CA	H:TYR:230:O
0	vdw	H:GLY:226:N	H:TYR:230:O
0	vdw	H:LEU:169:O	H:VAL:113:CA
0	vdw	H:LEU:169:O	H:VAL:113:C
0	vdw	H:GLY:114:N	H:LEU:169:O
0	vdw	H:ASN:228:ND2	H:VAL:113:C
0	vdw	H:ALA:171:CB	H:LEU:169:CD1
0	vdw	H:LEU:136:CD1	H:LEU:184:C
0	vdw	H:LEU:136:CD1	H:LEU:184:O
0	vdw	H:GLY:139:N	H:MET:137:O
0	vdw	H:MET:137:O	H:SER:140:N
0	vdw	H:MET:137:O	H:SER:140:CB
0	vdw	H:LEU:138:C	H:SER:140:N
0	vdw	H:GLY:139:N	H:MET:137:C
0	vdw	H:MET:137:C	H:SER:140:N
0	vdw	H:ASN:339:CA	H:GLU:342:CG
0	vdw	H:ASN:339:N	H:GLU:337:C
0	vdw	H:LYS:338:CA	H:MET:341:CE
0	vdw	H:MET:341:CE	H:PHE:309:CG
0	vdw	H:MET:341:CE	H:PHE:309:CD1
0	vdw	H:MET:341:CE	H:PHE:309:CD2
0	vdw	H:GLN:201:CG	H:TYR:230:CE1
0	vdw	H:TYR:230:CB	H:VAL:113:O
0	vdw	H:TYR:230:CG	H:VAL:113:O
0	vdw	H:TYR:230:CD2	H:VAL:113:O
0	vdw	H:ASN:228:ND2	H:TYR:230:CB
0	vdw	H:ASN:228:ND2	H:TYR:230:CG
0	vdw	H:ASN:228:ND2	H:TYR:230:CD2
0	vdw	H:ASP:127:O	H:TYR:230:CE2
0	vdw	H:ILE:128:C	H:TYR:230:CE2
0	vdw	H:GLY:129:N	H:TYR:230:CE2
0	vdw	H:GLY:114:CA	H:VAL:126:CG1
0	vdw	H:ASP:127:O	H:GLY:114:CA
0	vdw	H:ASN:228:CG	H:VAL:113:O
0	vdw	H:ASN:228:ND2	H:VAL:113:O
0	vdw	H:LEU:184:CD1	H:VAL:126:CB
0	vdw	H:TRP:124:O	H:VAL:135:C
0	vdw	H:LEU:136:N	H:TRP:124:O
0	vdw	H:LEU:136:CB	H:TRP:124:O
0	vdw	H:MET:137:CB	H:SER:140:OG
0	vdw	H:LYS:338:CE	H:THR:8:OG1
0	vdw	H:GLN:201:CD	H:TYR:230:CE1
0	vdw	H:GLN:201:NE2	H:TYR:230:CE1
0	vdw	H:GLY:129:CA	H:TYR:230:CZ
0	vdw	H:GLY:129:CA	H:TYR:230:OH
0	vdw	H:ILE:128:N	H:VAL:126:O
0	vdw	H:ASP:127:CB	H:HIS:133:CE1
0	vdw	H:ASP:127:C	H:GLY:129:N
0	vdw	H:ASP:127:CG	H:GLY:129:N
0	vdw	H:ASP:127:OD1	H:GLY:129:N
0	vdw	H:ASP:127:OD1	H:GLY:129:CA
0	vdw	H:ALA:134:O	H:VAL:126:N
0	vdw	H:ALA:134:O	H:VAL:126:CA
0	vdw	H:ALA:134:O	H:VAL:126:O
0	vdw	H:HIS:133:C	H:VAL:126:O
0	vdw	H:ALA:134:N	H:VAL:126:O
0	vdw	H:ALA:134:CA	H:VAL:126:O
0	vdw	H:ALA:134:CB	H:VAL:126:O
0	vdw	H:HIS:133:CA	H:VAL:126:O
0	vdw	H:ALA:134:O	H:LYS:125:CA
0	vdw	H:ALA:134:O	H:LYS:125:C
0	vdw	H:TRP:124:O	H:VAL:135:CA
0	vdw	H:LEU:136:CA	H:TRP:124:O
0	vdw	H:ARG:123:CG	H:MET:137:SD
0	vdw	H:ARG:123:CD	H:MET:137:SD
0	vdw	H:ARG:10:NH2	H:THR:8:CG2
0	vdw	H:ARG:10:CZ	H:THR:8:CG2
0	vdw	B:GLU:58:CG	H:HIS:133:CB
0	vdw	B:GLU:58:CG	H:HIS:133:CG
0	vdw	B:GLU:58:CG	H:HIS:133:ND1
0	vdw	B:GLU:58:CG	H:HIS:133:CD2
0	vdw	H:ARG:123:NH2	H:LYS:125:CE
0	vdw	H:ARG:123:NH1	S:A:19:C1'
0	vdw	H:ARG:123:CZ	S:A:19:C1'
0	vdw	E:GLU:35:CG	E:PHE:37:CE2
0	vdw	E:GLU:35:CG	E:PHE:37:CZ
0	vdw	E:GLU:35:CD	E:PHE:37:CE2
0	vdw	E:GLU:35:CD	E:PHE:37:CZ
0	vdw	E:GLU:35:OE2	E:PHE:37:CE2
0	vdw	E:GLU:35:OE2	E:PHE:37:CZ
0	vdw	E:ARG:49:NH1	E:PHE:37:CE2
0	vdw	B:HIS:34:NE2	E:ILE:51:CG2
0	vdw	E:ARG:49:CZ	E:ILE:51:CD1
0	vdw	E:ARG:49:NH2	E:ILE:51:CD1
0	vdw	E:GLU:57:CD	E:ILE:51:CD1
0	vdw	B:ALA:35:N	B:HIS:32:O
0	vdw	B:ALA:35:N	B:PRO:33:C
0	vdw	B:GLU:58:CG	H:GLN:132:CA
0	vdw	B:GLU:58:CG	H:GLN:132:C
0	vdw	B:GLU:58:CG	H:HIS:133:N
0	vdw	B:GLU:58:CD	H:HIS:133:N
0	vdw	B:LYS:62:NZ	B:MET:65:CE
0	vdw	B:LYS:62:NZ	B:MET:65:SD
0	vdw	E:THR:38:O	H:ASN:11:CA
0	vdw	E:PHE:37:CD1	H:PHE:14:O
0	vdw	E:ARG:49:NH1	E:PHE:37:CD2
0	vdw	E:PHE:37:CG	H:PHE:14:O
0	vdw	E:PHE:37:CD2	H:PHE:14:O
0	vdw	E:ARG:49:CD	E:GLU:57:OE1
0	vdw	E:ARG:49:NE	E:GLU:57:CD
0	vdw	E:ARG:49:NE	E:GLU:57:OE1
0	vdw	E:ARG:49:CZ	E:GLU:57:OE1
0	vdw	E:ARG:49:NH2	E:GLU:57:OE1
0	vdw	E:ARG:49:CD	H:PHE:14:CE2
0	vdw	B:HIS:32:CD2	E:ARG:49:NH2
0	vdw	E:ARG:49:CD	H:PHE:14:CZ
0	vdw	E:ARG:49:NE	H:PHE:14:CZ
0	vdw	E:ARG:49:CZ	H:PHE:14:CE1
0	vdw	E:ARG:49:CZ	H:PHE:14:CZ
0	vdw	E:ARG:49:NH1	H:PHE:14:O
0	vdw	B:HIS:32:CD2	E:GLU:57:CD
0	vdw	B:HIS:32:CD2	E:GLU:57:OE1
0	vdw	B:HIS:32:NE2	E:GLU:57:OE1
0	vdw	B:HIS:32:CD2	E:GLU:57:OE2
0	vdw	B:LEU:52:CD1	E:ILE:131:CG2
0	vdw	B:GLU:125:CD	B:LYS:54:CE
0	vdw	B:GLU:125:CD	B:LYS:54:NZ
0	vdw	B:GLU:125:OE2	B:LYS:54:CE
0	vdw	B:GLU:125:OE2	B:LYS:54:NZ
0	vdw	B:ALA:36:CB	B:LYS:54:CG
0	vdw	B:ASP:123:OD2	B:LYS:57:CE
0	vdw	B:MET:65:CE	B:PRO:59:CG
0	vdw	B:MET:65:CE	B:PRO:59:CD
0	vdw	B:GLN:64:O	B:PRO:59:CB
0	vdw	B:GLN:64:O	B:PRO:59:CG
0	vdw	B:ARG:119:O	B:PRO:59:CD
0	vdw	B:LYS:57:O	B:PRO:59:N
0	vdw	B:PRO:59:CA	B:VAL:121:CG2
0	vdw	B:PRO:59:CB	B:VAL:121:CG2
0	vdw	B:PRO:59:CG	B:VAL:121:CG2
0	vdw	E:PHE:40:N	E:THR:38:C
0	vdw	E:PHE:40:N	E:THR:38:O
0	vdw	E:PHE:40:CB	H:ALA:13:O
0	vdw	B:ILE:50:CD1	E:ILE:59:CD1
0	vdw	B:TYR:41:CE1	H:PHE:14:CE2
0	vdw	B:ILE:50:CD1	H:PHE:14:CZ
0	vdw	B:ASN:73:ND2	B:ASP:123:OD1
0	vdw	B:ASP:123:CG	B:VAL:121:CG1
0	vdw	B:ASP:123:OD1	B:VAL:121:CG1
0	vdw	B:ASP:123:OD2	B:VAL:121:CG1
0	vdw	B:ASN:73:CB	B:ASP:123:OD1
0	vdw	B:GLN:64:CB	B:LEU:71:CD2
0	vdw	B:GLN:64:N	B:LYS:62:O
0	vdw	G:LYS:85:CD	G:PHE:80:CD2
0	vdw	G:LYS:85:CE	G:PHE:80:CD2
0	vdw	G:LYS:85:CD	G:PHE:80:CE2
0	vdw	G:LYS:85:CE	G:PHE:80:CE2
0	vdw	G:GLU:131:OE2	G:LYS:85:CE
0	vdw	G:SER:83:OG	G:SER:96:OG
0	vdw	G:ALA:132:O	G:SER:96:CB
0	vdw	G:GLU:133:CG	G:SER:96:CB
0	vdw	G:SER:83:CB	G:SER:96:OG
0	vdw	E:ASP:39:C	E:LEU:41:N
0	vdw	B:LYS:48:CD	E:LEU:41:CD2
0	vdw	B:LEU:129:CB	B:LYS:48:O
0	vdw	B:ILE:50:CD1	B:LEU:129:CD1
0	vdw	B:HIS:127:O	B:ILE:49:CA
0	vdw	B:HIS:127:O	B:ILE:49:C
0	vdw	B:HIS:127:O	B:ILE:50:N
0	vdw	B:ASN:77:CA	B:ILE:126:O
0	vdw	B:ASN:77:O	B:HIS:127:CA
0	vdw	B:ILE:126:C	B:ILE:50:O
0	vdw	B:HIS:127:N	B:ILE:50:O
0	vdw	B:ILE:126:O	B:SER:75:O
0	vdw	B:ILE:126:O	B:VAL:76:CA
0	vdw	B:ILE:126:O	B:VAL:76:C
0	vdw	B:ASN:77:N	B:ILE:126:O
0	vdw	B:GLU:125:CA	B:SER:75:OG
0	vdw	B:ILE:126:N	B:SER:75:O
0	vdw	B:ILE:124:O	B:SER:75:OG
0	vdw	G:LYS:85:NZ	G:SER:94:OG
0	vdw	G:GLU:131:OE2	G:LYS:85:NZ
0	vdw	G:ALA:132:O	G:VAL:95:C
0	vdw	G:VAL:86:CG1	G:VAL:95:C
0	vdw	G:GLU:131:OE2	G:SER:96:CB
0	vdw	G:ALA:132:O	G:SER:96:N
0	vdw	G:ALA:132:O	G:SER:96:CA
0	vdw	G:ALA:132:C	G:VAL:95:CG1
0	vdw	G:ALA:132:O	G:VAL:95:CG1
0	vdw	G:SER:96:CA	G:TYR:84:O
0	vdw	G:CYS:124:SG	G:GLU:133:C
0	vdw	G:CYS:124:SG	G:GLU:133:CB
0	vdw	G:GLU:133:CA	G:SER:96:O
0	vdw	G:GLU:133:CB	G:SER:96:O
0	vdw	G:GLU:133:CG	G:SER:96:O
0	vdw	G:CYS:124:CB	G:GLU:135:CD
0	vdw	E:LEU:41:C	E:SER:43:N
0	vdw	E:LEU:41:O	E:SER:43:N
0	vdw	B:GLU:130:N	B:VAL:128:C
0	vdw	B:LEU:129:O	B:SER:82:CA
0	vdw	B:LEU:129:CA	B:LYS:48:O
0	vdw	B:GLU:130:N	B:LYS:48:O
0	vdw	B:ASN:77:O	B:VAL:128:N
0	vdw	B:LYS:48:O	B:VAL:128:C
0	vdw	B:LEU:129:N	B:LYS:48:O
0	vdw	B:VAL:76:O	B:VAL:97:CG1
0	vdw	B:GLN:101:CG	B:VAL:76:N
0	vdw	B:GLN:101:OE1	B:VAL:76:N
0	vdw	B:GLU:125:C	B:SER:75:O
0	vdw	B:ILE:126:CA	B:SER:75:O
0	vdw	B:ILE:126:CB	B:SER:75:O
0	vdw	B:ILE:124:O	B:SER:75:N
0	vdw	G:VAL:86:O	G:VAL:95:N
0	vdw	G:VAL:86:O	G:VAL:95:CA
0	vdw	G:VAL:86:O	G:VAL:95:CG2
0	vdw	G:ALA:132:O	G:VAL:95:CA
0	vdw	G:LEU:88:CG	G:VAL:95:CG2
0	vdw	G:LEU:88:CD1	G:VAL:95:CG2
0	vdw	G:ILE:134:CG2	G:VAL:95:CG1
0	vdw	G:GLU:133:CA	G:VAL:95:CG1
0	vdw	G:VAL:86:O	G:VAL:95:CB
0	vdw	G:VAL:86:CG1	G:VAL:95:CB
0	vdw	G:GLU:133:O	G:VAL:123:CG1
0	vdw	G:CYS:124:N	G:GLU:133:O
0	vdw	G:GLU:133:O	G:VAL:123:CA
0	vdw	G:SER:67:O	G:VAL:123:CB
0	vdw	G:SER:67:O	G:VAL:123:CG1
0	vdw	G:CYS:124:SG	G:GLU:133:O
0	vdw	G:CYS:124:O	G:VAL:68:CG2
0	vdw	G:VAL:123:O	G:VAL:68:CA
0	vdw	G:ASN:69:N	G:VAL:123:O
0	vdw	G:ARG:122:O	G:CYS:124:N
0	vdw	B:SER:82:O	E:SER:43:OG
0	vdw	B:PHE:84:N	E:SER:43:OG
0	vdw	B:GLU:130:CD	E:SER:43:CB
0	vdw	B:GLU:130:OE2	E:SER:43:CB
0	vdw	B:GLU:130:CA	B:SER:82:CA
0	vdw	B:GLN:131:CG	B:SER:82:CB
0	vdw	B:GLN:131:NE2	B:SER:82:OG
0	vdw	B:GLN:131:CG	B:SER:82:OG
0	vdw	B:ILE:78:CD1	B:VAL:76:CG1
0	vdw	B:ILE:78:N	B:VAL:76:C
0	vdw	B:ILE:78:N	B:VAL:76:O
0	vdw	B:ILE:78:CD1	B:VAL:128:CG2
0	vdw	B:GLN:101:CD	B:VAL:97:CG1
0	vdw	B:GLN:101:OE1	B:VAL:97:CG1
0	vdw	B:GLN:101:CG	B:VAL:97:O
0	vdw	B:GLN:101:N	B:VAL:97:O
0	vdw	B:GLN:101:CB	B:VAL:97:O
0	vdw	B:GLU:99:N	B:VAL:97:O
0	vdw	B:ILE:100:N	B:VAL:97:O
0	vdw	B:GLN:101:CG	B:VAL:74:O
0	vdw	B:GLN:101:CD	B:VAL:74:O
0	vdw	B:GLN:101:CG	B:VAL:76:CG2
0	vdw	A:LYS:3:CB	G:PHE:91:CE1
0	vdw	A:LYS:3:CB	G:PHE:91:CD1
0	vdw	G:GLN:89:O	G:SER:92:CB
0	vdw	G:ILE:65:O	G:SER:67:N
0	vdw	G:ASP:70:CG	G:SER:67:O
0	vdw	G:ASP:70:OD1	G:VAL:68:O
0	vdw	G:ASP:70:N	G:VAL:68:C
0	vdw	G:ASP:70:N	G:VAL:68:O
0	vdw	G:ASP:70:CB	G:SER:67:O
0	vdw	G:ARG:122:NH1	G:ASN:69:N
0	vdw	G:ARG:122:NH1	G:ASN:69:CG
0	vdw	B:GLN:131:NE2	B:ILE:78:CG2
0	vdw	B:ARG:96:C	B:LEU:98:N
0	vdw	B:ARG:95:C	B:VAL:97:N
0	vdw	B:ARG:95:O	B:VAL:97:N
0	vdw	B:ARG:95:O	B:LEU:98:N
0	vdw	B:GLU:99:N	B:VAL:97:C
0	vdw	B:ILE:100:N	B:LEU:98:C
0	vdw	A:GLU:99:N	A:THR:97:O
0	vdw	A:GLY:98:O	A:VAL:102:N
0	vdw	A:GLU:101:CB	A:GLY:98:O
0	vdw	A:ASP:100:N	A:GLY:98:C
0	vdw	A:GLU:101:N	A:GLY:98:C
0	vdw	A:GLU:101:N	A:GLY:98:O
0	vdw	A:GLN:90:CA	G:PHE:91:CE1
0	vdw	A:SER:89:C	G:PHE:91:CE1
0	vdw	A:GLN:90:N	G:PHE:91:CE1
0	vdw	A:SER:89:C	G:PHE:91:CZ
0	vdw	A:GLN:90:N	G:PHE:91:CZ
0	vdw	G:ARG:63:NH1	G:ASN:90:C
0	vdw	G:ARG:63:NH1	G:ASN:90:O
0	vdw	G:ARG:63:NH1	G:SER:92:OG
0	vdw	G:ASN:90:C	G:SER:92:N
0	vdw	G:ASN:90:O	G:SER:92:N
0	vdw	G:ARG:63:CZ	G:ASN:90:O
0	vdw	G:ARG:63:NH1	G:GLN:89:CG
0	vdw	G:ARG:63:NH1	G:GLN:89:OE1
0	vdw	G:ARG:63:CD	G:SER:92:OG
0	vdw	G:GLN:89:O	G:SER:92:N
0	vdw	G:ARG:63:NH1	G:GLN:89:CD
0	vdw	G:ARG:63:NH1	G:GLN:89:NE2
0	vdw	G:ASN:191:CA	G:TYR:64:CB
0	vdw	G:ASN:191:CB	G:TYR:64:CB
0	vdw	G:ASN:191:CA	G:TYR:64:CG
0	vdw	G:ASN:191:CB	G:TYR:64:CG
0	vdw	G:ASN:191:CA	G:TYR:64:CD1
0	vdw	G:ASN:191:CB	G:TYR:64:CD2
0	vdw	G:LEU:88:CD1	G:TYR:64:CE2
0	vdw	G:LEU:190:C	G:TYR:64:CD1
0	vdw	G:LEU:190:O	G:TYR:64:CD1
0	vdw	G:TYR:64:CE2	G:VAL:72:CG1
0	vdw	G:ASP:70:CG	G:SER:67:OG
0	vdw	G:ASP:70:OD2	G:SER:67:OG
0	vdw	G:ASP:70:CB	G:TYR:64:OH
0	vdw	G:LEU:190:O	G:TYR:64:CE1
0	vdw	G:TYR:64:CZ	G:VAL:72:CG1
0	vdw	G:TYR:64:OH	G:VAL:72:CG1
0	vdw	G:ASP:70:CG	G:LEU:190:CD1
0	vdw	G:ASP:70:OD2	G:LEU:190:CD1
0	vdw	A:ARG:106:NH2	B:ARG:96:CA
0	vdw	A:ARG:106:NH2	B:ARG:96:CB
0	vdw	B:ARG:95:O	B:GLU:99:CB
0	vdw	B:ARG:95:O	B:GLU:99:N
0	vdw	A:GLY:98:O	A:VAL:102:CB
0	vdw	A:GLY:98:O	A:VAL:102:CG1
0	vdw	A:GLU:99:O	A:VAL:102:CG1
0	vdw	A:GLU:101:C	A:LEU:103:N
0	vdw	A:ASP:100:C	A:VAL:102:N
0	vdw	A:ILE:83:CG2	A:PHE:91:CD1
0	vdw	A:ILE:83:CD1	A:PHE:91:CD1
0	vdw	A:ILE:83:CD1	A:PHE:91:CE1
0	vdw	A:GLY:88:O	A:PHE:91:N
0	vdw	A:PHE:91:N	A:SER:89:C
0	vdw	A:GLN:90:N	A:GLY:88:C
0	vdw	A:GLN:90:N	A:GLY:88:O
0	vdw	D:ASP:14:OD1	G:ARG:63:NE
0	vdw	D:ASP:14:OD1	G:ARG:63:CZ
0	vdw	D:ASP:14:OD1	G:ARG:63:NH2
0	vdw	G:ARG:63:CZ	G:GLN:89:CD
0	vdw	G:ARG:63:CD	G:GLN:89:OE1
0	vdw	G:GLN:89:OE1	G:TYR:64:N
0	vdw	G:GLN:89:NE2	G:LYS:62:O
0	vdw	G:ARG:63:CD	G:GLN:89:CD
0	vdw	G:LEU:160:CD1	G:LYS:62:O
0	vdw	G:ARG:63:C	G:LEU:160:CD1
0	vdw	G:GLN:89:OE1	G:TYR:64:CB
0	vdw	G:ARG:63:O	G:LEU:160:CD2
0	vdw	G:LEU:160:CD2	G:TYR:64:CA
0	vdw	A:ARG:106:NH1	A:GLU:109:CD
0	vdw	A:ARG:106:NH1	A:GLU:109:OE2
0	vdw	A:ARG:106:NH2	B:ARG:95:C
0	vdw	A:ARG:106:NH2	B:ARG:95:CB
0	vdw	A:ARG:106:NH2	B:ARG:96:N
0	vdw	A:ARG:106:CZ	A:GLU:109:OE1
0	vdw	A:SER:105:CB	A:THR:81:OG1
0	vdw	A:GLU:101:O	A:SER:105:CB
0	vdw	A:SER:105:CA	A:THR:81:CG2
0	vdw	A:SER:105:CB	A:THR:81:CG2
0	vdw	A:SER:105:CB	A:VAL:102:O
0	vdw	A:CYS:104:N	A:GLU:101:O
0	vdw	A:GLU:101:O	A:SER:105:N
0	vdw	A:GLU:101:O	A:LEU:103:N
0	vdw	A:ILE:83:CG1	A:THR:81:O
0	vdw	A:ILE:83:CG2	A:PHE:91:CB
0	vdw	A:ILE:83:CG2	A:PHE:91:CG
0	vdw	A:ILE:83:CD1	A:PHE:147:CE2
0	vdw	A:ALA:87:N	A:LEU:141:O
0	vdw	A:ALA:87:CA	A:LEU:141:O
0	vdw	A:ALA:87:CB	A:PHE:140:O
0	vdw	A:ALA:87:CB	A:CYS:143:CB
0	vdw	A:CYS:143:CB	A:PHE:91:CE2
0	vdw	A:CYS:143:SG	A:PHE:91:CE2
0	vdw	A:GLY:88:N	A:MET:86:O
0	vdw	A:ALA:87:O	A:CYS:143:CB
0	vdw	A:ALA:87:O	A:CYS:143:N
0	vdw	D:ASP:11:C	D:VAL:13:N
0	vdw	D:ASP:11:O	D:VAL:13:N
0	vdw	G:ARG:63:N	G:SER:61:C
0	vdw	G:LEU:160:CD1	G:LYS:62:C
0	vdw	G:LEU:160:N	G:SER:61:O
0	vdw	G:LEU:160:CB	G:SER:61:O
0	vdw	G:LEU:160:CD1	G:SER:61:O
0	vdw	G:ARG:164:CZ	G:ASN:161:OD1
0	vdw	G:ARG:164:NH2	G:LEU:160:O
0	vdw	G:ARG:164:CZ	G:ASP:58:OD1
0	vdw	G:ARG:164:CZ	G:ASN:161:CA
0	vdw	G:HIS:43:ND1	G:TYR:56:CZ
0	vdw	A:GLU:109:CB	A:SER:105:O
0	vdw	A:ARG:106:O	A:GLU:109:CB
0	vdw	A:ILE:79:CG2	A:THR:81:CG2
0	vdw	A:ILE:108:CG1	A:SER:105:O
0	vdw	A:ILE:108:CD1	A:ILE:79:CG2
0	vdw	A:GLU:109:N	A:SER:105:O
0	vdw	A:ILE:108:CD1	A:THR:81:CG2
0	vdw	A:CYS:104:SG	A:PHE:147:CZ
0	vdw	A:ALA:87:CB	A:PHE:140:CD1
0	vdw	A:PHE:140:CG	A:PHE:147:CE1
0	vdw	A:LEU:141:O	A:MET:86:O
0	vdw	A:LEU:141:C	A:LYS:55:O
0	vdw	A:ASP:142:N	A:LYS:55:O
0	vdw	A:MET:86:O	D:VAL:13:CG2
0	vdw	D:LEU:10:CB	D:VAL:13:CG2
0	vdw	A:ASP:142:OD2	D:LEU:10:C
0	vdw	D:VAL:13:O	G:LYS:62:CD
0	vdw	D:VAL:13:O	G:LYS:62:CE
0	vdw	D:ASP:11:O	D:VAL:13:O
0	vdw	G:ASN:161:ND2	G:SER:60:CA
0	vdw	G:ASN:161:ND2	G:SER:60:CB
0	vdw	G:ASN:161:ND2	G:SER:60:OG
0	vdw	G:SER:61:N	G:TYR:59:O
0	vdw	D:ARG:220:CD	G:SER:60:CB
0	vdw	D:ARG:220:CD	G:SER:60:OG
0	vdw	G:ASN:161:OD1	G:TYR:59:O
0	vdw	G:ARG:164:NH1	G:ASN:161:OD1
0	vdw	G:ARG:164:NH1	G:ASP:58:CG
0	vdw	G:ARG:164:NH1	G:ASP:58:OD1
0	vdw	G:ARG:164:NH1	G:ASN:161:CG
0	vdw	G:HIS:43:ND1	G:TYR:56:OH
0	vdw	A:ARG:113:CB	A:GLU:109:O
0	vdw	A:ILE:79:CG1	A:PHE:77:CE2
0	vdw	A:ILE:79:CD1	A:PHE:77:CE2
0	vdw	A:ILE:79:CG1	A:PHE:77:CZ
0	vdw	A:PHE:77:CE2	A:VAL:112:CG1
0	vdw	A:PHE:77:CZ	A:VAL:112:CG1
0	vdw	A:ILE:108:CG1	A:ILE:79:CD1
0	vdw	A:VAL:138:CG2	A:VAL:155:CG2
0	vdw	A:SER:151:O	A:VAL:155:CG2
0	vdw	A:HIS:139:O	A:HIS:57:O
0	vdw	A:SER:151:OG	A:VAL:138:CG1
0	vdw	A:HIS:139:O	A:VAL:56:CA
0	vdw	A:HIS:139:C	A:LEU:141:N
0	vdw	A:HIS:139:O	A:LEU:141:N
0	vdw	A:HIS:139:O	A:VAL:56:C
0	vdw	A:HIS:139:O	A:HIS:57:N
0	vdw	A:HIS:139:O	A:HIS:57:CA
0	vdw	A:LEU:141:N	A:LYS:55:O
0	vdw	A:LEU:141:CA	A:LYS:55:O
0	vdw	A:LEU:141:CB	A:LYS:55:O
0	vdw	D:GLY:8:C	D:LEU:10:N
0	vdw	D:ILE:7:C	D:ILE:9:N
0	vdw	A:LYS:55:CE	D:ILE:9:O
0	vdw	A:ASP:142:OD2	D:LEU:10:CA
0	vdw	D:ARG:220:NH1	G:SER:60:CB
0	vdw	D:ARG:220:NH1	G:SER:60:OG
0	vdw	D:ARG:220:CG	D:ASN:216:O
0	vdw	D:ARG:220:NE	D:ASN:216:O
0	vdw	D:ARG:220:CG	D:ILE:217:O
0	vdw	D:LEU:221:CD2	G:ASP:58:CG
0	vdw	D:LEU:221:CD2	G:ASP:58:OD1
0	vdw	A:LEU:118:O	A:VAL:120:N
0	vdw	A:LEU:118:C	A:VAL:120:N
0	vdw	A:LEU:159:CD1	A:VAL:155:O
0	vdw	A:LEU:159:N	A:VAL:155:O
0	vdw	A:LEU:159:CB	A:VAL:155:O
0	vdw	A:LEU:159:CG	A:VAL:155:O
0	vdw	A:ALA:157:N	A:VAL:155:O
0	vdw	A:GLY:158:N	A:VAL:155:O
0	vdw	A:ALA:154:C	A:CYS:58:SG
0	vdw	A:ALA:154:O	A:CYS:58:SG
0	vdw	A:CYS:58:CB	A:VAL:47:CG1
0	vdw	A:ALA:154:CB	A:CYS:58:CB
0	vdw	A:CYS:58:N	A:VAL:47:O
0	vdw	A:VAL:49:N	A:VAL:56:O
0	vdw	A:VAL:49:O	A:VAL:56:O
0	vdw	D:ARG:220:NH2	D:ILE:7:O
0	vdw	D:ASN:216:C	D:SER:218:N
0	vdw	D:ASN:216:C	D:PRO:219:CD
0	vdw	D:ASN:216:O	D:PRO:219:CD
0	vdw	D:ILE:217:C	D:PRO:219:N
0	vdw	D:ILE:217:O	D:PRO:219:N
0	vdw	D:ILE:217:C	D:PRO:219:CD
0	vdw	D:ARG:220:N	D:ILE:217:O
0	vdw	D:ARG:220:N	D:SER:218:C
0	vdw	D:ARG:220:N	D:SER:218:O
0	vdw	D:ARG:220:CA	D:ILE:217:O
0	vdw	D:ILE:217:O	D:LEU:221:N
0	vdw	D:LEU:221:N	D:SER:218:C
0	vdw	D:LEU:221:N	D:SER:218:O
0	vdw	D:LEU:221:CA	D:SER:218:O
0	vdw	D:LEU:221:C	D:SER:218:O
0	vdw	D:ARG:220:CB	D:ILE:217:O
0	vdw	A:ASP:119:OD1	A:GLU:121:CB
0	vdw	A:ASP:119:N	A:GLY:188:O
0	vdw	A:LEU:118:CD1	A:LEU:159:CD1
0	vdw	A:LEU:159:N	A:MET:156:O
0	vdw	A:ALA:157:C	A:LEU:159:N
0	vdw	A:GLY:158:CA	A:VAL:47:CG1
0	vdw	A:ALA:154:O	A:GLY:158:CA
0	vdw	A:THR:39:O	A:VAL:47:CA
0	vdw	A:ALA:154:O	A:VAL:47:CG1
0	vdw	A:THR:39:O	A:VAL:47:C
0	vdw	A:SER:48:N	A:THR:39:O
0	vdw	A:SER:48:CA	A:THR:39:O
0	vdw	A:SER:48:CB	A:THR:39:O
0	vdw	D:ASP:215:O	D:PRO:219:CG
0	vdw	D:ASP:215:O	D:PRO:219:CD
0	vdw	A:ILE:189:CD1	A:LEU:187:C
0	vdw	A:ILE:189:CD1	A:LEU:187:O
0	vdw	A:ILE:189:N	A:LEU:187:O
0	vdw	A:HIS:161:N	A:LEU:159:C
0	vdw	A:LEU:159:C	A:PHE:162:N
0	vdw	A:HIS:161:N	A:LEU:159:O
0	vdw	A:LEU:159:O	A:PHE:162:N
0	vdw	A:MET:160:C	A:PHE:162:N
0	vdw	A:GLY:158:O	A:MET:160:N
0	vdw	A:GLY:158:O	A:HIS:161:N
0	vdw	A:GLY:158:O	A:PHE:162:N
0	vdw	A:ALA:157:O	A:HIS:161:N
0	vdw	A:GLY:158:C	A:MET:160:N
0	vdw	A:GLY:158:C	A:HIS:161:N
0	vdw	A:MET:156:O	A:MET:160:N
0	vdw	A:GLY:158:O	A:HIS:161:CA
0	vdw	A:GLY:158:O	A:HIS:161:C
0	vdw	A:HIS:161:CG	A:PHE:40:CD2
0	vdw	A:HIS:161:ND1	A:PHE:40:CD2
0	vdw	A:ALA:157:O	A:HIS:161:CB
0	vdw	A:HIS:161:CB	A:PHE:40:CE2
0	vdw	A:HIS:161:CG	A:PHE:40:CE2
0	vdw	A:HIS:161:CB	A:LEU:283:CD2
0	vdw	A:ASP:46:O	A:PHE:40:CA
0	vdw	A:ASP:46:O	A:GLY:41:N
0	vdw	A:HIS:161:CE1	A:PHE:40:CD2
0	vdw	A:HIS:161:NE2	A:PHE:40:CD2
0	vdw	A:ASP:286:OD2	A:HIS:161:CD2
0	vdw	A:HIS:161:CD2	A:PHE:40:CD2
0	vdw	A:HIS:161:CD2	A:PHE:40:CE2
0	vdw	A:ASP:286:CG	A:HIS:161:NE2
0	vdw	A:ASP:286:OD2	A:HIS:161:NE2
0	vdw	A:ARG:290:CD	A:ASP:286:OD2
0	vdw	A:ARG:290:CG	A:ASP:286:O
0	vdw	A:ARG:290:CD	A:ASP:286:O
0	vdw	A:ARG:290:N	A:ASP:286:O
0	vdw	A:ASP:286:O	A:LYS:289:N
0	vdw	A:ASP:286:O	A:LYS:289:CB
0	vdw	A:ASN:291:CG	A:SER:287:O
0	vdw	A:ASN:291:ND2	A:SER:287:O
0	vdw	A:ARG:290:N	A:SER:287:O
0	vdw	A:ASN:291:N	A:SER:287:O
0	vdw	A:ASN:291:CB	A:SER:287:O
0	vdw	A:ASN:291:ND2	A:SER:287:C
0	vdw	A:LYS:289:N	A:SER:287:O
0	vdw	A:ASN:291:N	A:LYS:289:C
0	vdw	A:ARG:290:C	A:LYS:292:N
0	vdw	A:ARG:290:N	A:GLU:288:C
0	vdw	A:ARG:290:N	A:GLU:288:O
0	vdw	A:ASN:291:N	A:GLU:288:C
0	vdw	A:ASN:291:N	A:GLU:288:O
0	vdw	A:LYS:289:O	A:TYR:293:N
0	vdw	A:ASN:291:CB	A:GLU:288:O
0	vdw	A:ASN:291:C	A:TYR:293:N
0	vdw	A:ASN:291:O	A:TYR:293:N
0	vdw	A:GLU:288:O	A:LYS:292:N
0	vdw	A:GLU:288:O	A:LYS:292:CB
0	vdw	H:ASN:249:ND2	H:THR:245:CG2
0	vdw	H:ASN:249:CB	H:PRO:246:CA
0	vdw	H:ASN:249:CB	H:PRO:246:O
0	vdw	H:ASN:249:CB	H:THR:245:O
0	vdw	H:ASP:244:C	H:PRO:246:N
0	vdw	H:ASN:249:OD1	H:THR:245:CG2
0	vdw	H:SER:247:N	H:THR:245:C
0	vdw	H:ALA:248:N	H:PRO:246:C
0	vdw	H:ASN:249:N	H:PRO:246:C
0	vdw	H:ALA:248:N	H:PRO:246:O
0	vdw	H:ASN:249:N	H:PRO:246:O
0	vdw	H:ASN:249:CA	H:PRO:246:O
0	vdw	H:ASN:249:C	H:PRO:246:O
0	vdw	H:ASN:249:O	H:PRO:246:O
0	vdw	J:ASN:497:O	J:LEU:500:CB
0	vdw	H:ARG:243:N	H:PRO:246:CD
0	vdw	H:ARG:243:C	H:THR:245:N
0	vdw	H:ARG:243:C	H:PRO:246:CD
0	vdw	H:ARG:243:O	H:THR:245:N
0	vdw	H:ARG:243:O	H:PRO:246:CD
0	vdw	H:ARG:243:O	J:GLU:173:OE2
0	vdw	J:ARG:449:N	J:GLN:447:C
0	vdw	J:ASP:450:N	J:GLN:447:C
0	vdw	J:ASN:497:CB	J:TRP:448:CZ2
0	vdw	J:ILE:452:CG1	J:TRP:448:NE1
0	vdw	J:ILE:452:CD1	J:TRP:448:NE1
0	vdw	J:ILE:452:CG1	J:TRP:448:CE2
0	vdw	J:ASN:497:C	J:VAL:494:O
0	vdw	J:ALA:498:N	J:VAL:494:O
0	vdw	J:ALA:498:CA	J:VAL:494:O
0	vdw	J:ALA:498:N	J:GLN:496:C
0	vdw	J:ALA:498:N	J:GLN:496:O
0	vdw	J:ALA:498:N	J:ARG:495:O
0	vdw	H:GLU:324:CB	H:VAL:320:O
0	vdw	H:GLU:324:CG	H:VAL:320:O
0	vdw	H:ARG:243:CD	H:LYS:190:CG
0	vdw	H:ARG:243:CD	H:LYS:190:CD
0	vdw	J:GLU:173:O	J:LEU:409:CD1
0	vdw	J:GLU:422:O	J:PRO:424:CD
0	vdw	J:ARG:449:N	J:TYR:446:C
0	vdw	J:ARG:449:N	J:TYR:446:O
0	vdw	J:ARG:449:CB	J:TYR:446:O
0	vdw	J:ASP:450:CB	J:TYR:446:O
0	vdw	J:ARG:449:CA	J:TYR:446:O
0	vdw	J:ASP:450:N	J:TYR:446:O
0	vdw	J:TRP:448:N	J:TYR:446:C
0	vdw	J:TRP:448:N	J:TYR:446:O
0	vdw	J:ARG:449:N	J:LEU:445:O
0	vdw	J:ARG:449:CB	J:LEU:445:O
0	vdw	J:TRP:448:CZ3	J:VAL:494:CG1
0	vdw	J:TRP:448:CH2	J:VAL:494:CG1
0	vdw	J:LEU:501:CD1	J:VAL:494:CB
0	vdw	J:ALA:498:CB	J:VAL:494:O
0	vdw	J:ALA:498:CB	J:ARG:495:O
0	vdw	J:GLN:496:N	J:VAL:494:C
0	vdw	H:ALA:325:N	H:SER:321:O
0	vdw	H:ALA:325:CA	H:SER:321:O
0	vdw	H:ALA:325:CB	H:SER:321:O
0	vdw	H:SER:321:O	H:TYR:323:N
0	vdw	H:ALA:322:C	H:ALA:325:N
0	vdw	H:ALA:322:N	H:VAL:320:C
0	vdw	H:ALA:322:N	H:VAL:320:O
0	vdw	H:TYR:323:N	H:VAL:320:O
0	vdw	H:ILE:319:O	H:SER:321:N
0	vdw	H:SER:321:C	H:TYR:323:N
0	vdw	H:ILE:319:C	H:SER:321:N
0	vdw	H:GLN:317:O	H:SER:321:N
0	vdw	H:GLN:316:O	H:VAL:320:N
0	vdw	H:GLN:317:O	H:VAL:320:N
0	vdw	H:GLN:316:O	H:VAL:320:CB
0	vdw	H:GLN:316:O	H:VAL:320:CG2
0	vdw	H:ARG:318:C	H:VAL:320:N
0	vdw	H:HIS:215:CB	H:VAL:223:CG1
0	vdw	H:GLN:316:OE1	H:HIS:215:CB
0	vdw	H:GLN:316:OE1	H:HIS:215:CG
0	vdw	H:GLN:316:CB	H:HIS:215:CG
0	vdw	H:ARG:243:NH2	H:THR:214:C
0	vdw	H:ARG:243:NH2	H:THR:214:O
0	vdw	H:ARG:243:NH2	H:THR:214:CB
0	vdw	H:ASN:212:CG	H:THR:214:O
0	vdw	H:ASN:212:OD1	H:THR:214:O
0	vdw	H:ASN:212:ND2	H:THR:214:O
0	vdw	J:ARG:407:CZ	J:LYS:421:C
0	vdw	J:ARG:407:NH2	J:LYS:421:C
0	vdw	J:ARG:407:NH2	J:GLU:422:N
0	vdw	J:ARG:407:NH2	J:GLU:422:CA
0	vdw	J:LYS:421:O	J:PRO:424:CD
0	vdw	J:GLU:422:C	J:PRO:424:CD
0	vdw	J:ILE:419:CG2	J:LYS:421:O
0	vdw	J:PRO:424:CG	J:TYR:446:CE2
0	vdw	J:PRO:424:CB	J:TYR:446:OH
0	vdw	J:ILE:419:CG2	J:PRO:424:CB
0	vdw	J:ARG:449:NH2	J:TYR:446:CD1
0	vdw	J:ARG:449:NH2	J:TYR:446:CE1
0	vdw	J:ARG:449:CD	J:MET:464:CB
0	vdw	J:ARG:449:CD	J:MET:464:CE
0	vdw	J:ARG:449:CD	J:PRO:460:O
0	vdw	J:ARG:449:CD	J:MET:464:O
0	vdw	J:MET:464:CB	J:VAL:494:CG1
0	vdw	J:MET:464:SD	J:VAL:494:CG1
0	vdw	J:VAL:490:CG2	J:VAL:494:CG2
0	vdw	J:VAL:463:O	J:VAL:494:CG1
0	vdw	J:THR:491:CG2	J:VAL:494:CG2
0	vdw	J:ARG:495:NH2	J:VAL:490:CG1
0	vdw	H:ASP:347:OD2	H:SER:343:O
0	vdw	H:ALA:322:N	H:ILE:319:O
0	vdw	H:ALA:322:CA	H:ILE:319:O
0	vdw	H:ALA:322:C	H:ILE:319:O
0	vdw	H:ALA:322:CB	H:ILE:319:O
0	vdw	H:ILE:319:O	H:TYR:323:N
0	vdw	H:ALA:322:N	H:ILE:319:C
0	vdw	H:ALA:322:N	H:ARG:318:O
0	vdw	H:ALA:322:N	H:ILE:348:CD1
0	vdw	H:ALA:322:CA	H:ILE:348:CD1
0	vdw	H:ALA:322:CB	H:ARG:318:O
0	vdw	H:ALA:322:CB	H:ILE:348:CD1
0	vdw	H:ILE:319:CG1	H:THR:315:O
0	vdw	H:ILE:314:CG2	H:ILE:319:CG1
0	vdw	H:ILE:314:CG2	H:ILE:319:CD1
0	vdw	H:HIS:213:C	H:HIS:215:CD2
0	vdw	H:HIS:213:O	H:HIS:215:CD2
0	vdw	H:HIS:215:CD2	H:LEU:225:CD1
0	vdw	H:HIS:111:CE1	H:THR:214:OG1
0	vdw	H:ASN:212:C	H:THR:214:N
0	vdw	H:HIS:213:C	H:HIS:215:NE2
0	vdw	H:ASN:212:CG	H:THR:214:N
0	vdw	H:ASN:212:OD1	H:THR:214:N
0	vdw	H:HIS:111:ND1	H:LYS:190:NZ
0	vdw	H:HIS:111:CE1	H:LYS:190:NZ
0	vdw	H:HIS:111:CE1	H:TYR:191:CE1
0	vdw	H:HIS:111:ND1	H:HIS:213:CB
0	vdw	H:SER:188:CB	H:TYR:191:CD2
0	vdw	H:GLU:172:CB	H:TYR:191:CE2
0	vdw	H:GLU:172:CB	H:TYR:191:CZ
0	vdw	H:GLU:172:OE1	H:TYR:191:CE2
0	vdw	H:ARG:187:O	H:HIS:185:NE2
0	vdw	H:ARG:187:CB	H:HIS:185:CD2
0	vdw	H:ARG:187:CB	H:HIS:185:NE2
0	vdw	J:ARG:407:NH2	J:LYS:421:CA
0	vdw	J:ARG:449:NH1	J:ASN:466:CG
0	vdw	J:ARG:449:NH1	J:ASN:466:OD1
0	vdw	J:ARG:449:NH1	J:MET:464:O
0	vdw	J:GLN:467:N	J:PRO:465:C
0	vdw	J:GLN:467:N	J:PRO:465:O
0	vdw	J:LEU:468:CB	J:PRO:465:CG
0	vdw	H:ASN:339:O	H:SER:343:CB
0	vdw	H:ASN:339:O	H:SER:343:OG
0	vdw	H:GLU:342:C	H:ILE:344:N
0	vdw	H:ILE:344:N	H:MET:341:O
0	vdw	H:GLY:345:N	H:SER:343:C
0	vdw	H:ALA:322:CA	H:ILE:344:CG2
0	vdw	H:ALA:322:CB	H:ILE:344:CG2
0	vdw	H:ILE:344:C	H:SER:346:N
0	vdw	H:LEU:307:CB	H:VAL:303:O
0	vdw	H:LEU:307:CG	H:VAL:303:O
0	vdw	H:ALA:306:CA	H:VAL:303:O
0	vdw	H:ALA:306:C	H:VAL:303:O
0	vdw	H:LEU:307:N	H:VAL:303:O
0	vdw	H:ILE:304:O	H:LEU:307:CB
0	vdw	H:ARG:318:O	H:LEU:307:CD1
0	vdw	H:ARG:318:C	H:LEU:307:CD1
0	vdw	H:ARG:318:CB	H:LEU:307:CD1
0	vdw	H:ILE:304:CG2	H:VAL:202:CG1
0	vdw	H:ILE:231:CD1	H:ILE:304:CG2
0	vdw	H:GLY:226:N	H:VAL:224:C
0	vdw	H:HIS:213:O	H:LEU:225:N
0	vdw	H:ILE:314:CG2	H:LEU:225:CD2
0	vdw	H:HIS:213:CG	H:LEU:225:O
0	vdw	H:HIS:213:ND1	H:LEU:225:O
0	vdw	H:HIS:213:CB	H:LEU:225:O
0	vdw	H:ALA:171:O	H:HIS:111:CD2
0	vdw	H:HIS:111:CD2	H:TYR:191:CE1
0	vdw	H:HIS:111:NE2	H:TYR:191:CD1
0	vdw	H:HIS:111:NE2	H:TYR:191:CE1
0	vdw	H:GLU:172:N	H:HIS:185:O
0	vdw	H:ALA:171:O	H:HIS:111:CA
0	vdw	H:ALA:171:O	H:HIS:111:C
0	vdw	H:GLU:172:O	H:HIS:185:CB
0	vdw	H:GLU:172:OE1	H:HIS:185:ND1
0	vdw	H:ARG:187:O	H:HIS:185:CE1
0	vdw	H:GLN:174:CB	H:HIS:185:CB
0	vdw	H:GLN:174:OE1	H:HIS:185:CB
0	vdw	H:HIS:185:CE1	J:THR:410:CG2
0	vdw	H:HIS:185:NE2	J:THR:410:CG2
0	vdw	H:ASN:339:O	H:GLU:342:CG
0	vdw	H:ASN:339:O	H:SER:343:N
0	vdw	H:MET:341:C	H:SER:343:N
0	vdw	H:MET:341:O	H:SER:343:N
0	vdw	H:GLU:342:N	H:LYS:338:O
0	vdw	H:GLU:342:CB	H:LYS:338:O
0	vdw	H:GLU:342:CG	H:LYS:338:O
0	vdw	H:CYS:310:SG	H:GLU:342:CA
0	vdw	H:CYS:310:SG	H:MET:341:O
0	vdw	H:GLY:345:N	H:MET:341:O
0	vdw	H:ALA:306:C	H:ALA:308:N
0	vdw	H:ALA:306:O	H:ALA:308:N
0	vdw	H:ILE:304:O	H:LEU:307:N
0	vdw	H:ALA:308:N	H:ILE:304:O
0	vdw	H:ALA:306:C	H:PHE:309:N
0	vdw	H:ALA:306:O	H:PHE:309:N
0	vdw	H:ALA:306:O	H:PHE:309:CA
0	vdw	H:ALA:306:O	H:PHE:309:CB
0	vdw	H:ALA:306:O	H:CYS:310:N
0	vdw	H:ALA:306:O	H:CYS:310:SG
0	vdw	H:ALA:308:CB	H:ILE:304:O
0	vdw	H:ILE:231:CD1	H:VAL:202:CG1
0	vdw	H:ILE:231:CD1	H:VAL:202:CG2
0	vdw	H:GLY:229:O	H:VAL:202:CG2
0	vdw	H:ILE:207:CD1	H:ILE:231:CD1
0	vdw	H:ILE:231:CD1	H:LEU:225:CD2
0	vdw	H:GLY:229:O	H:ILE:231:CG1
0	vdw	H:ASN:228:OD1	H:GLY:226:CA
0	vdw	H:ASN:228:OD1	H:VAL:112:CA
0	vdw	H:ASN:228:OD1	H:VAL:112:CB
0	vdw	H:ASN:228:OD1	H:VAL:113:N
0	vdw	H:ASN:228:OD1	H:GLY:226:C
0	vdw	H:GLY:226:CA	H:HIS:111:O
0	vdw	H:ASP:110:C	H:VAL:112:N
0	vdw	H:ASP:110:O	H:VAL:112:N
0	vdw	H:ALA:171:O	H:VAL:112:N
0	vdw	H:ALA:171:O	H:VAL:112:O
0	vdw	H:ALA:171:CB	H:HIS:185:O
0	vdw	H:GLU:172:O	H:LEU:184:CA
0	vdw	H:GLU:172:O	H:LEU:184:C
0	vdw	H:GLU:172:O	H:HIS:185:N
0	vdw	H:GLU:172:O	H:HIS:185:CA
0	vdw	H:LEU:184:CA	H:VAL:135:O
0	vdw	H:GLN:174:N	H:GLU:172:O
0	vdw	H:LEU:184:O	H:SER:140:CB
0	vdw	H:ALA:308:C	H:CYS:310:N
0	vdw	H:ALA:308:C	H:GLU:311:N
0	vdw	H:GLU:311:N	H:PHE:309:C
0	vdw	H:LEU:307:C	H:PHE:309:N
0	vdw	H:LEU:307:O	H:PHE:309:N
0	vdw	H:ALA:308:CA	H:LEU:206:CD1
0	vdw	H:ALA:308:CB	H:LEU:206:CD1
0	vdw	H:GLY:229:O	H:VAL:202:N
0	vdw	H:GLY:229:CA	H:VAL:202:O
0	vdw	H:GLY:229:C	H:VAL:202:O
0	vdw	H:GLY:229:O	H:VAL:202:O
0	vdw	H:SER:204:N	H:VAL:202:O
0	vdw	H:LEU:206:CD1	H:PRO:203:CD
0	vdw	H:ASN:228:O	H:TYR:230:N
0	vdw	H:ASN:228:C	H:TYR:230:N
0	vdw	H:ASN:228:O	H:SER:204:CB
0	vdw	H:GLY:229:N	H:VAL:227:O
0	vdw	H:ASN:228:OD1	H:TYR:230:N
0	vdw	H:GLY:226:O	H:GLY:229:N
0	vdw	H:GLY:226:O	H:GLY:229:CA
0	vdw	H:GLY:226:C	H:GLY:229:N
0	vdw	H:GLY:229:N	H:VAL:227:C
0	vdw	H:ASN:228:CB	H:ILE:128:O
0	vdw	H:ASN:228:ND2	H:ILE:128:O
0	vdw	H:ASN:228:CB	H:TYR:104:CG
0	vdw	H:ASN:228:CB	H:TYR:104:CD2
0	vdw	H:ASN:228:CG	H:VAL:112:CB
0	vdw	H:ASN:228:ND2	H:VAL:113:N
0	vdw	H:ASN:228:C	H:SER:204:CB
0	vdw	H:ASN:228:CG	H:VAL:112:CG1
0	vdw	H:ALA:134:CB	H:LEU:184:CG
0	vdw	H:SER:183:C	H:VAL:135:O
0	vdw	H:LEU:184:N	H:VAL:135:O
0	vdw	H:LEU:184:CB	H:VAL:135:O
0	vdw	H:SER:183:CA	H:VAL:135:O
0	vdw	H:GLY:130:N	H:ILE:128:O
0	vdw	H:GLY:130:N	H:ILE:128:C
0	vdw	H:ILE:128:CD1	H:TYR:104:CE2
0	vdw	H:ALA:134:CA	H:ALA:182:O
0	vdw	H:ALA:134:CB	H:ALA:182:O
0	vdw	H:ALA:134:N	H:GLN:132:O
0	vdw	H:ALA:134:C	H:ALA:182:O
0	vdw	H:ALA:182:O	H:VAL:135:N
0	vdw	H:ALA:182:O	H:VAL:135:CG2
0	vdw	H:PHE:177:CE1	H:VAL:135:CG2
0	vdw	H:PHE:177:CZ	H:VAL:135:CG2
0	vdw	B:HIS:32:C	B:HIS:34:N
0	vdw	B:HIS:32:O	B:HIS:34:N
0	vdw	B:ALA:36:O	B:PRO:33:O
0	vdw	B:ASN:30:OD1	B:PRO:33:CB
0	vdw	H:ARG:103:NH1	H:GLY:130:O
0	vdw	H:GLN:132:N	H:GLY:130:C
0	vdw	H:ARG:103:CD	H:GLY:130:O
0	vdw	B:GLU:58:OE2	H:GLN:132:CB
0	vdw	B:GLU:58:OE2	H:HIS:133:N
0	vdw	B:PRO:33:CD	B:THR:31:C
0	vdw	B:PRO:33:CD	B:THR:31:O
0	vdw	B:ASN:30:C	B:HIS:32:N
0	vdw	B:ASN:30:O	B:PRO:33:CD
0	vdw	B:SER:39:OG	B:THR:31:C
0	vdw	B:HIS:32:N	B:SER:39:CB
0	vdw	B:HIS:32:N	B:SER:39:OG
0	vdw	B:HIS:32:CA	B:SER:39:OG
0	vdw	B:ALA:36:N	B:HIS:32:O
0	vdw	B:ALA:36:O	B:HIS:32:O
0	vdw	B:HIS:32:C	B:SER:39:OG
0	vdw	B:ALA:36:C	B:GLY:38:N
0	vdw	B:ALA:36:O	B:GLY:38:N
0	vdw	B:ASP:37:N	B:VAL:53:O
0	vdw	B:ASP:37:CG	H:ARG:103:NE
0	vdw	B:ASP:37:CG	H:ARG:103:NH2
0	vdw	B:ASP:37:OD1	H:ARG:103:NE
0	vdw	B:ASP:37:OD1	H:ARG:103:NH2
0	vdw	B:ASP:37:OD2	H:ARG:103:NH2
0	vdw	B:ASP:37:CG	B:GLY:55:N
0	vdw	B:ASP:37:OD2	B:LYS:54:CA
0	vdw	B:ASP:37:OD2	B:LYS:54:C
0	vdw	B:ASP:37:OD2	B:GLY:55:N
0	vdw	B:ASP:37:OD2	B:GLY:55:CA
0	vdw	B:ASP:37:CG	B:GLY:55:O
0	vdw	B:ASP:37:OD2	B:GLY:55:O
0	vdw	B:ASP:37:OD1	H:ARG:103:CZ
0	vdw	B:PRO:56:O	H:ARG:103:NE
0	vdw	B:LYS:57:CA	H:LYS:131:O
0	vdw	B:LYS:57:C	H:LYS:131:O
0	vdw	B:GLU:58:N	H:LYS:131:O
0	vdw	B:THR:120:CG2	H:LYS:131:O
0	vdw	B:PRO:56:O	H:LYS:131:O
0	vdw	G:SER:81:C	G:SER:83:N
0	vdw	G:SER:81:C	G:TYR:99:CE2
0	vdw	G:SER:81:O	G:TYR:99:CE2
0	vdw	H:ALA:13:N	H:ASN:11:O
0	vdw	B:HIS:32:CE1	B:ILE:50:CG2
0	vdw	B:HIS:32:ND1	B:SER:39:CB
0	vdw	B:HIS:32:CB	B:LEU:52:CD2
0	vdw	B:HIS:32:CB	B:SER:39:CB
0	vdw	B:LEU:52:CD2	B:SER:39:CB
0	vdw	B:ALA:36:CB	B:VAL:53:C
0	vdw	B:ALA:36:CB	B:VAL:53:O
0	vdw	B:ALA:36:CB	B:LEU:52:CB
0	vdw	B:ALA:36:CB	B:GLY:38:O
0	vdw	B:ASP:123:O	B:VAL:53:C
0	vdw	B:ASP:123:O	B:LYS:54:N
0	vdw	B:ASP:123:O	B:LYS:54:CA
0	vdw	B:GLY:38:O	B:VAL:53:O
0	vdw	B:ASP:37:CB	B:VAL:53:O
0	vdw	B:ASP:37:CA	B:VAL:53:O
0	vdw	B:GLY:38:N	B:VAL:53:O
0	vdw	B:LYS:57:CG	B:VAL:121:O
0	vdw	B:ILE:122:C	B:LYS:54:O
0	vdw	B:ASP:123:N	B:LYS:54:O
0	vdw	B:ASP:123:CA	B:LYS:54:O
0	vdw	B:ASP:123:CB	B:LYS:54:O
0	vdw	B:PRO:56:CA	B:VAL:121:O
0	vdw	B:GLY:55:CA	B:LYS:57:N
0	vdw	B:LYS:57:N	B:VAL:121:O
0	vdw	B:LYS:57:O	B:THR:120:C
0	vdw	B:LYS:57:O	B:VAL:121:N
0	vdw	B:LYS:57:O	B:VAL:121:CA
0	vdw	B:LYS:57:O	B:THR:120:CA
0	vdw	B:LEU:71:O	B:VAL:121:CA
0	vdw	B:LEU:71:O	B:VAL:121:C
0	vdw	B:LYS:57:O	B:THR:120:CB
0	vdw	B:LEU:71:CD1	B:THR:120:O
0	vdw	B:ALA:70:CA	B:THR:120:O
0	vdw	B:LEU:71:N	B:THR:120:O
0	vdw	B:ARG:119:CA	B:MET:65:CG
0	vdw	B:ARG:119:CB	B:MET:65:SD
0	vdw	B:ARG:119:NH1	B:THR:67:CG2
0	vdw	G:PHE:80:N	G:SER:83:O
0	vdw	G:PHE:80:CA	G:SER:83:O
0	vdw	G:PHE:80:C	G:SER:83:O
0	vdw	G:PHE:80:CB	G:SER:83:O
0	vdw	G:PHE:80:C	G:TYR:99:OH
0	vdw	G:PHE:80:O	G:TYR:99:CE2
0	vdw	G:PHE:80:O	G:TYR:99:CZ
0	vdw	G:PHE:80:O	G:TYR:99:OH
0	vdw	G:ASP:82:N	G:PHE:80:C
0	vdw	G:ASP:82:C	G:TYR:99:CD2
0	vdw	G:ASP:82:C	G:TYR:99:CE2
0	vdw	G:SER:83:N	G:TYR:99:CE2
0	vdw	G:SER:83:CA	G:TYR:99:CD2
0	vdw	G:SER:83:CA	G:TYR:99:CE2
0	vdw	G:SER:83:O	G:TYR:99:CE2
0	vdw	G:LEU:97:O	G:SER:83:CA
0	vdw	G:ASP:82:O	G:TYR:99:CD2
0	vdw	G:ASP:82:O	G:TYR:99:CE2
0	vdw	G:MET:100:N	G:SER:98:OG
0	vdw	H:ALA:13:N	H:ASN:11:C
0	vdw	B:TYR:41:OH	H:PHE:14:CD2
0	vdw	B:TYR:41:CZ	H:PHE:14:CB
0	vdw	B:TYR:41:CZ	H:PHE:14:CG
0	vdw	B:TYR:41:CE1	H:PHE:14:CD2
0	vdw	B:TYR:41:CZ	H:PHE:14:CD2
0	vdw	B:TYR:41:CE2	H:PHE:14:CB
0	vdw	B:TYR:41:CE2	H:PHE:14:CG
0	vdw	B:TYR:41:CD1	H:PHE:14:CE1
0	vdw	B:ILE:50:CG1	B:TYR:41:CD1
0	vdw	B:TYR:41:CD2	H:PHE:14:CD1
0	vdw	B:TYR:41:CE2	H:PHE:14:CD1
0	vdw	B:ILE:49:O	B:TYR:41:CD1
0	vdw	B:GLU:125:O	B:THR:51:CA
0	vdw	B:GLU:125:O	B:THR:51:C
0	vdw	B:SER:40:O	B:THR:51:N
0	vdw	B:GLU:125:N	B:LEU:52:O
0	vdw	B:ASP:123:O	B:LEU:52:O
0	vdw	B:ILE:124:CA	B:LEU:52:O
0	vdw	B:ASP:123:O	B:VAL:53:CA
0	vdw	B:GLU:125:O	B:LEU:52:N
0	vdw	B:GLU:125:O	B:LEU:52:CA
0	vdw	B:GLU:125:O	B:LEU:52:O
0	vdw	B:ILE:124:C	B:LEU:52:O
0	vdw	B:GLY:38:O	B:LEU:52:CA
0	vdw	B:GLY:38:O	B:LEU:52:C
0	vdw	B:GLY:38:O	B:VAL:53:N
0	vdw	B:GLY:38:O	B:VAL:53:CA
0	vdw	B:ASN:73:O	B:ILE:124:N
0	vdw	B:ASN:73:O	B:ILE:124:CA
0	vdw	B:ASP:123:O	B:LYS:54:O
0	vdw	B:ILE:122:O	B:LEU:71:O
0	vdw	B:ASN:73:N	B:ILE:122:O
0	vdw	B:ILE:122:O	B:LEU:72:CA
0	vdw	B:ILE:122:N	B:LEU:71:O
0	vdw	B:LEU:71:CB	B:VAL:121:CG2
0	vdw	B:ILE:122:CA	B:LEU:71:O
0	vdw	B:ASP:66:N	B:LEU:71:CD1
0	vdw	G:LEU:97:O	G:SER:83:C
0	vdw	G:LEU:97:C	G:SER:83:CB
0	vdw	G:LEU:97:O	G:SER:83:CB
0	vdw	G:SER:83:CB	G:SER:98:CA
0	vdw	G:LEU:97:C	G:TYR:84:N
0	vdw	G:LEU:97:O	G:TYR:84:N
0	vdw	G:LEU:97:O	G:TYR:84:CA
0	vdw	G:TYR:84:O	G:VAL:95:O
0	vdw	G:LEU:97:N	G:TYR:84:O
0	vdw	G:SER:83:C	G:TYR:99:CE2
0	vdw	G:LEU:97:O	G:TYR:84:CB
0	vdw	G:LEU:97:O	G:TYR:84:CD2
0	vdw	B:LYS:48:CD	E:PHE:40:O
0	vdw	E:PHE:40:O	E:PRO:42:CD
0	vdw	B:LYS:48:CE	E:PHE:40:O
0	vdw	B:LYS:48:CD	B:TYR:41:OH
0	vdw	B:LYS:48:CB	B:TYR:41:OH
0	vdw	B:LYS:48:CG	B:TYR:41:OH
0	vdw	B:GLU:43:CD	B:LYS:48:NZ
0	vdw	B:GLU:43:OE2	B:LYS:48:NZ
0	vdw	B:ILE:49:N	B:MET:42:O
0	vdw	B:ILE:50:CA	B:SER:40:O
0	vdw	B:ILE:126:CA	B:ILE:50:O
0	vdw	B:ILE:50:C	B:SER:40:O
0	vdw	B:ILE:124:CG2	B:THR:51:CG2
0	vdw	B:ILE:126:CG1	B:THR:51:CG2
0	vdw	B:ASN:73:O	B:ILE:124:CB
0	vdw	B:ILE:124:O	B:VAL:74:CA
0	vdw	B:ILE:124:O	B:VAL:74:C
0	vdw	B:LEU:72:O	B:VAL:105:CG1
0	vdw	B:LEU:72:O	B:VAL:105:CG2
0	vdw	G:ILE:77:CG1	G:LYS:85:C
0	vdw	G:ILE:77:CG1	G:LYS:85:O
0	vdw	G:ILE:76:CA	G:LYS:85:O
0	vdw	G:ILE:76:C	G:LYS:85:O
0	vdw	G:ILE:77:N	G:LYS:85:O
0	vdw	G:ILE:77:CA	G:LYS:85:O
0	vdw	G:GLY:78:N	G:LYS:85:O
0	vdw	G:GLY:78:O	G:LYS:85:N
0	vdw	G:GLY:78:O	G:LYS:85:CA
0	vdw	G:GLY:78:O	G:LYS:85:O
0	vdw	G:GLY:78:O	G:LYS:85:CB
0	vdw	G:VAL:86:N	G:VAL:95:O
0	vdw	G:VAL:86:CG1	G:VAL:95:O
0	vdw	G:ILE:134:CD1	G:VAL:86:CG1
0	vdw	G:ILE:134:CG1	G:LEU:97:CB
0	vdw	G:ILE:134:N	G:SER:96:O
0	vdw	G:ILE:134:CG1	G:LEU:97:CD1
0	vdw	G:LEU:97:CB	G:TYR:84:CB
0	vdw	G:ARG:122:O	G:ILE:134:CA
0	vdw	G:ARG:122:O	G:ILE:134:C
0	vdw	G:ARG:122:O	G:GLU:135:N
0	vdw	G:ILE:134:C	G:LEU:97:CD1
0	vdw	G:ILE:134:O	G:LEU:97:CD1
0	vdw	G:GLU:135:OE2	G:SER:139:CB
0	vdw	G:GLU:135:CG	G:PHE:137:O
0	vdw	G:GLU:135:CD	G:PHE:137:O
0	vdw	G:GLU:135:OE2	G:PHE:137:O
0	vdw	G:ARG:122:NE	G:GLU:135:OE2
0	vdw	G:ARG:122:CZ	G:GLU:135:OE2
0	vdw	G:ARG:122:NH2	G:GLU:135:OE2
0	vdw	G:GLU:135:OE1	G:PHE:137:CE2
0	vdw	G:ARG:122:NH2	G:SER:139:CB
0	vdw	G:ARG:122:NE	G:SER:139:OG
0	vdw	G:ARG:122:CZ	G:SER:139:OG
0	vdw	G:ARG:122:NH2	G:SER:139:OG
0	vdw	B:GLU:130:OE1	E:PRO:42:CG
0	vdw	B:LYS:48:CE	E:PRO:42:CD
0	vdw	B:GLU:130:OE1	E:PRO:42:CD
0	vdw	B:GLU:130:OE2	E:PRO:42:CG
0	vdw	B:ASN:46:O	B:LYS:48:CG
0	vdw	B:ASN:46:O	B:GLU:130:OE1
0	vdw	B:GLU:130:OE1	B:LYS:48:CE
0	vdw	B:ASN:46:O	B:LYS:48:N
0	vdw	B:ASN:46:O	B:GLU:130:CB
0	vdw	B:ASN:46:O	B:GLU:130:CG
0	vdw	B:ASN:46:O	B:GLU:130:CD
0	vdw	B:GLU:130:O	B:LYS:48:N
0	vdw	B:LYS:48:CA	B:MET:42:O
0	vdw	B:ILE:126:CG2	B:ILE:49:CG2
0	vdw	B:ILE:49:CG2	B:THR:51:OG1
0	vdw	B:ILE:126:CG2	B:LEU:139:CD2
0	vdw	B:LEU:139:CD2	B:VAL:128:CG2
0	vdw	B:ILE:49:CD1	B:LEU:139:CD2
0	vdw	B:ILE:126:CD1	B:ILE:143:CD1
0	vdw	B:ILE:126:CD1	B:ILE:143:CG1
0	vdw	B:GLN:101:CB	B:VAL:74:O
0	vdw	B:VAL:105:CG2	B:VAL:74:CB
0	vdw	A:GLU:6:OE1	G:ILE:77:CG2
0	vdw	A:GLU:6:CD	G:ILE:77:CG2
0	vdw	G:ILE:77:CG2	G:SER:87:CB
0	vdw	G:ILE:77:CG2	G:VAL:75:O
0	vdw	G:ILE:77:CD1	G:SER:87:CB
0	vdw	G:SER:87:N	G:VAL:75:O
0	vdw	G:VAL:75:O	G:VAL:86:CA
0	vdw	G:VAL:75:O	G:VAL:86:C
0	vdw	G:ARG:122:O	G:ILE:134:CB
0	vdw	G:ILE:134:CG2	G:VAL:123:CG2
0	vdw	G:ARG:122:C	G:ASP:70:O
0	vdw	G:ASP:70:O	G:VAL:123:N
0	vdw	G:ARG:122:O	G:GLU:135:O
0	vdw	G:ARG:122:CZ	G:ASN:69:OD1
0	vdw	G:ARG:122:NH1	G:ASN:69:OD1
0	vdw	G:ARG:122:NH1	G:ASN:69:CA
0	vdw	G:ARG:122:NE	G:ASP:138:OD1
0	vdw	G:ARG:122:NE	G:SER:139:N
0	vdw	B:GLU:130:C	B:VAL:128:CG1
0	vdw	B:ASN:47:OD1	B:GLN:131:CA
0	vdw	B:ASN:47:CA	B:GLU:130:O
0	vdw	B:ASN:47:C	B:GLU:130:O
0	vdw	B:GLN:131:CB	B:ILE:135:CD1
0	vdw	B:GLN:131:OE1	B:ILE:135:CG1
0	vdw	B:ILE:135:CD1	B:ILE:49:CD1
0	vdw	B:ILE:100:CG2	B:MET:136:SD
0	vdw	B:ILE:100:CG2	B:LEU:139:CD1
0	vdw	B:ILE:100:CG2	B:LEU:104:CD1
0	vdw	B:ILE:100:C	B:THR:102:N
0	vdw	B:GLN:101:N	B:GLU:99:C
0	vdw	B:GLN:101:N	B:GLU:99:O
0	vdw	B:GLN:101:C	B:SER:103:N
0	vdw	B:LEU:98:O	B:THR:102:N
0	vdw	B:LEU:98:O	B:THR:102:CB
0	vdw	B:LEU:98:O	B:THR:102:OG1
0	vdw	B:GLN:101:O	B:SER:103:N
0	vdw	B:GLN:101:O	B:LEU:104:N
0	vdw	B:ILE:100:O	B:THR:102:N
0	vdw	B:GLN:101:O	B:VAL:105:N
0	vdw	B:GLN:101:O	B:VAL:105:CG2
0	vdw	A:ASP:4:O	A:GLU:6:N
0	vdw	A:GLU:6:CG	G:ASN:90:OD1
0	vdw	G:GLN:89:O	G:SER:87:OG
0	vdw	G:GLN:89:C	G:SER:87:OG
0	vdw	G:GLN:89:N	G:SER:87:C
0	vdw	G:GLN:89:N	G:SER:87:O
0	vdw	G:SER:87:O	G:VAL:75:N
0	vdw	G:ASN:191:ND2	G:LEU:88:CB
0	vdw	G:LEU:88:CD1	G:VAL:72:CG2
0	vdw	G:LEU:88:CD2	G:VAL:72:CG2
0	vdw	G:ASN:191:ND2	G:VAL:72:CB
0	vdw	G:GLY:74:CA	G:LEU:88:CD2
0	vdw	G:VAL:123:CG2	G:VAL:72:CG2
0	vdw	G:ASP:70:O	G:VAL:123:CG2
0	vdw	G:ALA:121:O	G:VAL:72:CG2
0	vdw	G:ASP:70:CA	G:LEU:190:CD1
0	vdw	G:ASP:70:O	G:VAL:72:N
0	vdw	G:ARG:122:CA	G:ASP:70:O
0	vdw	B:ASN:47:OD1	B:GLN:131:C
0	vdw	B:ASN:47:CG	B:ASP:132:N
0	vdw	B:ASN:47:OD1	B:ASP:132:N
0	vdw	B:ASN:47:OD1	B:ASP:132:CA
0	vdw	B:ARG:96:O	B:ILE:100:CG1
0	vdw	B:ARG:96:O	B:ILE:100:CD1
0	vdw	B:ARG:96:O	B:ILE:100:N
0	vdw	B:GLU:99:O	B:SER:103:CB
0	vdw	B:GLU:99:O	B:SER:103:OG
0	vdw	B:GLU:99:O	B:THR:102:N
0	vdw	B:GLU:99:O	B:SER:103:N
0	vdw	B:GLU:99:O	B:SER:103:CA
0	vdw	A:GLU:99:O	A:LEU:103:N
0	vdw	A:GLU:99:O	A:LEU:103:CB
0	vdw	A:GLU:101:N	A:GLU:99:C
0	vdw	A:GLU:101:N	A:GLU:99:O
0	vdw	A:GLN:90:OE1	A:ILE:5:CD1
0	vdw	A:GLU:6:N	G:ASN:90:OD1
0	vdw	A:GLU:6:CA	G:ASN:90:OD1
0	vdw	A:GLU:6:CB	G:ASN:90:OD1
0	vdw	G:LEU:88:O	G:LYS:193:NZ
0	vdw	G:ASN:191:ND2	G:LEU:88:O
0	vdw	G:ASN:191:N	G:GLY:189:C
0	vdw	G:ASN:191:CG	G:LYS:193:CG
0	vdw	G:ASN:191:N	G:GLY:189:O
0	vdw	G:LEU:190:CB	G:PHE:71:O
0	vdw	G:ASP:70:CB	G:LEU:190:CD1
0	vdw	G:LEU:190:CG	G:PHE:71:O
0	vdw	G:LEU:190:CD1	G:PHE:71:N
0	vdw	B:ASP:132:CG	B:SER:176:OG
0	vdw	B:ASP:132:OD1	B:SER:176:OG
0	vdw	B:ASP:132:OD1	B:SER:176:CB
0	vdw	A:ARG:106:CG	B:GLU:99:CD
0	vdw	A:ARG:106:CG	B:GLU:99:OE1
0	vdw	A:ARG:106:CD	B:GLU:99:OE1
0	vdw	A:ARG:106:N	A:VAL:102:O
0	vdw	A:CYS:104:N	A:VAL:102:C
0	vdw	A:SER:105:N	A:VAL:102:O
0	vdw	A:CYS:143:SG	A:PHE:91:CZ
0	vdw	A:CYS:143:SG	A:GLN:90:NE2
0	vdw	G:ASN:191:C	G:LYS:193:N
0	vdw	G:GLY:192:N	G:LEU:190:C
0	vdw	G:LEU:190:CA	G:PHE:71:O
0	vdw	B:ASN:180:CB	B:SER:176:O
0	vdw	B:ASN:180:CG	B:SER:176:O
0	vdw	B:ASN:180:ND2	B:SER:176:O
0	vdw	A:ARG:114:CG	B:GLU:202:OE2
0	vdw	A:ARG:106:O	A:LYS:110:CG
0	vdw	A:ARG:106:CD	A:LYS:110:CG
0	vdw	A:ARG:106:O	A:GLU:109:N
0	vdw	A:ARG:106:O	A:GLU:109:CA
0	vdw	A:ARG:106:O	A:GLU:109:C
0	vdw	A:ARG:106:O	A:LYS:110:N
0	vdw	A:ARG:106:O	A:LYS:110:CD
0	vdw	A:ARG:106:CG	A:LYS:110:CD
0	vdw	A:ARG:106:CD	A:LYS:110:CD
0	vdw	A:ARG:106:O	A:ILE:108:N
0	vdw	A:ARG:106:O	A:LYS:110:CB
0	vdw	A:ARG:106:CB	A:VAL:102:O
0	vdw	A:ARG:106:CG	B:GLU:99:OE2
0	vdw	A:ARG:106:N	A:LEU:103:O
0	vdw	A:ILE:107:N	A:LEU:103:O
0	vdw	A:ILE:107:N	A:SER:105:C
0	vdw	A:LEU:103:O	A:SER:105:N
0	vdw	A:ARG:106:N	A:CYS:104:C
0	vdw	A:ARG:106:C	A:ILE:108:N
0	vdw	A:ILE:107:CB	A:LEU:103:O
0	vdw	A:ILE:107:CG1	A:LEU:103:O
0	vdw	A:LEU:103:C	A:SER:105:N
0	vdw	A:CYS:104:CB	A:PHE:147:CD2
0	vdw	A:CYS:104:CB	A:PHE:147:CE2
0	vdw	A:ASP:100:O	A:CYS:104:N
0	vdw	A:ASP:100:O	A:CYS:104:CB
0	vdw	A:CYS:143:C	A:GLY:145:N
0	vdw	A:CYS:143:C	D:HIS:12:CE1
0	vdw	A:CYS:143:O	D:HIS:12:CG
0	vdw	A:CYS:143:O	D:HIS:12:CD2
0	vdw	A:CYS:143:O	D:HIS:12:ND1
0	vdw	A:CYS:143:O	A:LEU:225:CD2
0	vdw	A:CYS:143:O	D:HIS:12:NE2
0	vdw	A:LEU:225:CD2	D:HIS:12:CD2
0	vdw	A:CYS:143:O	D:HIS:12:CE1
0	vdw	G:ASN:159:C	G:ASN:161:N
0	vdw	G:ASN:159:O	G:ASN:161:N
0	vdw	G:ALA:163:N	G:ASN:159:O
0	vdw	G:ASN:159:O	G:PHE:162:N
0	vdw	G:ARG:164:CG	G:LEU:160:O
0	vdw	G:ALA:163:N	G:LEU:160:O
0	vdw	G:ARG:164:N	G:LEU:160:O
0	vdw	G:LEU:160:C	G:PHE:162:N
0	vdw	G:LEU:160:O	G:PHE:162:N
0	vdw	A:ARG:114:NH1	B:ASP:203:OD2
0	vdw	A:ARG:114:NH1	B:ASP:203:CG
0	vdw	A:ARG:114:NH1	B:ASP:203:OD1
0	vdw	A:ARG:114:NE	B:ASP:203:OD1
0	vdw	A:ARG:114:CZ	B:ASP:203:OD1
0	vdw	A:ARG:114:CG	B:GLU:202:CD
0	vdw	A:ARG:114:CG	B:GLU:202:CG
0	vdw	A:ARG:114:CB	B:GLU:202:CG
0	vdw	A:ILE:108:C	A:LYS:110:N
0	vdw	A:GLU:109:O	A:VAL:112:N
0	vdw	A:GLU:109:C	A:SER:111:N
0	vdw	A:GLU:109:O	A:SER:111:N
0	vdw	A:GLU:109:N	A:ILE:107:C
0	vdw	A:GLU:109:N	A:ILE:107:O
0	vdw	A:ILE:107:O	A:LYS:110:N
0	vdw	A:ARG:106:C	A:GLU:109:N
0	vdw	A:CYS:104:O	A:ILE:108:N
0	vdw	A:CYS:104:O	A:ILE:108:CG1
0	vdw	A:ILE:108:C	A:SER:111:N
0	vdw	A:CYS:104:O	A:ILE:108:CG2
0	vdw	A:CYS:104:O	A:ILE:108:CD1
0	vdw	A:CYS:104:SG	A:ILE:148:CA
0	vdw	A:CYS:104:SG	A:PHE:147:CG
0	vdw	A:CYS:104:SG	A:PHE:147:CD2
0	vdw	A:CYS:104:SG	A:PHE:147:CE2
0	vdw	A:PHE:147:O	A:SER:151:OG
0	vdw	A:PHE:147:CD1	A:SER:151:OG
0	vdw	A:PHE:147:CE1	A:SER:151:OG
0	vdw	A:PHE:140:CD2	A:PHE:147:CD1
0	vdw	A:PHE:140:CE2	A:PHE:147:CD1
0	vdw	A:PHE:140:CZ	A:PHE:147:CD1
0	vdw	A:PHE:140:CD2	A:PHE:147:CE1
0	vdw	A:PHE:140:CE2	A:PHE:147:CE1
0	vdw	A:PHE:147:O	A:SER:151:N
0	vdw	A:PHE:147:O	A:SER:151:CB
0	vdw	A:ASP:149:N	A:PHE:147:O
0	vdw	A:ALA:150:N	A:PHE:147:O
0	vdw	A:CYS:143:CA	A:PHE:140:CE1
0	vdw	A:PHE:140:CD2	A:VAL:56:CG1
0	vdw	A:PHE:140:CE2	A:VAL:56:CG1
0	vdw	A:CYS:143:CB	A:PHE:140:CE1
0	vdw	A:CYS:143:SG	A:PHE:140:CE1
0	vdw	A:ASP:142:O	A:LYS:55:N
0	vdw	A:ASP:142:O	A:LYS:55:O
0	vdw	A:ASP:142:OD1	D:HIS:12:ND1
0	vdw	A:ASP:142:OD2	D:ASP:11:N
0	vdw	A:ASP:142:OD2	D:ASP:11:CA
0	vdw	A:ASP:142:OD2	D:ASP:11:CB
0	vdw	D:ASP:11:O	G:LYS:62:CE
0	vdw	G:ASN:159:OD1	G:ASN:161:CA
0	vdw	G:ASN:159:OD1	G:ASN:161:C
0	vdw	G:ASN:159:OD1	G:ASN:161:CB
0	vdw	G:ASN:159:OD1	G:PHE:162:CB
0	vdw	G:ASN:159:OD1	G:PHE:162:N
0	vdw	G:ASN:159:OD1	G:ASN:161:N
0	vdw	G:ASN:161:O	G:GLN:165:CB
0	vdw	G:ARG:164:CG	G:ASN:161:O
0	vdw	G:ALA:163:N	G:ASN:161:C
0	vdw	G:ALA:163:N	G:ASN:161:O
0	vdw	A:ARG:113:C	A:SER:115:N
0	vdw	A:ARG:113:O	A:SER:115:N
0	vdw	A:ARG:113:O	A:GLY:116:N
0	vdw	A:ARG:113:N	A:GLU:109:O
0	vdw	A:ARG:113:CA	A:GLU:109:O
0	vdw	A:ILE:108:O	A:VAL:112:N
0	vdw	A:ILE:108:O	A:VAL:112:CB
0	vdw	A:ILE:108:O	A:VAL:112:CG2
0	vdw	A:LYS:110:C	A:VAL:112:N
0	vdw	A:SER:151:O	A:VAL:155:N
0	vdw	A:SER:151:O	A:VAL:155:CB
0	vdw	A:ILE:153:N	A:SER:151:C
0	vdw	A:ALA:150:O	A:ALA:154:N
0	vdw	A:ALA:150:O	A:ALA:154:CB
0	vdw	A:ASP:149:C	A:SER:151:N
0	vdw	A:ASP:149:O	A:SER:151:N
0	vdw	A:ALA:150:C	A:CYS:152:N
0	vdw	A:ALA:150:O	A:CYS:152:N
0	vdw	A:VAL:49:O	A:VAL:56:CG2
0	vdw	A:VAL:49:CB	A:VAL:56:CG2
0	vdw	A:ALA:150:CB	A:VAL:56:CG1
0	vdw	A:ASN:53:O	A:LYS:55:N
0	vdw	A:ASN:53:O	A:LYS:55:CG
0	vdw	A:ASN:53:C	A:LYS:55:NZ
0	vdw	A:ASN:53:O	A:LYS:55:NZ
0	vdw	A:LYS:55:NZ	D:ASP:11:OD2
0	vdw	A:LYS:50:CE	A:LYS:55:CE
0	vdw	D:LEU:221:N	D:PRO:219:C
0	vdw	D:LEU:221:N	D:PRO:219:O
0	vdw	A:ALA:117:N	A:VAL:112:O
0	vdw	A:GLY:116:C	A:LEU:118:N
0	vdw	A:ALA:117:CB	A:VAL:112:O
0	vdw	A:GLY:116:C	A:HIS:191:NE2
0	vdw	A:ALA:117:N	A:SER:115:C
0	vdw	A:ALA:117:N	A:SER:115:O
0	vdw	A:ALA:117:CA	A:HIS:191:CE1
0	vdw	A:SER:115:OG	A:VAL:112:O
0	vdw	A:ALA:117:N	A:SER:115:OG
0	vdw	A:ALA:117:CB	A:HIS:191:CE1
0	vdw	A:ALA:117:CB	A:SER:115:OG
0	vdw	A:MET:156:SD	A:PRO:193:CD
0	vdw	A:ILE:153:C	A:VAL:155:N
0	vdw	A:ILE:153:O	A:VAL:155:N
0	vdw	A:ILE:153:O	A:MET:156:N
0	vdw	A:ALA:154:C	A:MET:156:N
0	vdw	A:ALA:157:N	A:ILE:153:O
0	vdw	A:ALA:157:CA	A:ILE:153:O
0	vdw	A:ALA:157:CB	A:ILE:153:O
0	vdw	A:ALA:154:O	A:GLY:158:N
0	vdw	A:ALA:157:N	A:VAL:155:C
0	vdw	A:CYS:152:O	A:MET:156:N
0	vdw	A:ALA:154:CA	A:VAL:49:CG2
0	vdw	A:ALA:154:CB	A:VAL:49:CG2
0	vdw	A:ALA:154:N	A:CYS:152:C
0	vdw	A:GLU:37:O	A:VAL:49:CA
0	vdw	A:VAL:49:O	A:VAL:56:N
0	vdw	D:PRO:219:O	G:ASN:218:OD1
0	vdw	A:ALA:117:O	A:ILE:189:CA
0	vdw	A:ALA:117:O	A:ILE:189:C
0	vdw	A:ALA:117:O	A:LEU:190:N
0	vdw	A:GLY:158:N	A:MET:156:O
0	vdw	A:MET:156:O	A:MET:160:CG
0	vdw	A:GLY:158:N	A:MET:156:C
0	vdw	A:ILE:38:CG2	A:VAL:47:CG2
0	vdw	A:ILE:38:C	A:SER:48:O
0	vdw	A:SER:48:O	A:THR:39:N
0	vdw	A:ILE:38:CA	A:SER:48:O
0	vdw	A:HIS:191:N	A:ILE:189:C
0	vdw	A:LEU:283:CD1	A:MET:160:CB
0	vdw	A:ILE:279:CG2	A:LEU:283:CD1
0	vdw	A:LEU:282:O	A:PHE:40:CE1
0	vdw	A:ILE:38:O	A:LEU:282:CD2
0	vdw	A:LEU:283:CD2	A:PHE:40:CZ
0	vdw	A:ILE:279:O	A:LEU:283:CA
0	vdw	A:ILE:279:O	A:LEU:283:CG
0	vdw	A:ASP:286:CB	A:LEU:282:O
0	vdw	A:ASP:286:N	A:LEU:282:O
0	vdw	A:LEU:283:O	A:SER:287:CA
0	vdw	A:LEU:283:O	A:SER:287:CB
0	vdw	A:LEU:283:O	A:SER:287:OG
0	vdw	A:LEU:283:O	A:SER:287:N
0	vdw	A:LYS:284:CA	A:SER:287:OG
0	vdw	A:LYS:284:C	A:SER:287:OG
0	vdw	A:LYS:284:O	A:SER:287:OG
0	vdw	A:GLU:285:C	A:SER:287:N
0	vdw	A:GLU:285:C	A:GLU:288:CG
0	vdw	A:GLU:285:O	A:GLU:288:CG
0	vdw	A:GLU:285:O	A:LYS:289:N
0	vdw	A:ASP:286:C	A:GLU:288:N
0	vdw	A:ASP:286:C	A:LYS:289:N
0	vdw	A:ASP:286:N	A:LYS:284:C
0	vdw	A:ASP:286:N	A:LYS:284:O
0	vdw	A:LYS:284:O	A:SER:287:N
0	vdw	A:GLU:285:O	A:LYS:289:CA
0	vdw	A:GLU:285:O	A:LYS:289:CB
0	vdw	A:ASP:286:CA	A:LYS:289:CB
0	vdw	A:ASP:286:C	A:LYS:289:CB
0	vdw	A:LYS:289:N	A:SER:287:C
0	vdw	A:GLU:288:O	A:LYS:292:CD
0	vdw	A:GLU:288:N	A:LYS:284:O
0	vdw	A:GLU:288:CB	A:LYS:284:O
0	vdw	A:GLU:288:CG	A:LYS:284:O
0	vdw	A:GLU:285:CA	A:GLU:288:CG
0	vdw	H:ASN:249:CG	H:THR:245:O
0	vdw	H:ASN:249:OD1	H:THR:245:O
0	vdw	H:ALA:248:N	H:THR:245:O
0	vdw	H:ASN:249:N	H:THR:245:O
0	vdw	H:SER:247:N	H:THR:245:O
0	vdw	H:ASN:249:N	H:SER:247:C
0	vdw	H:ASP:244:C	H:SER:247:OG
0	vdw	H:ASP:244:O	H:SER:247:OG
0	vdw	H:SER:247:CB	J:GLU:173:CG
0	vdw	J:ASN:175:O	J:ASP:172:O
0	vdw	J:GLN:447:O	J:LEU:451:N
0	vdw	J:GLN:447:O	J:LEU:451:CA
0	vdw	J:GLN:447:O	J:LEU:451:CB
0	vdw	J:ASP:450:CB	J:GLN:447:O
0	vdw	J:ASP:450:N	J:GLN:447:O
0	vdw	J:LEU:451:N	J:TRP:448:O
0	vdw	J:LEU:451:CA	J:TRP:448:O
0	vdw	J:LEU:451:CB	J:TRP:448:O
0	vdw	J:ILE:452:CG1	J:TRP:448:O
0	vdw	J:ASP:450:N	J:TRP:448:O
0	vdw	J:LEU:451:N	J:TRP:448:C
0	vdw	J:ARG:449:C	J:LEU:451:N
0	vdw	J:ILE:452:N	J:TRP:448:O
0	vdw	J:ASN:497:ND2	J:HIS:493:O
0	vdw	J:ARG:495:C	J:ASN:497:N
0	vdw	J:ASN:174:N	J:ASP:172:C
0	vdw	J:ASN:175:O	J:ASP:172:C
0	vdw	J:ASN:175:N	J:GLU:173:C
0	vdw	J:ASN:174:O	J:LEU:409:CG
0	vdw	J:ASN:174:CA	J:LEU:409:CB
0	vdw	J:ASN:174:C	J:LEU:409:N
0	vdw	J:ASN:174:O	J:LEU:409:N
0	vdw	J:ASN:174:O	J:LEU:409:CB
0	vdw	J:ASN:174:O	J:PRO:176:CD
0	vdw	J:ASN:174:O	J:PRO:408:C
0	vdw	J:ASN:174:O	J:LEU:409:CA
0	vdw	J:ASN:174:O	J:PRO:408:CA
0	vdw	J:ASP:450:CG	J:TYR:247:OH
0	vdw	J:ASP:450:OD2	J:TYR:247:OH
0	vdw	J:ASP:450:N	J:TRP:448:C
0	vdw	J:ALA:453:N	J:ARG:449:O
0	vdw	J:ALA:453:CB	J:ARG:449:O
0	vdw	J:ASP:450:C	J:ILE:452:N
0	vdw	J:HIS:493:CB	J:VAL:463:CG1
0	vdw	J:ARG:495:N	J:HIS:493:C
0	vdw	J:ARG:495:N	J:HIS:493:O
0	vdw	J:GLU:492:C	J:VAL:494:N
0	vdw	J:GLU:492:O	J:VAL:494:N
0	vdw	J:HIS:493:CB	J:VAL:463:O
0	vdw	J:ARG:495:N	J:GLU:492:O
0	vdw	J:ARG:495:CB	J:GLU:492:O
0	vdw	H:GLN:317:NE2	H:SER:321:OG
0	vdw	H:GLN:317:O	H:SER:321:CB
0	vdw	H:GLN:317:O	H:SER:321:OG
0	vdw	H:GLN:317:C	H:ILE:319:N
0	vdw	H:GLN:317:O	H:ILE:319:N
0	vdw	H:GLN:317:N	H:THR:315:C
0	vdw	H:GLN:317:N	H:THR:315:O
0	vdw	H:GLN:317:N	H:THR:315:OG1
0	vdw	H:GLN:316:CB	H:HIS:215:ND1
0	vdw	H:GLN:316:CB	H:HIS:215:CE1
0	vdw	H:GLN:316:CG	H:HIS:215:ND1
0	vdw	H:GLN:316:CD	H:HIS:215:ND1
0	vdw	H:GLN:316:CD	H:HIS:215:CE1
0	vdw	H:GLN:316:OE1	H:HIS:215:ND1
0	vdw	H:ASN:212:O	H:HIS:215:CE1
0	vdw	J:ASN:174:ND2	J:THR:410:CB
0	vdw	J:ASN:174:ND2	J:THR:410:OG1
0	vdw	J:ASN:174:CB	J:THR:410:N
0	vdw	J:PRO:408:C	J:THR:410:N
0	vdw	J:PRO:408:O	J:THR:410:N
0	vdw	J:ASN:174:CB	J:THR:410:CB
0	vdw	J:ASN:174:CB	J:THR:410:OG1
0	vdw	J:LEU:409:O	J:PRO:411:CD
0	vdw	J:ARG:407:CD	J:ILE:419:O
0	vdw	J:ARG:407:NH1	J:ILE:419:O
0	vdw	J:ARG:407:CD	J:GLU:420:CA
0	vdw	J:ARG:407:NE	J:GLU:420:CA
0	vdw	J:ARG:407:NE	J:GLU:420:C
0	vdw	J:ARG:407:NE	J:GLU:420:O
0	vdw	J:ARG:407:CZ	J:GLU:420:C
0	vdw	J:ARG:407:CZ	J:GLU:420:O
0	vdw	J:ARG:407:NH2	J:GLU:420:C
0	vdw	J:ARG:407:NH2	J:GLU:420:O
0	vdw	J:ARG:407:CD	J:SER:417:OG
0	vdw	J:ARG:407:NH1	J:SER:404:O
0	vdw	J:ILE:419:CB	J:SER:404:OG
0	vdw	J:ILE:419:O	J:SER:417:OG
0	vdw	J:ILE:419:CD1	J:TYR:446:OH
0	vdw	J:ARG:449:CG	J:PRO:460:O
0	vdw	J:MET:464:N	J:PRO:460:O
0	vdw	J:MET:464:C	J:PRO:460:O
0	vdw	J:MET:464:O	J:PRO:460:O
0	vdw	J:PHE:462:N	J:PRO:460:C
0	vdw	J:MET:464:N	J:PHE:462:C
0	vdw	J:HIS:493:CB	J:VAL:463:CA
0	vdw	J:HIS:493:CG	J:VAL:463:CA
0	vdw	J:THR:491:CG2	J:VAL:463:O
0	vdw	J:PHE:462:O	J:THR:491:OG1
0	vdw	J:HIS:493:N	J:THR:491:C
0	vdw	J:ARG:495:CB	J:THR:491:O
0	vdw	H:ASP:347:CA	H:SER:343:O
0	vdw	H:ASP:347:CB	H:SER:343:O
0	vdw	H:ASP:347:CG	H:SER:343:O
0	vdw	H:ASP:347:C	H:THR:350:OG1
0	vdw	H:ASP:347:CB	H:ILE:344:O
0	vdw	H:ASP:347:C	H:LEU:349:N
0	vdw	H:ILE:344:O	H:ILE:348:N
0	vdw	H:GLY:345:O	H:ILE:348:N
0	vdw	H:ILE:344:O	H:ILE:348:CG1
0	vdw	H:ILE:348:N	H:SER:346:C
0	vdw	H:ILE:348:N	H:SER:346:O
0	vdw	H:ARG:318:O	H:ILE:348:CD1
0	vdw	H:ILE:348:CD1	H:LEU:307:CD2
0	vdw	H:ARG:318:N	H:THR:315:O
0	vdw	H:ARG:318:CB	H:THR:315:O
0	vdw	H:ILE:319:N	H:THR:315:O
0	vdw	H:ARG:318:N	H:THR:315:OG1
0	vdw	H:ARG:318:N	H:GLN:316:C
0	vdw	H:ASN:212:O	H:HIS:215:NE2
0	vdw	H:HIS:213:CA	H:HIS:215:NE2
0	vdw	H:GLU:172:CB	H:TYR:191:OH
0	vdw	J:SER:412:N	J:THR:410:O
0	vdw	J:ILE:419:C	J:LYS:421:N
0	vdw	J:ARG:461:CA	J:MET:464:O
0	vdw	J:ARG:461:O	J:MET:464:C
0	vdw	J:ARG:461:O	J:PRO:465:N
0	vdw	J:ARG:461:C	J:VAL:463:N
0	vdw	J:ARG:495:NH2	J:VAL:490:O
0	vdw	H:SER:343:O	H:SER:346:N
0	vdw	H:ASP:347:N	H:SER:343:O
0	vdw	H:GLY:345:N	H:SER:343:O
0	vdw	H:ASP:347:N	H:ILE:344:O
0	vdw	H:ASP:347:N	H:GLY:345:C
0	vdw	H:ASP:347:N	H:GLY:345:O
0	vdw	H:GLU:342:O	H:SER:346:N
0	vdw	H:GLU:342:O	H:SER:346:CA
0	vdw	H:GLU:342:O	H:SER:346:CB
0	vdw	H:GLY:345:O	H:LEU:349:N
0	vdw	H:GLY:345:O	H:LEU:349:CB
0	vdw	H:GLY:345:O	H:LEU:349:CG
0	vdw	H:ILE:312:O	H:ILE:314:N
0	vdw	H:ILE:314:N	H:LEU:206:O
0	vdw	H:ILE:312:C	H:ILE:314:N
0	vdw	H:GLY:313:O	H:THR:315:N
0	vdw	H:ARG:318:CG	H:THR:315:N
0	vdw	H:HIS:111:CB	H:HIS:213:CD2
0	vdw	H:HIS:213:CE1	H:VAL:227:CG2
0	vdw	H:ARG:209:CA	H:HIS:213:CE1
0	vdw	H:ARG:209:C	H:HIS:213:CE1
0	vdw	H:ALA:210:N	H:HIS:213:CE1
0	vdw	H:HIS:213:CE1	H:VAL:208:O
0	vdw	H:ALA:210:O	H:HIS:213:CD2
0	vdw	H:GLY:109:O	H:HIS:111:N
0	vdw	H:ASP:110:O	H:GLU:172:CA
0	vdw	H:GLU:172:OE2	H:GLY:109:CA
0	vdw	H:CYS:310:CB	H:ILE:312:CG1
0	vdw	H:ILE:312:N	H:LEU:307:O
0	vdw	H:ILE:312:CB	H:LEU:307:O
0	vdw	H:ILE:312:O	H:LEU:307:O
0	vdw	H:CYS:310:N	H:LEU:307:O
0	vdw	H:CYS:310:C	H:LEU:307:O
0	vdw	H:GLU:311:N	H:LEU:307:O
0	vdw	H:CYS:310:C	H:ILE:312:N
0	vdw	H:ILE:312:CA	H:LEU:307:O
0	vdw	H:ILE:312:CG1	H:LEU:307:O
0	vdw	H:CYS:310:O	H:ILE:312:N
0	vdw	H:ILE:312:O	H:ILE:314:CD1
0	vdw	H:ILE:314:CD1	H:LEU:206:CB
0	vdw	H:ILE:312:O	H:LEU:206:CD2
0	vdw	H:LEU:206:CB	H:PRO:203:O
0	vdw	H:ILE:207:N	H:SER:205:C
0	vdw	H:GLY:313:CA	H:LEU:206:O
0	vdw	H:GLY:313:C	H:LEU:206:O
0	vdw	H:GLY:226:O	H:ILE:207:CB
0	vdw	H:GLY:226:O	H:ILE:207:CG2
0	vdw	H:GLY:226:O	H:ILE:207:CD1
0	vdw	H:ASN:228:N	H:GLY:226:O
0	vdw	H:ASN:228:N	H:GLY:226:C
0	vdw	H:TYR:104:CD1	H:VAL:227:C
0	vdw	H:TYR:104:CE1	H:VAL:227:C
0	vdw	H:HIS:111:O	H:VAL:227:N
0	vdw	H:HIS:111:O	H:VAL:227:CG2
0	vdw	H:TYR:104:CZ	H:VAL:112:CG1
0	vdw	H:TYR:104:OH	H:VAL:112:CG1
0	vdw	H:ASP:110:O	H:VAL:173:N
0	vdw	H:GLN:174:N	H:GLU:172:C
0	vdw	H:GLU:107:O	H:VAL:173:CB
0	vdw	H:GLU:107:O	H:VAL:173:CG2
0	vdw	H:SER:183:O	H:VAL:173:CA
0	vdw	H:SER:183:O	H:VAL:173:C
0	vdw	H:GLN:174:N	H:SER:183:O
0	vdw	H:GLN:174:CA	H:SER:183:O
0	vdw	H:SER:175:N	H:VAL:173:C
0	vdw	H:GLU:311:N	H:PHE:309:O
0	vdw	H:ALA:308:O	H:CYS:310:N
0	vdw	H:ALA:308:O	H:GLU:311:N
0	vdw	H:ALA:308:O	H:GLU:311:CA
0	vdw	H:CYS:310:C	H:ILE:312:CG1
0	vdw	H:LEU:206:CD1	H:PRO:203:CG
0	vdw	H:LEU:206:CD1	H:PRO:203:CB
0	vdw	H:PRO:203:C	H:SER:205:N
0	vdw	H:PRO:203:O	H:SER:205:N
0	vdw	H:LEU:206:N	H:PRO:203:O
0	vdw	H:SER:204:CB	H:TYR:104:CB
0	vdw	H:LEU:206:N	H:SER:204:C
0	vdw	H:ASN:228:CA	H:TYR:104:CG
0	vdw	H:TYR:104:CD1	H:VAL:227:O
0	vdw	H:ASN:228:CA	H:TYR:104:CD1
0	vdw	H:TYR:104:CE1	H:VAL:227:O
0	vdw	H:SER:204:O	H:VAL:227:O
0	vdw	H:TYR:104:CE1	H:VAL:227:CG1
0	vdw	H:PRO:106:CA	H:TYR:104:CE2
0	vdw	H:PRO:106:CA	H:TYR:104:CZ
0	vdw	H:PRO:106:CA	H:TYR:104:OH
0	vdw	H:PRO:106:CB	H:TYR:104:CE2
0	vdw	H:PRO:106:N	H:TYR:104:CE2
0	vdw	H:ASP:110:CB	H:TYR:104:OH
0	vdw	H:ASP:110:CG	H:TYR:104:OH
0	vdw	H:ASP:110:OD2	H:TYR:104:OH
0	vdw	H:ALA:182:CB	H:VAL:173:CG1
0	vdw	H:ALA:182:CB	H:PRO:106:CB
0	vdw	H:SER:175:O	H:VAL:173:CG1
0	vdw	H:LEU:176:CD2	H:VAL:173:CG1
0	vdw	H:GLU:107:O	H:VAL:173:CG1
0	vdw	H:SER:175:O	H:SER:183:N
0	vdw	H:GLN:174:CB	H:SER:183:O
0	vdw	H:SER:175:OG	H:SER:183:CB
0	vdw	H:PRO:106:CD	H:TYR:104:O
0	vdw	H:PHE:177:CD1	H:SER:181:O
0	vdw	H:LEU:176:CA	H:SER:181:O
0	vdw	H:PHE:177:N	H:SER:181:O
0	vdw	H:LEU:176:C	H:SER:181:O
0	vdw	B:ASN:30:O	B:PRO:33:CG
0	vdw	B:ASN:30:CG	B:PRO:33:CG
0	vdw	B:ASN:30:OD1	B:PRO:33:CG
0	vdw	B:ASP:37:O	H:LYS:101:CD
0	vdw	B:ASP:37:O	H:LYS:101:CE
0	vdw	B:ASP:37:C	H:LYS:101:NZ
0	vdw	B:ASP:37:O	H:LYS:101:NZ
0	vdw	B:PRO:56:O	H:ARG:103:CD
0	vdw	H:ASP:179:OD1	H:SER:181:N
0	vdw	H:ASP:179:OD1	H:SER:181:CA
0	vdw	H:ASP:179:OD1	H:SER:181:CB
0	vdw	H:ASP:179:OD1	H:SER:181:OG
0	vdw	H:GLN:132:OE1	H:SER:181:CB
0	vdw	H:GLN:132:OE1	H:SER:181:OG
0	vdw	H:ASP:179:CG	H:SER:181:OG
0	vdw	H:ASP:179:OD2	H:SER:181:OG
0	vdw	H:ASP:179:C	H:SER:181:N
0	vdw	H:ASP:179:OD1	H:PHE:177:CB
0	vdw	G:ARG:110:CZ	S:A:20:O2'
0	vdw	G:ARG:110:NH1	S:A:20:O2'
0	vdw	G:ARG:110:NH2	S:A:20:O2'
0	vdw	G:ARG:110:CZ	S:A:21:OP1
0	vdw	G:ARG:110:NH1	S:A:21:OP1
0	vdw	G:ARG:110:NH2	S:A:21:OP1
0	vdw	G:ASN:109:N	G:LYS:107:C
0	vdw	B:ASN:30:CA	B:ASP:149:OD2
0	vdw	B:ASN:30:CA	B:SER:39:OG
0	vdw	B:ASN:30:C	B:SER:39:OG
0	vdw	B:ASN:30:OD1	B:ASP:149:OD2
0	vdw	B:ASP:149:OD2	B:SER:39:N
0	vdw	B:ASP:149:OD2	B:GLY:38:CA
0	vdw	B:ASP:149:OD2	B:GLY:38:C
0	vdw	B:ASN:30:OD1	H:LYS:101:NZ
0	vdw	B:ASN:30:N	B:ASP:149:OD2
0	vdw	B:ALA:150:CA	B:ASP:37:O
0	vdw	B:ALA:150:CB	B:GLY:38:N
0	vdw	B:ASP:37:CB	B:GLY:55:O
0	vdw	B:PRO:56:O	H:LYS:131:CA
0	vdw	B:PRO:56:O	H:LYS:131:CB
0	vdw	B:PRO:118:O	B:THR:120:CG2
0	vdw	B:PRO:118:O	H:GLN:132:CD
0	vdw	B:PRO:118:O	H:GLN:132:NE2
0	vdw	B:THR:120:CG2	H:GLN:132:CG
0	vdw	B:PRO:118:O	B:THR:120:N
0	vdw	H:GLN:132:CD	H:SER:181:OG
0	vdw	H:ASP:179:O	H:GLN:132:NE2
0	vdw	B:ARG:119:CD	H:ASP:179:OD2
0	vdw	H:ASP:179:CG	H:GLN:132:OE1
0	vdw	H:ASP:179:OD2	H:GLN:132:OE1
0	vdw	B:ARG:119:NE	H:ASP:179:OD2
0	vdw	B:ARG:119:CZ	B:THR:67:CG2
0	vdw	B:ARG:119:NH2	B:THR:67:CG2
0	vdw	G:ARG:110:CD	G:TYR:99:CE1
0	vdw	G:MET:100:SD	G:SER:106:O
0	vdw	G:MET:100:CE	G:SER:106:O
0	vdw	G:ALA:105:CB	G:MET:100:CE
0	vdw	B:SER:28:CB	B:THR:31:CG2
0	vdw	B:SER:39:OG	B:THR:31:N
0	vdw	B:SER:39:OG	B:THR:31:CA
0	vdw	B:SER:39:OG	B:THR:31:OG1
0	vdw	B:ILE:29:C	B:THR:31:N
0	vdw	B:ILE:29:O	B:THR:31:N
0	vdw	B:SER:39:CA	B:THR:51:O
0	vdw	B:SER:39:C	B:THR:51:O
0	vdw	B:ASN:30:N	B:SER:39:O
0	vdw	B:ALA:150:CB	B:GLY:38:CA
0	vdw	B:ALA:150:N	B:GLY:38:CA
0	vdw	B:ALA:150:CA	B:GLY:38:CA
0	vdw	B:ILE:152:CD1	B:VAL:53:CG1
0	vdw	B:ALA:150:CB	B:ILE:152:CG1
0	vdw	B:LEU:147:CD2	B:VAL:53:CG1
0	vdw	B:PRO:56:CG	B:TYR:117:CG
0	vdw	B:PRO:56:CG	B:TYR:117:CD2
0	vdw	B:PRO:56:CB	B:THR:120:CB
0	vdw	B:PRO:56:CB	B:THR:120:OG1
0	vdw	B:THR:120:CB	B:TYR:117:O
0	vdw	B:THR:120:OG1	B:TYR:117:O
0	vdw	B:ALA:70:CB	B:THR:120:OG1
0	vdw	B:THR:120:OG1	B:TYR:117:CB
0	vdw	B:THR:120:OG1	B:TYR:117:C
0	vdw	B:PRO:118:C	B:THR:120:N
0	vdw	B:ALA:70:CA	B:TYR:117:O
0	vdw	B:PRO:118:CA	B:SER:68:O
0	vdw	B:LEU:114:O	B:TYR:117:O
0	vdw	B:ARG:119:N	B:ASP:66:O
0	vdw	B:ARG:119:CA	B:ASP:66:O
0	vdw	B:ARG:119:CG	B:ASP:66:O
0	vdw	B:ASP:66:O	B:SER:68:N
0	vdw	G:TYR:84:CE2	G:TYR:99:CD1
0	vdw	G:TYR:84:CE2	G:TYR:99:CE1
0	vdw	G:TYR:84:CE2	G:TYR:99:CZ
0	vdw	G:PRO:111:CD	G:TYR:99:CD1
0	vdw	G:TYR:84:CZ	G:TYR:99:CE1
0	vdw	G:ARG:110:CB	G:TYR:99:CD1
0	vdw	G:ARG:110:CG	G:TYR:99:CD1
0	vdw	G:ARG:110:CB	G:TYR:99:CE1
0	vdw	G:ALA:101:N	G:TYR:99:C
0	vdw	G:ALA:101:N	G:TYR:99:O
0	vdw	G:MET:100:C	G:PHE:102:N
0	vdw	G:PRO:111:CG	G:TYR:99:O
0	vdw	G:PHE:102:CD1	G:TYR:99:C
0	vdw	G:PHE:102:CD1	G:TYR:99:O
0	vdw	B:GLU:43:N	B:TYR:41:O
0	vdw	B:SER:28:CB	B:TYR:41:O
0	vdw	B:SER:28:CB	B:TYR:41:CB
0	vdw	B:ILE:49:O	B:TYR:41:CA
0	vdw	B:ILE:49:O	B:TYR:41:C
0	vdw	B:SER:28:O	B:SER:40:C
0	vdw	B:SER:28:O	B:TYR:41:N
0	vdw	B:SER:40:N	B:THR:51:O
0	vdw	B:ALA:146:CB	B:SER:40:CB
0	vdw	B:ALA:146:CB	B:SER:40:OG
0	vdw	B:SER:40:OG	B:THR:51:CB
0	vdw	B:GLY:142:C	B:SER:40:OG
0	vdw	B:GLY:142:O	B:SER:40:OG
0	vdw	B:SER:28:O	B:SER:40:CA
0	vdw	B:SER:28:O	B:SER:40:CB
0	vdw	B:ALA:146:CB	B:VAL:53:CG2
0	vdw	B:ALA:146:CB	B:THR:51:CG2
0	vdw	B:ALA:146:C	B:VAL:53:CG2
0	vdw	B:ILE:124:CG1	B:VAL:53:CG2
0	vdw	B:LEU:147:CD2	B:VAL:53:CG2
0	vdw	B:ALA:146:CB	B:GLY:142:O
0	vdw	B:ILE:122:CG2	B:LEU:72:CD1
0	vdw	B:ILE:122:CD1	B:ILE:152:CG2
0	vdw	B:ILE:122:CG2	B:ILE:152:CD1
0	vdw	B:ILE:122:CD1	B:ILE:152:CD1
0	vdw	B:ALA:70:CB	B:LEU:114:CD2
0	vdw	B:ALA:70:CB	B:TYR:117:O
0	vdw	B:ASP:66:CB	B:LYS:69:O
0	vdw	B:LEU:114:O	B:LYS:69:C
0	vdw	B:ALA:70:N	B:LEU:114:C
0	vdw	B:ALA:70:N	B:LEU:114:O
0	vdw	B:ASP:66:O	B:LYS:69:O
0	vdw	B:ALA:70:N	B:LEU:114:CB
0	vdw	B:ALA:70:O	B:LEU:114:CD1
0	vdw	B:ASP:66:C	B:SER:68:N
0	vdw	B:ASP:66:OD1	B:SER:68:N
0	vdw	B:ASP:66:CG	B:SER:68:OG
0	vdw	B:ASP:66:CG	B:LYS:69:N
0	vdw	B:ASP:66:OD1	B:SER:68:CA
0	vdw	B:ASP:66:OD1	B:SER:68:CB
0	vdw	B:ASP:66:OD1	B:SER:68:OG
0	vdw	B:ASP:66:OD1	B:LYS:69:N
0	vdw	B:ASP:66:CG	B:LYS:69:CG
0	vdw	G:THR:79:CG2	G:TYR:84:CD1
0	vdw	G:THR:79:CG2	G:TYR:84:CE1
0	vdw	G:GLY:78:O	G:ILE:76:CG2
0	vdw	G:ILE:76:CD1	G:TYR:84:CB
0	vdw	G:ILE:76:CD1	G:TYR:84:CD1
0	vdw	G:LEU:113:CB	G:TYR:84:CE1
0	vdw	G:LEU:113:O	G:TYR:84:CE1
0	vdw	G:PHE:102:CE1	G:SER:98:O
0	vdw	G:ALA:101:N	G:SER:98:O
0	vdw	G:ALA:101:CB	G:SER:98:O
0	vdw	G:PHE:102:CD1	G:SER:98:O
0	vdw	G:MET:100:N	G:SER:98:C
0	vdw	G:MET:100:N	G:SER:98:O
0	vdw	G:ALA:101:CA	G:PHE:137:CE2
0	vdw	G:ALA:101:C	G:PHE:137:CD2
0	vdw	G:ALA:101:C	G:PHE:137:CE2
0	vdw	G:ALA:101:O	G:PHE:137:CD2
0	vdw	G:ALA:101:O	G:PHE:137:CE2
0	vdw	G:ALA:101:O	G:CYS:136:N
0	vdw	G:ALA:101:CB	G:GLU:135:CA
0	vdw	G:ALA:101:CB	G:GLU:135:CB
0	vdw	G:ALA:101:O	G:CYS:136:CA
0	vdw	G:ALA:101:O	G:CYS:136:CB
0	vdw	G:MET:100:O	G:PHE:102:N
0	vdw	G:ALA:101:O	G:CYS:136:C
0	vdw	G:ALA:101:O	G:PHE:137:N
0	vdw	B:ARG:24:NH1	B:GLU:43:CG
0	vdw	B:ARG:24:NH1	B:GLU:43:CD
0	vdw	B:ARG:24:NH1	B:GLU:43:OE2
0	vdw	B:GLU:26:O	B:GLU:43:CB
0	vdw	B:GLU:43:OE1	B:TYR:41:CE2
0	vdw	B:ARG:24:CZ	B:GLU:43:CG
0	vdw	B:ARG:24:CZ	B:GLU:43:CD
0	vdw	B:ARG:24:CZ	B:GLU:43:OE2
0	vdw	B:ASN:47:O	B:MET:42:O
0	vdw	B:ASN:47:O	B:GLU:43:CA
0	vdw	B:GLU:26:O	B:GLU:43:N
0	vdw	B:GLU:26:O	B:GLU:43:CA
0	vdw	B:ILE:49:O	B:MET:42:N
0	vdw	B:GLY:142:O	B:THR:51:CB
0	vdw	B:GLY:142:CA	B:THR:51:OG1
0	vdw	B:GLY:142:C	B:THR:51:OG1
0	vdw	B:ILE:124:CD1	B:LEU:72:CD1
0	vdw	B:ILE:124:CD1	B:VAL:74:CG2
0	vdw	B:ILE:124:CD1	B:ILE:143:CG2
0	vdw	B:LEU:72:CD2	B:PHE:108:C
0	vdw	B:LEU:72:CD2	B:PHE:108:CB
0	vdw	B:GLU:109:N	B:LEU:72:CD2
0	vdw	B:ASP:66:OD2	B:LYS:69:CG
0	vdw	G:GLY:78:N	G:ILE:76:C
0	vdw	G:ILE:76:O	G:VAL:115:CG1
0	vdw	G:ILE:77:N	G:VAL:75:C
0	vdw	G:ILE:77:N	G:VAL:75:O
0	vdw	G:GLN:114:O	G:ILE:76:CB
0	vdw	G:GLN:114:O	G:ILE:76:CG2
0	vdw	G:ILE:76:O	G:VAL:115:CA
0	vdw	G:ILE:76:O	G:VAL:115:C
0	vdw	G:GLY:116:N	G:ILE:76:O
0	vdw	G:GLY:116:CA	G:ILE:76:O
0	vdw	G:CYS:136:SG	G:LEU:97:CD2
0	vdw	G:ALA:101:CB	G:LEU:97:CD1
0	vdw	G:LEU:97:CD2	G:PHE:102:CZ
0	vdw	G:ALA:121:CB	G:GLU:135:C
0	vdw	G:ALA:121:CA	G:GLU:135:O
0	vdw	G:ALA:121:CB	G:GLU:135:O
0	vdw	G:ARG:122:N	G:GLU:135:O
0	vdw	G:GLU:135:C	G:PHE:137:N
0	vdw	G:GLU:135:O	G:PHE:137:N
0	vdw	G:PHE:137:C	G:PHE:147:CD2
0	vdw	G:PHE:137:C	G:PHE:147:CE2
0	vdw	G:ASP:138:C	G:THR:140:CA
0	vdw	G:ASP:138:C	G:THR:140:CB
0	vdw	G:ASP:138:O	G:THR:140:CA
0	vdw	G:ASP:138:O	G:THR:140:CB
0	vdw	G:ASP:138:C	G:THR:140:OG1
0	vdw	G:ASP:138:O	G:THR:140:OG1
0	vdw	G:ASP:138:N	G:PHE:147:CD2
0	vdw	G:ASP:138:N	G:PHE:147:CE2
0	vdw	B:ARG:24:NH2	B:GLY:45:O
0	vdw	B:ARG:24:NH2	B:GLU:43:CG
0	vdw	B:ARG:24:NH2	B:GLU:43:CD
0	vdw	B:ARG:24:NH2	B:GLU:43:OE2
0	vdw	B:ASN:47:N	B:GLY:45:C
0	vdw	B:ASN:47:O	B:GLU:43:C
0	vdw	B:ASN:47:O	B:GLN:44:N
0	vdw	B:ASN:47:CA	B:GLN:44:O
0	vdw	B:ILE:49:CD1	B:SER:138:CB
0	vdw	B:ILE:135:O	B:LEU:139:N
0	vdw	B:ASN:141:N	B:LEU:139:C
0	vdw	B:LEU:139:N	B:MET:136:O
0	vdw	B:GLY:137:C	B:LEU:139:N
0	vdw	B:GLY:137:O	B:LEU:139:N
0	vdw	B:ILE:143:CG1	B:LEU:139:O
0	vdw	B:GLY:142:N	B:LEU:139:C
0	vdw	B:GLY:142:N	B:LEU:139:O
0	vdw	B:GLY:142:CA	B:LEU:139:O
0	vdw	B:ILE:143:N	B:LEU:139:O
0	vdw	B:ILE:143:CD1	B:LEU:104:CD1
0	vdw	B:VAL:105:CG2	B:VAL:74:CG2
0	vdw	B:ILE:100:O	B:LEU:104:CB
0	vdw	B:ARG:106:N	B:LEU:104:C
0	vdw	B:THR:102:O	B:VAL:105:N
0	vdw	B:THR:102:O	B:VAL:105:CB
0	vdw	B:SER:103:O	B:VAL:105:N
0	vdw	B:MET:107:N	B:VAL:105:C
0	vdw	B:GLU:109:CD	B:VAL:105:CG1
0	vdw	B:GLU:109:OE2	B:VAL:105:CG1
0	vdw	B:GLU:109:CG	B:VAL:105:CG1
0	vdw	G:VAL:75:C	G:VAL:86:CG2
0	vdw	G:VAL:75:O	G:VAL:86:CG2
0	vdw	G:ASP:117:O	G:ILE:76:N
0	vdw	G:VAL:75:N	G:VAL:86:CG2
0	vdw	G:GLY:74:CA	G:VAL:86:CG2
0	vdw	G:GLY:74:C	G:VAL:86:CG2
0	vdw	G:ALA:121:CB	G:CYS:136:CA
0	vdw	G:ALA:121:CB	G:CYS:136:SG
0	vdw	G:ARG:122:CD	G:ASP:138:CA
0	vdw	G:ARG:122:CD	G:ASP:138:CG
0	vdw	G:ARG:122:CD	G:ASP:138:OD1
0	vdw	G:ARG:122:CB	G:PHE:71:CD1
0	vdw	G:ARG:122:CB	G:PHE:71:CE1
0	vdw	G:ARG:122:CB	G:PHE:147:CZ
0	vdw	G:ASP:138:OD2	G:PHE:71:CZ
0	vdw	G:ASP:138:OD2	G:THR:141:OG1
0	vdw	G:ASP:138:CA	G:PHE:147:CE2
0	vdw	G:ASP:138:CB	G:PHE:147:CE2
0	vdw	B:ASN:46:ND2	B:ASP:132:OD2
0	vdw	B:ASN:46:CB	B:ASP:132:CB
0	vdw	B:ASN:46:N	B:GLN:44:O
0	vdw	B:ASN:46:N	B:GLN:44:C
0	vdw	B:ASN:47:ND2	B:ILE:135:CA
0	vdw	B:ASN:47:OD1	B:ASP:132:C
0	vdw	B:ASN:47:ND2	B:GLY:133:O
0	vdw	B:ASN:47:N	B:GLN:44:O
0	vdw	B:ASN:47:CB	B:GLN:44:O
0	vdw	B:ASN:47:CG	B:GLN:44:O
0	vdw	B:ASN:47:ND2	B:SER:138:OG
0	vdw	B:GLY:134:O	B:SER:138:CB
0	vdw	B:GLN:44:OE1	B:SER:138:CB
0	vdw	B:ILE:135:O	B:LEU:139:CB
0	vdw	B:ILE:135:O	B:LEU:139:CG
0	vdw	B:GLY:137:N	B:ILE:135:C
0	vdw	B:GLY:137:N	B:ILE:135:O
0	vdw	B:ILE:135:O	B:SER:138:N
0	vdw	B:LEU:139:CB	B:MET:136:O
0	vdw	B:LEU:104:CD2	B:MET:136:CE
0	vdw	B:ILE:140:CG1	B:LEU:104:CD2
0	vdw	B:LEU:104:CD2	B:MET:107:SD
0	vdw	B:ILE:100:O	B:LEU:104:N
0	vdw	B:ILE:100:O	B:LEU:104:CG
0	vdw	B:ILE:100:O	B:SER:103:N
0	vdw	B:LEU:104:N	B:THR:102:C
0	vdw	B:LEU:104:N	B:THR:102:O
0	vdw	B:ILE:100:O	B:SER:103:CB
0	vdw	B:SER:103:C	B:VAL:105:N
0	vdw	B:ARG:106:N	B:THR:102:O
0	vdw	B:ARG:106:CG	B:THR:102:O
0	vdw	B:ARG:106:N	B:SER:103:O
0	vdw	A:ALA:251:CB	B:SER:103:CA
0	vdw	A:ILE:5:O	A:ILE:7:N
0	vdw	G:LEU:118:CD2	G:VAL:75:CG2
0	vdw	G:ASN:191:ND2	G:ILE:73:O
0	vdw	G:GLY:74:C	G:VAL:119:CG2
0	vdw	G:ALA:121:O	G:VAL:72:O
0	vdw	G:ASN:191:ND2	G:ILE:73:N
0	vdw	G:ASN:191:ND2	G:ILE:73:C
0	vdw	G:ILE:73:CA	G:VAL:119:O
0	vdw	G:GLY:74:N	G:VAL:119:O
0	vdw	G:ALA:121:N	G:VAL:72:O
0	vdw	G:ALA:121:O	G:VAL:72:N
0	vdw	G:LEU:190:N	G:PHE:71:C
0	vdw	G:ASP:138:OD2	G:PHE:71:CE1
0	vdw	G:PHE:147:CZ	G:PHE:71:CD1
0	vdw	G:PHE:147:CZ	G:PHE:71:CE1
0	vdw	B:ASP:132:OD1	B:SER:176:N
0	vdw	B:ASN:47:OD1	B:ASP:132:CB
0	vdw	B:GLY:133:C	B:ILE:135:N
0	vdw	B:GLY:133:O	B:ILE:135:N
0	vdw	B:ASP:132:C	B:SER:176:N
0	vdw	B:ASP:132:O	B:SER:176:N
0	vdw	B:GLY:133:N	B:SER:176:N
0	vdw	B:ASN:175:C	B:GLY:133:CA
0	vdw	B:GLY:133:CA	B:SER:176:N
0	vdw	B:GLY:133:CA	B:THR:174:O
0	vdw	B:GLY:133:C	B:THR:174:O
0	vdw	B:GLU:179:CD	B:GLY:133:CA
0	vdw	B:GLU:179:OE1	B:GLY:133:CA
0	vdw	B:GLU:179:OE2	B:GLY:133:CA
0	vdw	B:GLU:179:OE2	B:GLY:133:C
0	vdw	B:ARG:23:NH1	B:ASP:132:O
0	vdw	B:ARG:23:CZ	B:ASP:132:O
0	vdw	B:ARG:23:NH2	B:GLY:133:O
0	vdw	B:GLY:134:C	B:MET:136:N
0	vdw	B:GLU:179:CD	B:GLY:134:N
0	vdw	B:GLU:179:OE2	B:GLY:134:N
0	vdw	B:GLY:134:N	B:THR:174:O
0	vdw	B:MET:136:CB	B:THR:186:CG2
0	vdw	B:GLY:134:O	B:MET:136:N
0	vdw	B:LEU:198:CD2	B:MET:136:CE
0	vdw	B:MET:136:CG	B:THR:186:CG2
0	vdw	A:ALA:251:CB	B:SER:103:CB
0	vdw	A:ALA:251:CB	B:SER:103:OG
0	vdw	A:LEU:225:O	A:LEU:229:CG
0	vdw	A:ILE:5:CG2	A:ILE:7:CD1
0	vdw	A:ILE:7:CG1	A:LEU:229:CD1
0	vdw	A:ILE:7:CD1	A:LEU:229:CD1
0	vdw	G:ASN:191:OD1	G:LYS:193:CB
0	vdw	G:ASN:191:OD1	G:LYS:193:CG
0	vdw	G:ILE:155:CD1	G:LYS:193:CB
0	vdw	G:ASN:191:OD1	G:GLY:189:C
0	vdw	G:ASN:191:OD1	G:LYS:193:N
0	vdw	G:GLY:189:CA	G:PHE:71:O
0	vdw	G:GLY:189:C	G:PHE:71:O
0	vdw	G:LEU:190:N	G:PHE:71:O
0	vdw	G:GLY:189:CA	G:ILE:73:CG1
0	vdw	G:GLY:189:CA	G:LYS:193:O
0	vdw	B:ASN:175:OD1	B:LEU:177:N
0	vdw	B:ASN:175:C	B:LEU:177:N
0	vdw	B:ASN:175:O	B:LEU:177:N
0	vdw	B:ASN:175:OD1	B:LEU:177:CA
0	vdw	B:ASN:175:OD1	B:LEU:177:CB
0	vdw	B:ASN:175:OD1	B:GLU:178:N
0	vdw	B:ASN:175:OD1	B:GLU:178:CG
0	vdw	B:ASN:175:CA	B:ASP:132:O
0	vdw	B:ASN:175:CA	B:GLY:133:CA
0	vdw	B:ASN:175:O	B:GLU:179:CG
0	vdw	B:ASN:175:O	B:GLU:179:N
0	vdw	B:ASN:175:O	B:GLU:179:CB
0	vdw	B:GLU:179:N	B:SER:176:C
0	vdw	B:GLU:179:CG	B:THR:174:OG1
0	vdw	B:GLU:179:CG	B:THR:184:CG2
0	vdw	B:ASN:175:O	B:GLU:178:CA
0	vdw	B:ASN:175:O	B:GLU:178:CB
0	vdw	B:GLU:179:OE2	B:GLY:134:CA
0	vdw	A:ILE:107:CD1	A:LEU:103:CD1
0	vdw	A:ARG:231:NH2	A:GLU:228:OE2
0	vdw	G:ASP:157:OD1	G:LYS:193:CD
0	vdw	G:ASP:157:OD1	G:LYS:193:CE
0	vdw	G:ASP:157:CA	G:GLY:192:O
0	vdw	G:ASP:157:C	G:GLY:192:O
0	vdw	G:GLY:192:O	G:VAL:158:N
0	vdw	G:GLY:192:O	G:VAL:158:O
0	vdw	G:GLY:192:O	G:ILE:156:O
0	vdw	G:GLY:192:O	G:VAL:158:CG2
0	vdw	G:GLY:192:C	G:VAL:158:CG2
0	vdw	G:ILE:156:O	G:LYS:193:CA
0	vdw	G:ALA:163:CB	G:GLY:189:O
0	vdw	G:GLY:189:O	G:LYS:193:O
0	vdw	G:ARG:164:CA	G:LEU:190:CD2
0	vdw	G:LEU:166:C	G:PHE:168:N
0	vdw	B:GLU:179:N	B:LEU:177:C
0	vdw	B:GLU:178:N	B:SER:176:O
0	vdw	B:ALA:181:CB	B:LEU:177:O
0	vdw	B:ALA:181:N	B:LEU:177:O
0	vdw	B:ASN:175:O	B:GLU:178:N
0	vdw	B:GLU:178:N	B:SER:176:C
0	vdw	B:GLU:179:N	B:SER:176:O
0	vdw	B:GLU:179:CB	B:SER:176:O
0	vdw	B:ASN:180:N	B:SER:176:O
0	vdw	B:ALA:181:N	B:GLU:179:C
0	vdw	B:ASN:180:N	B:GLU:178:C
0	vdw	B:ASN:180:N	B:GLU:178:O
0	vdw	B:GLU:179:C	B:MET:182:O
0	vdw	B:GLU:179:O	B:MET:182:O
0	vdw	A:LYS:110:CE	B:GLU:202:CA
0	vdw	A:GLN:247:OE1	A:LYS:110:CE
0	vdw	A:GLN:247:OE1	A:LYS:110:NZ
0	vdw	A:ILE:107:CD1	A:LEU:103:CG
0	vdw	A:GLU:228:OE1	A:GLY:145:CA
0	vdw	A:ASP:144:O	A:LEU:225:CB
0	vdw	A:GLY:145:N	A:THR:54:OG1
0	vdw	A:ASP:144:O	A:THR:224:CA
0	vdw	A:ASP:144:O	A:THR:224:C
0	vdw	A:ASP:144:O	A:LEU:225:N
0	vdw	A:ASP:144:O	A:LEU:225:CA
0	vdw	A:ASP:144:O	A:THR:224:OG1
0	vdw	A:LEU:225:CD2	D:HIS:12:NE2
0	vdw	A:ASP:144:OD1	D:HIS:12:NE2
0	vdw	G:CYS:215:SG	G:VAL:158:CB
0	vdw	G:GLY:192:CA	G:VAL:158:O
0	vdw	G:ILE:194:CD1	G:VAL:158:CG2
0	vdw	G:ARG:164:N	G:PHE:162:C
0	vdw	G:LEU:166:N	G:PHE:162:O
0	vdw	G:ALA:163:C	G:GLN:165:N
0	vdw	G:ALA:163:O	G:GLN:165:N
0	vdw	G:ALA:163:O	G:LEU:166:N
0	vdw	G:LEU:166:CB	G:PHE:162:O
0	vdw	G:ALA:163:O	G:LEU:166:CB
0	vdw	G:ALA:163:O	G:LEU:167:N
0	vdw	G:ALA:163:O	G:ILE:188:CG2
0	vdw	G:ARG:164:C	G:LEU:166:N
0	vdw	G:ARG:164:O	G:LEU:166:N
0	vdw	G:ARG:164:O	G:PHE:168:CB
0	vdw	G:ARG:164:O	G:LEU:167:N
0	vdw	G:GLN:165:C	G:LEU:167:N
0	vdw	G:ARG:164:O	G:PHE:168:N
0	vdw	G:ARG:164:O	G:PHE:168:CA
0	vdw	G:ARG:164:O	G:PHE:168:CG
0	vdw	G:ASN:169:N	G:GLN:165:O
0	vdw	B:ILE:6:N	B:LEU:4:C
0	vdw	B:ASN:180:C	B:MET:182:N
0	vdw	B:ALA:181:N	B:GLU:179:O
0	vdw	B:ALA:181:N	B:GLU:178:C
0	vdw	B:ALA:181:N	B:GLU:178:O
0	vdw	B:ALA:181:CA	B:GLU:178:O
0	vdw	B:ASP:203:OD2	B:MET:182:O
0	vdw	A:LYS:110:O	A:SER:115:N
0	vdw	A:VAL:246:O	B:GLU:202:O
0	vdw	A:ILE:107:O	A:SER:111:N
0	vdw	A:CYS:195:SG	A:ILE:107:CG2
0	vdw	A:ILE:107:CG2	A:ILE:148:CG2
0	vdw	A:GLN:247:NE2	A:ILE:107:CG2
0	vdw	A:CYS:195:SG	A:THR:238:OG1
0	vdw	A:CYS:152:SG	A:CYS:195:SG
0	vdw	A:CYS:195:SG	A:THR:238:CB
0	vdw	A:CYS:195:SG	A:THR:238:CG2
0	vdw	A:CYS:152:N	A:ILE:148:O
0	vdw	A:CYS:152:CB	A:ILE:148:O
0	vdw	A:CYS:195:CB	A:ILE:148:CG2
0	vdw	A:ILE:148:CG2	A:THR:236:CG2
0	vdw	A:ILE:148:CB	A:THR:197:OG1
0	vdw	A:ASP:149:N	A:PHE:147:C
0	vdw	A:GLY:146:C	A:ILE:148:N
0	vdw	A:ALA:150:N	A:ILE:148:C
0	vdw	A:GLY:145:C	A:PHE:147:N
0	vdw	A:GLY:145:C	A:THR:54:OG1
0	vdw	A:GLY:145:O	A:THR:54:OG1
0	vdw	A:ALA:150:CB	A:GLY:146:O
0	vdw	A:ASP:222:OD1	A:GLY:146:CA
0	vdw	A:GLY:145:O	A:THR:54:CB
0	vdw	A:GLY:145:O	A:THR:54:CG2
0	vdw	A:ARG:34:NH2	A:GLY:145:C
0	vdw	A:ARG:34:NH2	A:GLY:145:O
0	vdw	A:ARG:34:NH2	A:GLY:146:CA
0	vdw	A:ASP:149:OD2	A:GLY:146:CA
0	vdw	A:ASP:144:N	A:THR:54:OG1
0	vdw	A:ASP:144:CA	A:THR:54:OG1
0	vdw	A:ASP:144:C	A:THR:54:OG1
0	vdw	A:ASP:144:CB	A:THR:54:OG1
0	vdw	A:ASP:144:CA	D:HIS:12:CE1
0	vdw	A:ASP:144:C	A:LEU:225:CB
0	vdw	A:ASP:144:C	A:LEU:225:N
0	vdw	A:ASP:144:CB	D:HIS:12:CE1
0	vdw	A:ASP:144:OD1	D:HIS:12:CE1
0	vdw	A:ASN:53:C	A:ASP:144:CB
0	vdw	A:ASN:53:CB	A:ASP:144:CB
0	vdw	A:ASN:53:CB	A:ASP:144:CG
0	vdw	A:ASP:144:CG	A:THR:224:OG1
0	vdw	A:ASP:144:OD1	A:THR:224:OG1
0	vdw	A:ASN:53:ND2	D:ASP:11:OD2
0	vdw	G:ASN:159:ND2	G:CYS:215:SG
0	vdw	G:CYS:215:SG	G:VAL:158:CG1
0	vdw	G:GLN:165:CG	G:PHE:172:CD1
0	vdw	G:GLN:165:CD	G:PHE:172:CD1
0	vdw	G:GLN:165:CD	G:PHE:172:CE1
0	vdw	G:GLN:165:OE1	G:PHE:172:CE1
0	vdw	G:ASN:169:ND2	G:ASP:171:OD1
0	vdw	G:ASN:169:ND2	G:ASP:171:CB
0	vdw	G:ASN:169:CB	G:GLN:165:O
0	vdw	A:ARG:114:C	A:GLY:116:N
0	vdw	A:SER:111:O	A:SER:115:CB
0	vdw	A:SER:111:C	A:SER:115:OG
0	vdw	A:SER:111:O	A:SER:115:OG
0	vdw	A:HIS:191:CE1	A:SER:115:CB
0	vdw	A:HIS:191:CE1	A:SER:115:OG
0	vdw	A:SER:115:CB	A:VAL:246:CG1
0	vdw	A:PRO:193:CG	A:SER:111:O
0	vdw	A:SER:111:CA	A:VAL:246:CG1
0	vdw	A:SER:111:OG	A:THR:238:CG2
0	vdw	A:ILE:107:O	A:SER:111:CB
0	vdw	A:ILE:107:O	A:SER:111:OG
0	vdw	A:CYS:195:SG	A:SER:111:OG
0	vdw	A:SER:111:OG	A:THR:238:OG1
0	vdw	A:ASP:149:C	A:CYS:152:N
0	vdw	A:ASP:149:O	A:CYS:152:N
0	vdw	A:ASP:149:O	A:CYS:152:CA
0	vdw	A:ASP:149:O	A:CYS:152:CB
0	vdw	A:CYS:152:SG	A:CYS:195:N
0	vdw	A:CYS:152:SG	A:CYS:195:CA
0	vdw	A:CYS:152:SG	A:ILE:194:C
0	vdw	A:CYS:152:SG	A:CYS:195:CB
0	vdw	A:CYS:152:SG	A:ILE:194:CA
0	vdw	A:ASP:149:C	A:MET:51:CE
0	vdw	A:ALA:150:CA	A:MET:51:CE
0	vdw	A:ALA:150:N	A:GLY:146:O
0	vdw	A:MET:51:O	A:THR:54:N
0	vdw	A:MET:51:O	A:THR:54:CA
0	vdw	A:MET:51:O	A:THR:54:CB
0	vdw	A:ASN:53:N	A:MET:51:O
0	vdw	A:GLY:52:C	A:THR:54:N
0	vdw	A:LYS:50:CA	A:THR:54:O
0	vdw	A:LYS:50:C	A:THR:54:O
0	vdw	A:LYS:50:CG	A:THR:54:O
0	vdw	A:MET:51:N	A:THR:54:O
0	vdw	A:ASP:144:CB	A:THR:54:N
0	vdw	A:ASN:53:CB	D:ASP:11:OD2
0	vdw	A:GLY:52:C	A:LYS:50:NZ
0	vdw	A:ASN:53:N	A:MET:51:C
0	vdw	A:ASN:53:CB	A:ASP:144:OD2
0	vdw	A:ASN:53:CG	D:ASP:11:OD2
0	vdw	G:CYS:215:C	G:LYS:217:N
0	vdw	G:GLN:165:NE2	G:PHE:172:CD1
0	vdw	G:GLN:165:NE2	G:PHE:172:CE1
0	vdw	A:HIS:191:CE1	A:SER:115:C
0	vdw	A:HIS:191:NE2	A:SER:115:C
0	vdw	A:HIS:191:CE1	A:SER:115:O
0	vdw	A:HIS:191:NE2	A:SER:115:O
0	vdw	A:HIS:191:ND1	A:PRO:193:CG
0	vdw	A:HIS:191:CE1	A:PRO:193:CG
0	vdw	A:SER:115:O	B:LYS:204:CD
0	vdw	A:SER:115:O	B:LYS:204:CG
0	vdw	A:HIS:191:C	A:PRO:193:CD
0	vdw	A:HIS:191:O	A:PRO:193:CD
0	vdw	A:MET:156:CE	A:PRO:193:CD
0	vdw	A:PRO:193:CB	A:VAL:246:CG2
0	vdw	A:PRO:193:CB	A:THR:238:CG2
0	vdw	A:MET:156:CG	A:PRO:193:O
0	vdw	A:CYS:152:O	A:MET:156:CB
0	vdw	A:CYS:152:O	A:MET:156:CG
0	vdw	A:CYS:152:SG	A:PRO:193:O
0	vdw	A:ASP:149:O	A:ILE:153:N
0	vdw	A:ILE:153:CG2	A:ILE:38:CD1
0	vdw	A:VAL:36:CG2	A:VAL:49:CG1
0	vdw	A:GLU:37:CD	A:LYS:50:O
0	vdw	A:GLU:37:OE2	A:LYS:50:O
0	vdw	A:GLU:37:OE2	A:LYS:50:CB
0	vdw	A:GLU:37:OE2	A:LYS:50:CG
0	vdw	A:ASP:35:O	A:LYS:50:O
0	vdw	A:GLU:37:OE1	A:LYS:50:O
0	vdw	A:LYS:50:O	A:VAL:36:CA
0	vdw	A:GLY:52:O	A:LYS:50:CE
0	vdw	A:GLY:52:O	A:LYS:50:NZ
0	vdw	G:ASN:218:N	G:GLN:216:C
0	vdw	G:ASP:219:N	G:LYS:217:C
0	vdw	G:ASN:218:N	G:CYS:214:O
0	vdw	G:ASN:218:CA	G:CYS:214:O
0	vdw	A:GLY:116:O	A:LEU:190:CD1
0	vdw	A:HIS:191:N	A:ILE:189:CG2
0	vdw	A:HIS:191:C	A:ILE:189:CG2
0	vdw	A:HIS:191:O	A:ILE:189:CG2
0	vdw	A:ILE:192:CA	A:MET:156:CE
0	vdw	A:ILE:192:CB	A:MET:156:CE
0	vdw	A:ILE:192:CG1	A:MET:156:CE
0	vdw	A:ILE:192:CD1	A:ILE:279:CD1
0	vdw	A:ILE:192:CD1	A:THR:276:CG2
0	vdw	A:ILE:279:CG1	A:ILE:38:CD1
0	vdw	A:ILE:275:O	A:ILE:279:CG1
0	vdw	A:ILE:153:CG2	A:ILE:279:CD1
0	vdw	A:GLU:37:N	A:LYS:50:O
0	vdw	A:GLU:37:O	A:LYS:50:N
0	vdw	A:GLU:37:OE2	A:LYS:50:CD
0	vdw	A:GLU:37:OE2	A:LYS:50:NZ
0	vdw	A:LEU:280:CD2	A:MET:160:CE
0	vdw	A:ILE:279:O	A:LEU:283:CB
0	vdw	A:ILE:279:CB	A:THR:276:O
0	vdw	A:ILE:279:O	A:LEU:282:N
0	vdw	A:ILE:279:O	A:LEU:282:CA
0	vdw	A:ILE:279:O	A:LEU:282:C
0	vdw	A:ILE:279:O	A:LEU:283:N
0	vdw	A:GLN:281:N	A:ILE:279:C
0	vdw	A:GLN:281:N	A:ILE:279:O
0	vdw	A:ILE:275:O	A:ILE:279:CB
0	vdw	A:ILE:38:CB	A:LEU:282:CD2
0	vdw	A:LEU:280:O	A:LEU:283:CB
0	vdw	A:LEU:280:O	A:LEU:283:N
0	vdw	A:LEU:280:O	A:LYS:284:N
0	vdw	A:LEU:280:O	A:LYS:284:CB
0	vdw	A:GLU:285:N	A:LEU:283:C
0	vdw	A:GLN:281:C	A:LEU:283:N
0	vdw	A:GLN:281:O	A:LEU:283:N
0	vdw	A:LEU:280:C	A:LEU:282:N
0	vdw	A:GLN:278:O	A:LEU:282:N
0	vdw	A:GLN:278:O	A:LEU:282:CB
0	vdw	A:GLN:281:O	A:LYS:284:N
0	vdw	A:GLN:281:O	A:LYS:284:CA
0	vdw	A:GLN:281:O	A:LYS:284:CB
0	vdw	A:GLN:281:C	A:LYS:284:N
0	vdw	A:LEU:282:C	A:LYS:284:N
0	vdw	A:GLN:281:O	A:LYS:284:C
0	vdw	A:GLN:281:O	A:GLU:285:N
0	vdw	A:GLN:281:O	A:GLU:285:CB
0	vdw	A:GLN:281:O	A:GLU:285:CG
0	vdw	A:GLU:288:CD	A:LYS:284:O
0	vdw	A:GLU:288:OE1	A:LYS:284:NZ
0	vdw	J:ASN:175:O	J:ASP:171:CA
0	vdw	J:ASN:175:O	J:ASP:171:C
0	vdw	J:ASN:175:O	J:ASP:171:CB
0	vdw	J:GLU:144:O	J:LYS:405:CD
0	vdw	J:ARG:454:NH1	J:GLU:144:CD
0	vdw	J:ARG:454:CB	J:ASP:450:O
0	vdw	J:ARG:454:CD	J:ASP:450:OD1
0	vdw	J:ARG:454:CB	J:ASN:142:CB
0	vdw	J:ARG:454:CD	J:ASN:142:O
0	vdw	J:ARG:455:CB	J:LEU:451:O
0	vdw	J:ALA:453:N	J:LEU:451:C
0	vdw	J:ARG:454:N	J:LEU:451:O
0	vdw	J:ARG:455:N	J:LEU:451:O
0	vdw	J:ARG:455:CB	J:ILE:452:O
0	vdw	J:ASP:456:OD2	J:ILE:452:CG2
0	vdw	J:HIS:493:ND1	J:ILE:452:CG2
0	vdw	J:ASP:456:OD2	J:HIS:493:CE1
0	vdw	J:GLN:496:CD	J:GLU:492:OE2
0	vdw	J:ASN:175:O	J:ASP:172:N
0	vdw	J:ASN:175:O	J:ASP:172:CA
0	vdw	J:ASP:170:O	J:ASP:172:N
0	vdw	J:ARG:407:O	J:PRO:176:CD
0	vdw	J:PRO:176:CG	J:TYR:406:O
0	vdw	J:GLU:402:CG	J:TYR:406:C
0	vdw	J:ARG:407:N	J:LYS:405:C
0	vdw	J:ARG:407:N	J:LYS:405:O
0	vdw	J:SER:404:C	J:TYR:406:N
0	vdw	J:ARG:407:CG	J:SER:404:O
0	vdw	J:TYR:403:O	J:TYR:406:N
0	vdw	J:ARG:407:N	J:TYR:403:O
0	vdw	J:ARG:454:CZ	J:GLU:144:OE1
0	vdw	J:ARG:454:NH2	J:GLU:144:OE1
0	vdw	J:LYS:405:N	J:TYR:403:C
0	vdw	J:ARG:454:NH1	J:GLU:144:OE1
0	vdw	J:LYS:405:N	J:TYR:403:O
0	vdw	J:ARG:454:NE	J:TYR:247:OH
0	vdw	J:ARG:454:CZ	J:TYR:247:OH
0	vdw	J:ARG:454:NH2	J:TYR:247:OH
0	vdw	J:ASP:450:OD1	J:TYR:247:OH
0	vdw	J:ARG:454:NE	J:TYR:247:CZ
0	vdw	J:ARG:454:NE	J:ASP:450:OD1
0	vdw	J:ARG:454:CZ	J:GLU:144:CD
0	vdw	J:ARG:454:NH2	J:GLU:144:CD
0	vdw	J:ARG:454:NH2	J:GLU:144:OE2
0	vdw	J:ARG:454:NE	J:TYR:247:CE2
0	vdw	J:ASP:450:OD1	J:TYR:247:CZ
0	vdw	J:ARG:454:CG	J:TYR:247:CZ
0	vdw	J:ARG:454:CG	J:ASP:450:O
0	vdw	J:ARG:454:CG	J:ASP:450:OD1
0	vdw	J:ALA:453:N	J:ASP:450:O
0	vdw	J:ARG:454:N	J:ASP:450:O
0	vdw	J:ASP:450:OD1	J:TYR:247:CE1
0	vdw	J:ARG:454:CG	J:TYR:247:CE1
0	vdw	J:ARG:454:CG	J:ASN:142:CB
0	vdw	J:ARG:454:N	J:ILE:452:C
0	vdw	J:ARG:454:N	J:ILE:452:O
0	vdw	J:ALA:453:CA	J:VAL:463:CG2
0	vdw	J:ALA:453:CB	J:VAL:463:CG2
0	vdw	J:ALA:453:CA	J:GLU:458:O
0	vdw	J:ALA:453:C	J:GLU:458:O
0	vdw	J:ALA:453:CB	J:GLU:458:O
0	vdw	J:ARG:455:N	J:ILE:452:C
0	vdw	J:ALA:453:C	J:ARG:455:N
0	vdw	J:ARG:455:C	J:ILE:452:O
0	vdw	J:ASP:456:N	J:ILE:452:O
0	vdw	J:ARG:455:N	J:ILE:452:O
0	vdw	J:ARG:455:CA	J:ILE:452:O
0	vdw	J:HIS:493:NE2	J:PHE:462:CE2
0	vdw	J:GLN:496:NE2	J:GLU:492:CD
0	vdw	J:GLN:496:NE2	J:GLU:492:OE2
0	vdw	H:ALA:351:CB	H:ARG:355:NH1
0	vdw	H:ALA:351:C	H:ARG:355:NH1
0	vdw	H:ARG:355:NH2	H:GLU:352:CG
0	vdw	H:ALA:210:C	H:ASN:212:N
0	vdw	H:ALA:210:O	H:ASN:212:N
0	vdw	J:ASN:175:OD1	J:PRO:408:CB
0	vdw	J:ASN:175:OD1	J:PRO:408:CG
0	vdw	J:PRO:408:CD	J:VAL:415:CG1
0	vdw	J:GLU:402:O	J:SER:417:CB
0	vdw	J:ARG:407:CB	J:TYR:403:O
0	vdw	J:ILE:419:N	J:SER:404:OG
0	vdw	J:PRO:418:CB	J:SER:404:OG
0	vdw	J:ILE:419:N	J:SER:417:C
0	vdw	J:ILE:419:N	J:SER:417:O
0	vdw	J:PRO:418:CD	J:SER:404:OG
0	vdw	J:PRO:418:CG	J:SER:404:OG
0	vdw	J:ARG:461:N	J:SER:459:C
0	vdw	J:PHE:462:N	J:SER:459:C
0	vdw	J:SER:459:O	J:VAL:463:N
0	vdw	J:SER:459:O	J:VAL:463:CG2
0	vdw	J:PHE:462:N	J:SER:459:O
0	vdw	J:PHE:462:CA	J:SER:459:O
0	vdw	J:PHE:462:CB	J:SER:459:O
0	vdw	J:HIS:493:CD2	J:PHE:462:CE2
0	vdw	H:ASP:347:O	H:THR:350:OG1
0	vdw	H:ALA:351:N	H:ASP:347:O
0	vdw	H:ILE:348:C	H:THR:350:N
0	vdw	H:ILE:348:O	H:THR:350:N
0	vdw	H:ALA:351:N	H:ILE:348:O
0	vdw	H:SER:346:O	H:THR:350:N
0	vdw	H:SER:346:O	H:THR:350:CB
0	vdw	H:SER:346:O	H:THR:350:OG1
0	vdw	H:ALA:351:N	H:LEU:349:C
0	vdw	H:ALA:351:CB	H:ASP:347:O
0	vdw	H:GLU:352:CG	H:ILE:348:O
0	vdw	H:GLU:352:N	H:ILE:348:O
0	vdw	H:GLU:352:CB	H:ILE:348:O
0	vdw	H:ARG:318:CD	H:ILE:348:CG2
0	vdw	H:ARG:318:CD	H:GLU:352:CD
0	vdw	H:ARG:318:CD	H:GLU:352:OE2
0	vdw	H:GLU:352:CD	H:ILE:348:CG2
0	vdw	H:ARG:318:NE	H:GLU:352:CD
0	vdw	H:ARG:318:NE	H:GLU:352:OE1
0	vdw	H:ARG:318:NE	H:GLU:352:OE2
0	vdw	H:ARG:318:CZ	H:GLU:352:CD
0	vdw	H:ARG:318:CZ	H:GLU:352:OE1
0	vdw	H:ARG:318:NH2	H:GLU:352:OE1
0	vdw	H:ARG:318:CG	H:THR:315:OG1
0	vdw	H:ARG:318:CG	H:GLY:313:O
0	vdw	J:GLU:414:CG	J:SER:412:OG
0	vdw	J:GLU:420:CG	J:SER:417:OG
0	vdw	J:ARG:461:CG	J:SER:459:OG
0	vdw	J:ARG:461:N	J:SER:459:O
0	vdw	J:PHE:462:N	J:SER:459:OG
0	vdw	J:PHE:462:CB	J:SER:459:OG
0	vdw	J:SER:459:OG	J:TYR:244:CA
0	vdw	J:SER:459:OG	J:TYR:244:C
0	vdw	J:SER:459:OG	J:TYR:244:O
0	vdw	J:PHE:462:CD1	J:TYR:244:OH
0	vdw	J:PHE:462:CD1	J:TYR:244:CE2
0	vdw	J:PHE:462:CD1	J:TYR:244:CZ
0	vdw	H:SER:346:O	H:THR:350:CG2
0	vdw	H:LEU:349:N	H:SER:346:O
0	vdw	H:ILE:312:CD1	H:LEU:349:CD2
0	vdw	H:ARG:318:NH1	H:ILE:312:CG2
0	vdw	H:ARG:318:NH1	H:GLY:313:O
0	vdw	H:ARG:209:CA	H:HIS:213:NE2
0	vdw	H:ARG:209:C	H:HIS:213:NE2
0	vdw	H:ALA:210:N	H:HIS:213:NE2
0	vdw	J:GLU:414:CG	J:SER:412:CB
0	vdw	J:GLU:414:N	J:SER:412:C
0	vdw	J:SER:412:O	J:VAL:415:O
0	vdw	J:ARG:461:NE	J:TYR:244:CD1
0	vdw	J:ARG:461:NH1	J:ASP:243:OD2
0	vdw	H:ILE:312:CD1	H:LEU:349:CD1
0	vdw	H:CYS:310:O	H:ILE:312:CG1
0	vdw	H:CYS:310:O	H:ILE:312:CD1
0	vdw	H:ILE:312:C	H:LEU:206:CD2
0	vdw	H:ARG:209:NE	H:VAL:227:CG1
0	vdw	H:ARG:209:CZ	H:VAL:227:CG1
0	vdw	H:ARG:209:NE	H:ASP:110:OD2
0	vdw	H:ARG:209:CD	H:VAL:227:CG1
0	vdw	H:ASP:110:CB	H:GLU:107:O
0	vdw	H:ASP:110:CG	H:GLU:107:C
0	vdw	H:ASP:110:CG	H:GLU:107:O
0	vdw	H:ASP:110:OD1	H:GLU:107:C
0	vdw	H:ASP:110:OD1	H:GLU:107:O
0	vdw	H:ASP:110:OD2	H:GLU:107:N
0	vdw	H:ASP:110:CG	H:GLU:107:CB
0	vdw	H:ASP:110:OD1	H:GLU:107:CB
0	vdw	H:ASP:110:OD2	H:GLU:107:CB
0	vdw	H:GLU:107:C	H:GLY:109:N
0	vdw	H:GLU:107:O	H:GLY:109:N
0	vdw	H:ASP:110:N	H:GLU:107:O
0	vdw	H:ASP:110:N	H:THR:108:C
0	vdw	H:THR:108:CA	H:VAL:173:O
0	vdw	H:GLY:109:N	H:VAL:173:O
0	vdw	H:THR:108:CG2	H:VAL:173:O
0	vdw	H:GLN:174:O	H:THR:108:CG2
0	vdw	H:GLU:311:C	H:LEU:206:CD2
0	vdw	H:GLU:311:O	H:LEU:206:CD2
0	vdw	H:LEU:206:N	H:SER:204:O
0	vdw	H:ALA:105:O	H:ARG:209:NH2
0	vdw	H:ARG:209:NH2	H:GLU:107:CG
0	vdw	H:ARG:209:NH2	H:ASP:110:OD2
0	vdw	H:ALA:105:O	H:GLU:107:N
0	vdw	H:ALA:105:O	H:GLU:107:CG
0	vdw	H:LEU:176:CD2	H:PRO:106:O
0	vdw	J:PHE:294:CE2	S:A:22:N6
0	vdw	B:ARG:239:NH1	H:GLU:311:OE1
0	vdw	H:ALA:105:N	H:ARG:103:O
0	vdw	H:GLY:180:O	H:PRO:106:CG
0	vdw	J:LYS:319:NZ	S:A:21:N1
0	vdw	J:TYR:315:OH	S:A:21:N6
0	vdw	J:TYR:315:OH	S:A:21:N1
0	vdw	J:LYS:319:CE	S:A:21:N1
0	vdw	J:TYR:315:OH	S:A:21:C5
0	vdw	J:TYR:315:OH	S:A:21:C6
0	vdw	B:ASP:149:O	H:LYS:101:CB
0	vdw	B:GLY:151:CA	H:LYS:101:O
0	vdw	H:ASP:179:N	H:PHE:177:O
0	vdw	H:GLY:180:N	H:PHE:177:O
0	vdw	H:GLN:178:C	H:GLY:180:N
0	vdw	H:ASP:179:N	H:PHE:177:C
0	vdw	H:GLN:178:O	H:GLY:180:N
0	vdw	J:LYS:319:CE	S:A:21:C2
0	vdw	G:ARG:110:N	G:LYS:108:O
0	vdw	G:ASN:109:CA	G:SER:106:OG
0	vdw	B:ARG:239:CD	B:HIS:235:NE2
0	vdw	B:ASP:149:CG	B:ILE:29:CG2
0	vdw	B:ASP:149:C	B:GLY:151:N
0	vdw	B:ASP:149:O	B:GLY:151:N
0	vdw	B:ALA:150:C	B:ILE:152:N
0	vdw	B:ALA:150:O	B:ILE:152:N
0	vdw	B:GLY:151:N	B:ILE:148:C
0	vdw	B:GLY:151:N	B:ILE:148:O
0	vdw	B:GLY:151:CA	B:ILE:148:O
0	vdw	B:TYR:117:CE1	H:LYS:131:CE
0	vdw	B:ILE:116:O	B:PRO:118:CD
0	vdw	B:ILE:116:C	B:PRO:118:CD
0	vdw	B:PRO:118:CG	H:ASP:179:CB
0	vdw	G:ASN:109:C	G:SER:106:OG
0	vdw	G:ASN:109:O	G:SER:106:C
0	vdw	G:ASN:109:O	G:SER:106:O
0	vdw	G:ASN:109:O	G:SER:106:CB
0	vdw	G:ASN:109:O	G:SER:106:OG
0	vdw	G:ASN:109:CB	G:SER:106:OG
0	vdw	B:ILE:29:CD1	B:LEU:145:CB
0	vdw	B:ILE:29:CD1	B:LEU:145:CD1
0	vdw	B:ASP:149:CB	B:ILE:29:CG2
0	vdw	B:ALA:146:O	B:ILE:148:N
0	vdw	B:ALA:146:O	B:ASP:149:N
0	vdw	B:ALA:146:O	B:ALA:150:N
0	vdw	B:ASP:149:N	B:LEU:147:C
0	vdw	B:ALA:150:N	B:LEU:147:O
0	vdw	B:ALA:146:C	B:ILE:148:N
0	vdw	B:ALA:150:N	B:ILE:148:C
0	vdw	B:ALA:150:N	B:ILE:148:O
0	vdw	B:ILE:148:N	B:THR:144:O
0	vdw	B:ILE:152:N	B:LEU:147:O
0	vdw	B:ILE:152:CB	B:LEU:147:O
0	vdw	B:ILE:152:CD1	B:LEU:147:CD2
0	vdw	B:ILE:152:CG2	B:TYR:117:CE2
0	vdw	B:ILE:152:CG2	B:VAL:112:CG1
0	vdw	B:MET:113:O	B:TYR:117:CD2
0	vdw	B:ILE:116:C	B:PRO:118:N
0	vdw	B:LEU:114:O	B:TYR:117:N
0	vdw	B:LEU:114:O	B:TYR:117:C
0	vdw	B:ASN:115:C	B:TYR:117:N
0	vdw	B:PRO:118:CB	B:SER:68:O
0	vdw	B:ASN:115:O	B:SER:68:O
0	vdw	G:PRO:111:O	G:TYR:84:OH
0	vdw	G:LEU:113:N	G:PRO:111:O
0	vdw	G:PHE:102:CD1	G:PRO:111:CG
0	vdw	G:PHE:102:CG	G:PRO:111:CG
0	vdw	G:ALA:105:N	G:PHE:102:O
0	vdw	G:ALA:105:CB	G:PHE:102:O
0	vdw	G:ALA:105:N	G:PRO:103:C
0	vdw	G:ALA:105:N	G:PRO:103:O
0	vdw	B:GLU:231:CD	B:SER:27:O
0	vdw	B:LEU:145:C	B:LEU:147:N
0	vdw	B:LEU:145:O	B:LEU:147:N
0	vdw	B:ASN:141:O	B:LEU:145:N
0	vdw	B:ALA:146:N	B:GLY:142:O
0	vdw	B:ILE:143:C	B:LEU:145:N
0	vdw	B:ILE:143:O	B:LEU:145:N
0	vdw	B:ALA:146:N	B:ILE:143:O
0	vdw	B:ALA:146:N	B:THR:144:C
0	vdw	B:ILE:148:N	B:LEU:145:C
0	vdw	B:ILE:148:N	B:LEU:145:O
0	vdw	B:ASP:149:N	B:LEU:145:O
0	vdw	B:ILE:148:CA	B:LEU:145:O
0	vdw	B:ILE:148:CB	B:LEU:145:O
0	vdw	B:ILE:143:O	B:LEU:147:N
0	vdw	B:ILE:143:O	B:LEU:147:CA
0	vdw	B:LEU:147:CD1	B:VAL:112:CG2
0	vdw	B:LEU:147:CD1	B:PHE:108:CD1
0	vdw	B:LEU:147:CB	B:MET:154:CE
0	vdw	B:LEU:147:CD1	B:MET:154:CE
0	vdw	B:LEU:114:CD2	B:VAL:112:CG1
0	vdw	B:PHE:108:O	B:VAL:112:CB
0	vdw	B:PHE:108:O	B:VAL:112:CG2
0	vdw	B:MET:154:CE	B:VAL:112:CG2
0	vdw	B:LEU:114:CB	B:LYS:69:CB
0	vdw	B:LEU:114:CG	B:VAL:112:O
0	vdw	B:LEU:114:C	B:LYS:69:CA
0	vdw	B:LEU:114:O	B:LYS:69:CA
0	vdw	B:ILE:116:N	B:LEU:114:C
0	vdw	B:ILE:116:N	B:LEU:114:O
0	vdw	G:ASP:117:CG	G:GLN:114:CA
0	vdw	G:ASP:117:OD1	G:GLN:114:CA
0	vdw	G:LEU:113:CB	G:TYR:84:CZ
0	vdw	G:LEU:113:CB	G:TYR:84:OH
0	vdw	G:CYS:136:CB	G:PHE:102:CD2
0	vdw	G:CYS:136:SG	G:PHE:102:CD2
0	vdw	G:CYS:136:SG	G:PHE:102:CE2
0	vdw	B:ARG:24:NH1	B:GLU:26:CG
0	vdw	B:GLU:26:O	B:GLU:43:O
0	vdw	B:GLU:26:O	B:GLU:43:C
0	vdw	B:GLU:26:N	B:GLU:43:O
0	vdw	B:ASN:141:C	B:MET:42:CG
0	vdw	B:GLY:142:N	B:MET:42:CG
0	vdw	B:GLY:142:CA	B:MET:42:CG
0	vdw	B:ASN:141:CB	B:MET:42:SD
0	vdw	B:ASN:141:C	B:ILE:143:N
0	vdw	B:GLY:142:C	B:THR:144:N
0	vdw	B:GLY:142:N	B:SER:138:O
0	vdw	B:GLY:142:N	B:ILE:140:C
0	vdw	B:GLY:142:N	B:ILE:140:O
0	vdw	B:ASN:141:O	B:LEU:145:CG
0	vdw	B:ILE:143:CG2	B:PHE:108:CE1
0	vdw	B:ILE:140:O	B:ILE:143:N
0	vdw	B:ILE:140:O	B:THR:144:N
0	vdw	B:ILE:143:CB	B:PHE:108:CZ
0	vdw	B:ILE:143:CG2	B:PHE:108:CE2
0	vdw	B:ILE:143:CG2	B:PHE:108:CZ
0	vdw	B:ILE:143:O	B:LEU:147:CB
0	vdw	B:ILE:143:O	B:LEU:147:CG
0	vdw	B:ILE:143:CG2	B:LEU:147:CD1
0	vdw	B:PHE:108:CE1	B:THR:144:OG1
0	vdw	B:PHE:108:C	B:VAL:105:O
0	vdw	B:ASN:111:N	B:PHE:108:C
0	vdw	B:ASN:111:N	B:PHE:108:O
0	vdw	B:PHE:108:O	B:VAL:112:N
0	vdw	B:PHE:108:O	B:VAL:112:CA
0	vdw	B:LYS:110:N	B:PHE:108:C
0	vdw	B:LYS:110:N	B:PHE:108:O
0	vdw	G:GLN:114:C	G:GLY:116:N
0	vdw	G:GLN:114:O	G:GLY:116:N
0	vdw	G:ASP:117:N	G:VAL:115:C
0	vdw	G:ASP:117:N	G:GLN:114:O
0	vdw	G:ASP:117:CG	G:GLN:114:C
0	vdw	G:ASP:117:OD1	G:GLN:114:C
0	vdw	G:ASP:117:CB	G:GLN:114:O
0	vdw	G:ASP:117:CG	G:GLN:114:O
0	vdw	G:ASP:117:OD1	G:GLN:114:O
0	vdw	G:LEU:113:CD1	G:VAL:119:CG1
0	vdw	G:LEU:113:CD1	G:PHE:102:CE2
0	vdw	G:LEU:113:CD1	G:PHE:102:CZ
0	vdw	G:CYS:136:C	G:PHE:147:CD2
0	vdw	G:CYS:136:O	G:PHE:147:CB
0	vdw	G:CYS:136:O	G:PHE:147:CD2
0	vdw	G:PHE:137:N	G:PHE:147:CD2
0	vdw	G:PHE:137:CA	G:PHE:147:CD2
0	vdw	B:ARG:24:O	B:GLY:45:N
0	vdw	B:ARG:24:O	B:GLN:44:CA
0	vdw	B:ARG:24:O	B:GLN:44:C
0	vdw	B:ARG:24:O	B:GLY:45:CA
0	vdw	B:ARG:24:O	B:GLU:43:O
0	vdw	B:GLN:44:CB	B:MET:42:CE
0	vdw	B:GLN:44:OE1	B:MET:42:CE
0	vdw	B:ASN:141:CB	B:MET:42:CE
0	vdw	B:GLN:44:OE1	B:SER:138:OG
0	vdw	B:ASN:141:ND2	B:GLN:44:OE1
0	vdw	B:ILE:140:N	B:SER:138:C
0	vdw	B:ILE:140:N	B:SER:138:O
0	vdw	B:ASN:141:N	B:SER:138:O
0	vdw	B:ASN:141:CB	B:SER:138:O
0	vdw	B:ILE:140:N	B:MET:136:O
0	vdw	B:GLY:137:O	B:ILE:140:N
0	vdw	B:ASN:141:N	B:GLY:137:O
0	vdw	B:ASN:141:CB	B:MET:228:SD
0	vdw	B:ILE:140:O	B:THR:144:CB
0	vdw	B:ILE:140:O	B:THR:144:OG1
0	vdw	B:LEU:104:O	B:PHE:108:CD2
0	vdw	B:LEU:104:O	B:PHE:108:N
0	vdw	B:LEU:104:O	B:MET:107:CB
0	vdw	B:LEU:104:O	B:MET:107:N
0	vdw	B:PHE:108:CZ	B:THR:144:OG1
0	vdw	B:PHE:108:N	B:VAL:105:O
0	vdw	B:GLU:109:N	B:VAL:105:O
0	vdw	B:GLU:109:N	B:MET:107:C
0	vdw	B:GLU:109:CA	B:VAL:105:O
0	vdw	B:GLU:109:CB	B:VAL:105:O
0	vdw	B:GLU:109:CG	B:VAL:105:O
0	vdw	B:MET:107:N	B:VAL:105:O
0	vdw	B:ARG:106:C	B:PHE:108:N
0	vdw	G:GLY:116:O	G:LEU:118:N
0	vdw	A:ALA:9:CB	G:GLY:116:C
0	vdw	A:ALA:9:CB	G:GLY:116:O
0	vdw	A:ALA:9:N	G:GLY:116:O
0	vdw	G:GLY:74:O	G:LEU:118:CA
0	vdw	G:GLY:74:O	G:VAL:119:N
0	vdw	G:GLY:74:O	G:VAL:119:CG2
0	vdw	G:GLY:148:O	G:TYR:120:N
0	vdw	G:PHE:147:CB	G:TYR:120:O
0	vdw	G:PHE:147:CG	G:TYR:120:O
0	vdw	G:PHE:147:CD1	G:TYR:120:O
0	vdw	G:PHE:147:CA	G:TYR:120:O
0	vdw	G:GLY:148:N	G:TYR:120:O
0	vdw	G:ARG:143:N	G:THR:141:C
0	vdw	B:ARG:23:CB	B:GLY:45:CA
0	vdw	B:ARG:23:CG	B:ASP:173:OD2
0	vdw	B:ARG:23:NE	B:ASP:173:OD2
0	vdw	B:ARG:17:CZ	B:ARG:23:CG
0	vdw	B:ARG:23:NE	B:ASP:173:CG
0	vdw	B:ARG:23:NE	B:ASP:173:OD1
0	vdw	B:ARG:17:CD	B:ARG:23:CG
0	vdw	B:ARG:17:NE	B:ARG:23:CG
0	vdw	B:GLN:44:CD	B:SER:138:OG
0	vdw	B:ARG:23:NH2	B:ASP:173:OD1
0	vdw	B:GLY:134:O	B:SER:138:OG
0	vdw	B:GLY:134:O	B:SER:138:N
0	vdw	B:MET:136:C	B:SER:138:N
0	vdw	B:MET:136:O	B:SER:138:N
0	vdw	B:ILE:140:CG1	B:MET:136:O
0	vdw	B:ILE:140:CD1	B:MET:136:O
0	vdw	B:GLY:137:O	B:GLY:160:CA
0	vdw	B:GLY:137:O	B:ILE:140:CA
0	vdw	B:GLY:137:O	B:ILE:140:CB
0	vdw	B:ASN:141:CG	B:GLY:137:O
0	vdw	B:ASN:141:ND2	B:GLY:137:O
0	vdw	B:ILE:140:CG1	B:MET:107:CE
0	vdw	B:ILE:140:CD1	B:MET:107:CE
0	vdw	B:ILE:140:CD1	B:LEU:198:CD2
0	vdw	B:MET:107:CB	B:SER:103:O
0	vdw	B:MET:107:CG	B:SER:103:O
0	vdw	B:LEU:198:CG	B:MET:107:SD
0	vdw	B:LEU:198:CD1	B:MET:107:SD
0	vdw	B:LEU:198:CB	B:MET:107:SD
0	vdw	B:ILE:140:CG2	B:MET:107:CE
0	vdw	B:ILE:158:CG2	B:MET:107:CE
0	vdw	B:MET:107:N	B:SER:103:O
0	vdw	A:ALA:251:O	B:ARG:106:CB
0	vdw	A:GLY:252:CA	B:ARG:106:C
0	vdw	A:GLY:252:CA	B:ARG:106:O
0	vdw	A:GLY:252:CA	B:MET:107:CA
0	vdw	A:SER:8:CB	G:LEU:118:CD2
0	vdw	A:GLU:11:N	A:SER:8:OG
0	vdw	A:GLU:11:CB	A:SER:8:OG
0	vdw	A:GLU:11:CG	A:SER:8:OG
0	vdw	G:ILE:188:C	G:TYR:120:CE1
0	vdw	G:ILE:188:O	G:TYR:120:CE1
0	vdw	G:ILE:188:O	G:TYR:120:CZ
0	vdw	G:ALA:187:CB	G:TYR:120:CD1
0	vdw	G:ALA:187:CB	G:TYR:120:CE1
0	vdw	G:PHE:147:CD1	G:TYR:120:CD2
0	vdw	G:PHE:147:CE1	G:TYR:120:CD2
0	vdw	G:PHE:147:CD1	G:TYR:120:CE2
0	vdw	G:PHE:147:CE1	G:TYR:120:CE2
0	vdw	B:ARG:17:CG	B:ASP:15:CG
0	vdw	B:ARG:17:NE	B:ASP:15:CG
0	vdw	B:ARG:17:CD	B:ASP:15:OD2
0	vdw	B:ARG:17:NE	B:ASP:15:OD2
0	vdw	B:ARG:17:CZ	B:ASP:15:OD2
0	vdw	B:ARG:17:NH2	B:ASP:15:OD2
0	vdw	B:GLY:134:CA	B:SER:162:CB
0	vdw	B:ILE:161:O	B:THR:186:CG2
0	vdw	B:LEU:198:CD2	B:MET:107:SD
0	vdw	A:LYS:250:O	B:LEU:198:CD1
0	vdw	A:ALA:251:O	A:GLY:253:N
0	vdw	A:VAL:234:CG2	B:ARG:106:NH2
0	vdw	A:ARG:231:NE	A:GLU:228:O
0	vdw	A:ARG:231:CG	A:GLU:228:O
0	vdw	A:ARG:231:CD	A:GLU:228:O
0	vdw	A:ARG:231:N	A:LEU:229:C
0	vdw	A:GLU:11:OE1	A:ILE:7:CG2
0	vdw	A:GLU:11:CD	G:ILE:155:CG2
0	vdw	A:GLU:11:OE2	G:ILE:155:CG2
0	vdw	G:ILE:155:CG1	G:ILE:194:O
0	vdw	G:ILE:155:CD1	G:ILE:73:CG2
0	vdw	G:ILE:155:CG1	G:ILE:194:C
0	vdw	G:GLY:189:N	G:ILE:73:CG1
0	vdw	G:GLY:189:N	G:ILE:73:CD1
0	vdw	G:ILE:73:CD1	G:LYS:193:C
0	vdw	G:ILE:73:CD1	G:LYS:193:O
0	vdw	G:ALA:187:O	G:ILE:73:CD1
0	vdw	G:ILE:73:CG1	G:TYR:120:CD1
0	vdw	G:ILE:73:CG1	G:TYR:120:CE1
0	vdw	G:ILE:188:C	G:TYR:120:OH
0	vdw	G:ILE:188:O	G:TYR:120:OH
0	vdw	B:GLY:16:N	B:LEU:14:C
0	vdw	B:ARG:13:C	B:ASP:15:N
0	vdw	B:ASN:175:ND2	B:GLU:178:CD
0	vdw	B:ASN:175:ND2	B:GLU:178:OE2
0	vdw	B:GLU:178:OE1	B:THR:174:CB
0	vdw	B:ASN:175:CG	B:GLU:178:CG
0	vdw	B:ASN:175:ND2	B:GLU:178:CG
0	vdw	B:ARG:13:NH1	B:GLU:178:OE1
0	vdw	B:GLU:178:OE1	B:THR:174:CG2
0	vdw	B:GLU:178:OE1	B:LEU:171:CD1
0	vdw	B:ARG:13:CD	B:GLU:178:OE2
0	vdw	B:SER:162:OG	B:THR:174:OG1
0	vdw	B:THR:174:OG1	B:THR:184:CG2
0	vdw	A:VAL:248:O	B:LEU:200:CA
0	vdw	B:LEU:200:O	B:VAL:185:CA
0	vdw	B:LEU:200:O	B:VAL:185:C
0	vdw	B:LEU:200:O	B:THR:186:N
0	vdw	A:SER:249:CA	B:LEU:199:O
0	vdw	A:LYS:250:N	B:LEU:199:O
0	vdw	A:SER:249:O	A:THR:236:N
0	vdw	A:ARG:231:CZ	A:VAL:234:CG2
0	vdw	A:ARG:231:NH2	A:VAL:234:CG2
0	vdw	A:ARG:231:CZ	A:GLU:228:CG
0	vdw	A:ARG:231:NH2	A:GLU:228:CG
0	vdw	A:ARG:231:NE	A:VAL:234:CG2
0	vdw	A:ARG:231:NH1	A:THR:197:CG2
0	vdw	A:ARG:231:NH1	A:SER:199:OG
0	vdw	A:ARG:231:NE	A:GLU:228:CG
0	vdw	A:GLU:228:CB	A:THR:224:O
0	vdw	A:GLU:228:N	A:LEU:225:O
0	vdw	A:LEU:225:O	A:LEU:229:N
0	vdw	A:GLU:228:N	A:LYS:226:C
0	vdw	A:GLU:228:N	A:THR:224:O
0	vdw	A:GLU:228:CA	A:THR:224:O
0	vdw	A:GLU:227:N	A:LEU:225:C
0	vdw	A:GLU:227:N	A:LEU:225:O
0	vdw	A:GLU:227:C	A:LEU:229:N
0	vdw	A:GLU:227:O	A:LEU:229:N
0	vdw	A:GLU:228:C	A:LEU:230:N
0	vdw	A:LEU:25:CD2	A:LYS:226:CD
0	vdw	A:LYS:226:NZ	G:TYR:208:OH
0	vdw	G:ILE:156:O	G:ILE:194:N
0	vdw	G:ILE:156:N	G:ILE:194:O
0	vdw	G:GLY:189:N	G:LYS:193:O
0	vdw	G:ILE:156:CG2	G:ILE:194:CB
0	vdw	G:ILE:188:CG1	G:LEU:166:CD2
0	vdw	G:ILE:188:CG1	G:ILE:194:CG2
0	vdw	B:GLU:5:O	B:LEU:14:CG
0	vdw	B:ILE:6:CA	B:LEU:14:CD1
0	vdw	B:ILE:6:CD1	B:LEU:14:CD1
0	vdw	B:ILE:6:O	B:LEU:14:CD1
0	vdw	B:ILE:6:CG2	B:MET:182:CE
0	vdw	B:GLU:178:O	B:MET:182:CE
0	vdw	B:LEU:171:CD1	B:MET:182:CE
0	vdw	B:MET:182:CE	B:TYR:166:CB
0	vdw	B:ALA:181:C	B:GLU:178:O
0	vdw	B:GLU:178:O	B:MET:182:N
0	vdw	B:GLU:178:O	B:MET:182:CG
0	vdw	B:THR:184:CA	B:VAL:163:O
0	vdw	B:GLY:164:CA	B:THR:184:CG2
0	vdw	B:THR:184:C	B:VAL:163:O
0	vdw	A:VAL:248:O	B:VAL:201:N
0	vdw	A:VAL:248:N	B:VAL:201:O
0	vdw	A:GLN:247:CA	B:VAL:201:O
0	vdw	A:GLN:247:CB	B:VAL:201:O
0	vdw	A:THR:236:O	A:VAL:248:C
0	vdw	A:SER:249:N	A:THR:236:O
0	vdw	A:VAL:248:O	B:LEU:199:O
0	vdw	A:THR:236:O	A:VAL:248:CA
0	vdw	A:THR:236:O	A:VAL:248:CG2
0	vdw	A:THR:197:OG1	A:THR:236:OG1
0	vdw	A:THR:236:CA	A:VAL:196:O
0	vdw	A:ASP:149:CG	A:THR:197:CB
0	vdw	A:ASP:149:OD1	A:THR:197:CB
0	vdw	A:ASP:149:OD2	A:THR:197:CB
0	vdw	A:LYS:226:N	A:THR:224:C
0	vdw	A:LYS:226:N	A:THR:224:O
0	vdw	A:GLU:227:N	A:THR:224:O
0	vdw	A:GLU:227:C	A:THR:224:O
0	vdw	A:ASP:144:OD2	A:THR:224:OG1
0	vdw	G:ILE:156:CB	G:TYR:208:CD2
0	vdw	G:ILE:156:CB	G:TYR:208:CE2
0	vdw	G:ILE:156:CG1	G:TYR:208:CE2
0	vdw	G:ILE:194:CD1	G:LEU:166:CD2
0	vdw	G:LEU:166:CD2	G:LEU:174:CD2
0	vdw	G:ASN:169:CA	G:GLN:165:O
0	vdw	G:ASN:169:O	G:GLN:165:O
0	vdw	G:ASN:170:N	G:PHE:168:O
0	vdw	G:ASN:170:OD1	G:PHE:168:O
0	vdw	G:ASN:169:C	G:ASP:171:N
0	vdw	G:ASN:169:O	G:ASP:171:N
0	vdw	B:GLU:5:C	B:TYR:7:N
0	vdw	B:ILE:6:N	B:LEU:4:O
0	vdw	B:ILE:6:CB	B:TYR:166:CE1
0	vdw	B:LEU:165:O	B:MET:182:CB
0	vdw	B:ASP:203:CB	B:SER:183:CB
0	vdw	B:ASP:203:CB	B:SER:183:OG
0	vdw	B:LYS:204:N	B:SER:183:OG
0	vdw	B:ILE:205:CG1	B:SER:183:CB
0	vdw	B:ILE:205:CD1	B:SER:183:CB
0	vdw	B:LYS:204:O	B:SER:183:CB
0	vdw	B:LYS:204:C	B:SER:183:OG
0	vdw	B:LYS:204:O	B:SER:183:OG
0	vdw	A:VAL:246:O	B:ASP:203:O
0	vdw	B:ASP:203:O	B:VAL:201:CG1
0	vdw	A:GLN:247:O	A:THR:238:OG1
0	vdw	A:GLN:247:CG	A:THR:238:OG1
0	vdw	A:GLN:247:O	A:THR:238:CA
0	vdw	A:GLN:247:O	A:THR:238:CB
0	vdw	A:GLN:247:CG	A:THR:238:CB
0	vdw	A:GLN:247:O	A:VAL:237:CA
0	vdw	A:GLN:247:O	A:VAL:237:C
0	vdw	A:GLN:247:O	A:THR:238:N
0	vdw	A:GLN:247:N	A:THR:238:O
0	vdw	A:GLN:247:N	A:VAL:245:C
0	vdw	A:GLN:247:NE2	A:THR:238:OG1
0	vdw	A:VAL:196:N	A:VAL:237:O
0	vdw	A:ASP:149:CG	A:THR:197:OG1
0	vdw	A:ASP:149:OD1	A:THR:197:OG1
0	vdw	A:ASP:149:OD2	A:THR:197:OG1
0	vdw	A:ASP:149:CG	A:THR:197:N
0	vdw	A:ASP:149:OD1	A:THR:197:N
0	vdw	A:ASP:149:OD1	A:THR:197:CA
0	vdw	A:ASP:149:OD1	A:VAL:196:CA
0	vdw	A:ASP:149:OD1	A:VAL:196:C
0	vdw	A:ARG:34:CZ	A:ASP:222:CG
0	vdw	A:ARG:34:NH2	A:ASP:222:CG
0	vdw	A:ARG:34:CZ	A:ASP:222:OD1
0	vdw	A:ARG:34:NH2	A:ASP:222:OD1
0	vdw	A:ARG:34:NE	A:ASP:222:CG
0	vdw	A:ASP:222:CG	A:PHE:33:CE2
0	vdw	G:MET:212:CE	G:TYR:208:CZ
0	vdw	G:MET:212:CE	G:TYR:208:OH
0	vdw	G:ILE:156:CD1	G:MET:212:CE
0	vdw	G:CYS:215:CB	G:ILE:211:O
0	vdw	G:CYS:215:N	G:ILE:211:O
0	vdw	G:GLU:213:N	G:ILE:211:O
0	vdw	G:CYS:214:N	G:ILE:211:O
0	vdw	G:PHE:162:CE2	G:PHE:172:CZ
0	vdw	G:ILE:211:CG2	G:PHE:162:CE1
0	vdw	G:PHE:162:CE2	G:PHE:223:CZ
0	vdw	G:LEU:174:CD2	G:PHE:162:CE1
0	vdw	G:LEU:174:CD2	G:PHE:162:CZ
0	vdw	G:PHE:172:CE2	G:PHE:223:CZ
0	vdw	G:PHE:172:CZ	G:PHE:223:CZ
0	vdw	G:LEU:174:CB	G:PHE:172:CE2
0	vdw	G:ASN:169:OD1	G:PHE:172:CA
0	vdw	G:ASN:169:OD1	G:PHE:172:CB
0	vdw	G:LEU:174:CB	G:PHE:172:CD2
0	vdw	G:LEU:166:CD1	G:PHE:172:CD2
0	vdw	G:ASN:169:CG	G:ASP:171:N
0	vdw	G:ASN:169:OD1	G:ASP:171:N
0	vdw	G:ASN:169:OD1	G:ASP:171:CA
0	vdw	G:ASN:169:OD1	G:ASP:171:C
0	vdw	G:ASN:169:OD1	G:PHE:172:N
0	vdw	G:ASN:170:C	G:PHE:172:N
0	vdw	G:ASN:169:OD1	G:ASP:171:CB
0	vdw	G:ASP:171:C	G:PRO:173:N
0	vdw	A:THR:238:O	A:VAL:246:CA
0	vdw	A:THR:238:CB	A:VAL:246:CB
0	vdw	A:THR:238:CG2	A:VAL:246:CB
0	vdw	A:THR:238:CG2	A:VAL:246:CG1
0	vdw	A:THR:238:O	A:VAL:246:CB
0	vdw	A:ILE:194:C	A:THR:238:CG2
0	vdw	A:ILE:194:O	A:THR:238:CA
0	vdw	A:ILE:194:O	A:THR:238:CG2
0	vdw	A:ILE:194:N	A:THR:238:CG2
0	vdw	A:ILE:194:O	A:LEU:239:N
0	vdw	A:ILE:194:O	A:LEU:239:O
0	vdw	A:ILE:194:O	A:ILE:272:CG2
0	vdw	A:ASP:149:OD1	A:CYS:195:C
0	vdw	A:ASP:149:OD1	A:CYS:195:O
0	vdw	A:CYS:195:CA	A:VAL:237:O
0	vdw	A:MET:51:CE	A:PHE:33:CE1
0	vdw	A:MET:51:CE	A:PHE:33:CZ
0	vdw	A:ASP:149:CB	A:PHE:33:CZ
0	vdw	A:MET:51:SD	A:PHE:33:CE1
0	vdw	A:MET:51:SD	A:PHE:33:CZ
0	vdw	A:ILE:153:CD1	A:MET:51:CE
0	vdw	A:ARG:34:CD	A:ASP:222:OD2
0	vdw	A:ARG:34:NE	A:ASP:222:OD2
0	vdw	A:ARG:34:CB	A:ASP:222:OD2
0	vdw	A:ARG:34:CG	A:ASP:222:OD2
0	vdw	A:ARG:34:CZ	A:ASP:222:OD2
0	vdw	A:ARG:34:NH2	A:ASP:222:OD2
0	vdw	A:ARG:28:NH1	A:ARG:34:CD
0	vdw	G:GLN:216:CB	G:MET:212:O
0	vdw	G:GLN:216:N	G:GLU:213:O
0	vdw	G:GLN:216:CB	G:GLU:213:O
0	vdw	G:CYS:215:N	G:GLU:213:C
0	vdw	G:CYS:215:N	G:GLU:213:O
0	vdw	G:CYS:214:C	G:GLN:216:N
0	vdw	G:CYS:214:O	G:GLN:216:N
0	vdw	G:GLU:213:O	G:LYS:217:N
0	vdw	G:GLU:213:O	G:LYS:217:CB
0	vdw	G:CYS:214:N	G:MET:212:C
0	vdw	G:GLU:213:C	G:THR:210:O
0	vdw	G:CYS:214:CA	G:THR:210:O
0	vdw	G:ASP:219:O	G:PHE:223:CE1
0	vdw	G:PHE:223:CE1	G:THR:220:CA
0	vdw	A:GLU:244:OE2	B:LYS:204:CE
0	vdw	A:GLU:244:OE1	B:LYS:204:CE
0	vdw	A:GLU:244:CD	B:LYS:204:CE
0	vdw	A:ASN:240:ND2	A:GLU:244:OE2
0	vdw	A:ASN:240:ND2	A:HIS:191:CB
0	vdw	A:ASN:240:ND2	A:HIS:191:CG
0	vdw	A:ASN:240:ND2	A:GLU:244:CG
0	vdw	A:ASN:240:ND2	A:ASN:242:CB
0	vdw	A:ASN:242:CB	A:GLU:244:OE2
0	vdw	A:ASN:240:CB	A:ILE:192:O
0	vdw	A:ILE:194:N	A:LEU:239:O
0	vdw	A:ILE:194:CG1	A:ILE:275:CD1
0	vdw	A:ILE:194:CG2	A:ILE:275:CD1
0	vdw	A:ILE:194:CD1	A:ILE:275:CD1
0	vdw	A:ILE:153:CD1	A:ILE:275:CD1
0	vdw	A:ILE:194:CB	A:ILE:272:CG2
0	vdw	A:ILE:194:CG2	A:ILE:272:CG2
0	vdw	A:ASP:35:O	A:GLU:37:OE1
0	vdw	G:ALA:222:N	G:ASP:219:O
0	vdw	G:ALA:221:N	G:ASP:219:C
0	vdw	G:ALA:221:N	G:ASP:219:O
0	vdw	G:ASP:219:O	G:PHE:223:CD1
0	vdw	G:ALA:222:CB	G:ASP:219:CB
0	vdw	G:ALA:222:N	G:THR:220:C
0	vdw	G:PRO:173:CG	G:THR:220:CG2
0	vdw	G:PRO:173:CD	G:THR:220:CG2
0	vdw	G:PHE:223:CD1	G:THR:220:CA
0	vdw	G:PHE:223:CD1	G:THR:220:C
0	vdw	A:ASN:242:ND2	A:HIS:191:CB
0	vdw	A:ILE:192:CG2	A:THR:276:CG2
0	vdw	A:ILE:272:O	A:THR:276:CB
0	vdw	A:ILE:272:O	A:THR:276:CG2
0	vdw	A:ILE:194:CG1	A:THR:276:CG2
0	vdw	A:ILE:272:O	A:ILE:275:CG1
0	vdw	A:ILE:272:O	A:THR:276:N
0	vdw	A:GLN:278:N	A:ILE:275:C
0	vdw	A:GLN:278:CB	A:ILE:275:C
0	vdw	A:GLN:278:N	A:ILE:275:O
0	vdw	A:GLN:278:CA	A:ILE:275:O
0	vdw	A:GLN:278:C	A:ILE:275:O
0	vdw	A:GLN:278:CB	A:ILE:275:O
0	vdw	A:ILE:275:O	A:ILE:279:N
0	vdw	A:LYS:274:C	A:THR:276:N
0	vdw	A:ASP:277:N	A:ILE:275:C
0	vdw	A:ILE:271:O	A:ILE:275:CG1
0	vdw	A:GLN:278:OE1	A:VAL:36:CG1
0	vdw	A:GLN:278:NE2	A:VAL:36:C
0	vdw	A:GLN:278:CD	A:VAL:36:O
0	vdw	A:GLN:278:NE2	A:VAL:36:O
0	vdw	A:ILE:275:CG2	A:VAL:36:CG1
0	vdw	A:ARG:34:C	A:VAL:36:N
0	vdw	A:ARG:34:O	A:VAL:36:N
0	vdw	G:ALA:221:N	G:ASP:219:OD1
0	vdw	A:LEU:280:CG	A:THR:276:O
0	vdw	A:LEU:280:N	A:THR:276:O
0	vdw	A:GLN:278:N	A:THR:276:C
0	vdw	A:ILE:279:N	A:THR:276:C
0	vdw	A:GLN:278:N	A:THR:276:O
0	vdw	A:ILE:279:N	A:THR:276:O
0	vdw	A:ASP:277:C	A:ILE:279:N
0	vdw	A:GLN:278:C	A:LEU:280:N
0	vdw	A:LEU:280:CB	A:THR:276:O
0	vdw	A:GLN:278:O	A:GLN:281:CB
0	vdw	A:GLN:278:N	A:LYS:274:O
0	vdw	A:GLN:278:CB	A:LYS:274:O
0	vdw	A:GLN:278:O	A:LEU:282:CD1
0	vdw	A:GLN:278:CB	A:ILE:275:CA
0	vdw	A:ASP:277:O	A:GLN:281:N
0	vdw	A:ASP:277:O	A:GLN:281:CB
0	vdw	A:GLN:278:O	A:GLN:281:N
0	vdw	A:GLN:281:CG	A:GLU:285:OE2
0	vdw	A:GLN:281:NE2	A:GLU:285:OE2
0	vdw	J:SER:145:O	J:TYR:406:CZ
0	vdw	J:SER:145:O	J:TYR:406:OH
0	vdw	J:SER:145:C	J:TYR:406:OH
0	vdw	J:PRO:147:CD	J:TYR:406:CZ
0	vdw	J:SER:143:OG	J:SER:145:CB
0	vdw	J:SER:143:OG	J:SER:145:OG
0	vdw	J:GLU:144:C	J:HIS:146:N
0	vdw	J:SER:143:C	J:SER:145:N
0	vdw	J:SER:143:O	J:SER:145:N
0	vdw	J:ASP:141:OD1	J:SER:143:CB
0	vdw	J:ASP:171:N	J:VAL:169:O
0	vdw	J:HIS:178:N	J:PRO:176:O
0	vdw	J:PRO:147:CG	J:SER:177:O
0	vdw	J:GLU:144:O	J:TYR:406:CE2
0	vdw	J:GLU:402:OE2	J:TYR:406:CB
0	vdw	J:PRO:147:CA	J:TYR:406:CD2
0	vdw	J:PRO:147:CD	J:TYR:406:CE1
0	vdw	J:HIS:146:C	J:TYR:406:CE2
0	vdw	J:PRO:147:N	J:TYR:406:CE2
0	vdw	J:SER:145:C	J:TYR:406:CE2
0	vdw	J:PRO:147:CG	J:TYR:406:CD1
0	vdw	J:PRO:147:CG	J:TYR:406:CE1
0	vdw	J:HIS:146:CA	J:TYR:406:CE2
0	vdw	J:ASN:142:C	J:GLU:144:N
0	vdw	J:ASP:141:C	J:SER:143:N
0	vdw	J:ASP:141:OD1	J:SER:143:N
0	vdw	J:ARG:454:O	J:ASN:142:CB
0	vdw	J:ARG:454:CA	J:ASN:142:CB
0	vdw	J:ARG:455:O	J:ASP:457:N
0	vdw	H:ALA:351:O	H:ARG:355:CG
0	vdw	J:HIS:178:CD2	J:PRO:176:O
0	vdw	J:ARG:400:NH2	J:HIS:178:CG
0	vdw	J:ARG:400:NH2	J:HIS:178:CD2
0	vdw	J:ARG:400:NH2	J:HIS:178:NE2
0	vdw	J:HIS:178:CD2	J:VAL:169:CG1
0	vdw	J:HIS:178:NE2	J:VAL:169:CG1
0	vdw	J:ARG:400:CZ	J:HIS:178:CG
0	vdw	J:ARG:400:NH1	J:HIS:178:CG
0	vdw	J:GLU:402:CG	J:TYR:406:O
0	vdw	J:GLU:402:CD	J:PHE:148:N
0	vdw	J:GLU:402:CD	J:PHE:148:CB
0	vdw	J:GLU:402:OE2	J:PHE:148:N
0	vdw	J:GLU:402:OE2	J:PRO:147:CA
0	vdw	J:GLU:402:OE2	J:PRO:147:C
0	vdw	J:ARG:400:NH1	J:GLU:402:CG
0	vdw	J:ARG:400:NH1	J:GLU:402:CD
0	vdw	J:GLU:402:OE2	J:PRO:147:CB
0	vdw	J:GLU:144:CG	J:TYR:403:CB
0	vdw	J:GLU:144:CD	J:TYR:403:CB
0	vdw	J:GLU:144:CG	J:TYR:403:CG
0	vdw	J:GLU:144:CG	J:TYR:403:CD1
0	vdw	J:GLU:144:CD	J:TYR:403:CD1
0	vdw	J:GLU:144:OE2	J:TYR:403:CD1
0	vdw	J:TYR:248:CE1	J:TYR:403:CD1
0	vdw	J:TYR:248:OH	J:TYR:403:CD1
0	vdw	J:TYR:248:CZ	J:TYR:403:CD1
0	vdw	J:GLU:144:CG	J:TYR:248:OH
0	vdw	J:GLU:144:OE2	J:TYR:248:CE1
0	vdw	J:GLU:144:OE2	J:TYR:248:OH
0	vdw	J:ASN:142:CA	J:TYR:248:OH
0	vdw	J:TYR:248:CE1	J:TYR:403:CE1
0	vdw	J:TYR:248:OH	J:TYR:403:CE1
0	vdw	J:ASP:141:O	J:TYR:248:OH
0	vdw	J:ARG:454:CA	J:ASN:142:ND2
0	vdw	J:ASN:142:ND2	J:ASP:457:CA
0	vdw	J:ASN:142:ND2	J:ASP:457:CB
0	vdw	J:ASN:142:ND2	J:ASP:457:CG
0	vdw	J:ASN:142:ND2	J:ASP:457:OD1
0	vdw	J:ARG:454:C	J:ASN:142:ND2
0	vdw	J:ARG:454:O	J:ASN:142:ND2
0	vdw	J:ALA:453:O	J:ASP:457:N
0	vdw	J:ALA:453:O	J:ASP:457:CA
0	vdw	J:ALA:453:O	J:ASP:457:C
0	vdw	J:ALA:453:O	J:GLU:458:N
0	vdw	J:ASP:456:C	J:GLU:458:N
0	vdw	J:ALA:453:O	J:GLU:458:O
0	vdw	J:ARG:455:C	J:ASP:457:N
0	vdw	H:ALA:351:O	H:MET:354:N
0	vdw	H:ALA:351:O	H:ARG:355:N
0	vdw	H:MET:354:N	H:THR:350:O
0	vdw	H:MET:354:CB	H:THR:350:O
0	vdw	H:GLU:352:C	H:MET:354:N
0	vdw	H:ARG:355:N	H:LYS:353:C
0	vdw	H:ALA:351:C	H:LYS:353:N
0	vdw	H:ALA:351:O	H:LYS:353:N
0	vdw	H:GLU:352:O	H:GLY:356:N
0	vdw	H:GLU:352:O	H:GLY:356:CA
0	vdw	J:ARG:400:NH2	J:VAL:415:CG1
0	vdw	J:ARG:400:NH2	J:VAL:415:CG2
0	vdw	J:ARG:400:NH2	J:HIS:178:ND1
0	vdw	J:ARG:400:NH2	J:HIS:178:CE1
0	vdw	J:GLU:402:O	J:TYR:416:O
0	vdw	J:GLU:402:O	J:SER:417:CA
0	vdw	J:ARG:400:NH1	J:GLU:402:CB
0	vdw	J:GLU:458:O	J:TYR:247:CA
0	vdw	J:GLU:458:O	J:TYR:247:CB
0	vdw	J:GLY:249:N	J:TYR:247:C
0	vdw	J:GLY:249:N	J:TYR:247:O
0	vdw	J:GLU:458:C	J:SER:246:C
0	vdw	J:SER:246:C	J:TYR:248:N
0	vdw	J:GLU:458:CD	J:PHE:462:CD2
0	vdw	J:GLU:458:CD	J:PHE:462:CE2
0	vdw	J:GLU:458:OE1	J:PHE:462:CD2
0	vdw	J:GLU:458:OE1	J:PHE:462:CE2
0	vdw	J:ARG:245:CA	J:GLU:458:OE1
0	vdw	J:ASP:456:O	J:GLU:458:CG
0	vdw	J:GLU:458:CD	J:LYS:131:NZ
0	vdw	J:ARG:245:NE	J:GLU:458:OE1
0	vdw	J:ARG:245:NH2	J:PHE:462:CZ
0	vdw	J:ARG:245:CZ	J:PHE:462:CZ
0	vdw	H:GLU:352:N	H:THR:350:C
0	vdw	H:LYS:353:N	H:THR:350:O
0	vdw	H:LEU:349:O	H:LYS:353:N
0	vdw	H:LEU:349:O	H:LYS:353:CB
0	vdw	J:SER:413:C	J:VAL:415:N
0	vdw	J:ARG:400:O	J:VAL:415:CA
0	vdw	J:ARG:400:O	J:VAL:415:C
0	vdw	J:ARG:399:NH2	J:TYR:416:CB
0	vdw	J:ILE:298:CD1	J:TYR:416:CB
0	vdw	J:ARG:400:O	J:TYR:416:N
0	vdw	J:GLU:402:N	J:TYR:416:O
0	vdw	J:ILE:298:CG2	J:TYR:416:CD2
0	vdw	J:PHE:401:CD1	J:TYR:416:CD2
0	vdw	J:ASP:243:O	J:SER:246:O
0	vdw	J:ASP:243:O	J:SER:459:CB
0	vdw	J:SER:459:CB	J:TYR:244:C
0	vdw	J:SER:459:CB	J:TYR:244:O
0	vdw	J:ARG:461:NH2	J:ASP:243:C
0	vdw	J:ARG:461:NH2	J:ASP:243:O
0	vdw	J:ARG:245:N	J:ASP:243:C
0	vdw	J:HIS:242:C	J:TYR:244:N
0	vdw	J:SER:246:N	J:TYR:244:C
0	vdw	J:ARG:399:NE	J:SER:413:O
0	vdw	J:ARG:399:CZ	J:PHE:294:O
0	vdw	J:MET:295:CE	J:TYR:416:CD1
0	vdw	J:MET:295:CE	J:TYR:416:CE1
0	vdw	J:ARG:461:NH2	J:ASP:243:CG
0	vdw	J:ARG:461:NH2	J:ASP:243:OD2
0	vdw	J:ASP:243:CB	J:HIS:241:CE1
0	vdw	J:ARG:461:NH2	J:ASP:243:OD1
0	vdw	J:ARG:461:NH2	J:TYR:244:CA
0	vdw	J:HIS:242:CE1	J:TYR:244:CB
0	vdw	J:HIS:242:NE2	J:TYR:244:CB
0	vdw	J:ARG:399:NH1	J:PHE:294:CD2
0	vdw	J:ARG:399:NH1	J:PHE:294:CA
0	vdw	J:ARG:399:NH1	J:PHE:294:C
0	vdw	J:ARG:399:NH1	J:PHE:294:O
0	vdw	J:ARG:399:NH1	J:PHE:294:CB
0	vdw	J:ARG:399:NH1	J:PHE:294:CG
0	vdw	J:ARG:399:NH1	J:MET:295:CE
0	vdw	J:PHE:294:CE2	S:A:22:C5
0	vdw	J:PHE:294:CE2	S:A:22:C6
0	vdw	J:MET:295:CG	S:A:23:C2
0	vdw	J:TYR:315:OH	S:A:22:N3
0	vdw	J:PHE:294:CZ	S:A:22:N7
0	vdw	J:PHE:294:CZ	S:A:22:C5
0	vdw	J:PHE:294:CZ	S:A:22:C6
0	vdw	J:PHE:294:CE1	S:A:22:C5
0	vdw	J:GLN:345:NE2	S:A:24:C5
0	vdw	B:ARG:239:O	B:SER:241:N
0	vdw	J:TYR:315:CE1	S:A:22:O4'
0	vdw	J:TYR:315:CE1	S:A:22:C1'
0	vdw	J:HIS:326:CB	J:TYR:315:CE1
0	vdw	J:GLN:345:CD	J:LYS:342:CD
0	vdw	B:LYS:234:O	B:LYS:238:CD
0	vdw	B:ARG:239:CG	B:HIS:235:O
0	vdw	B:ARG:239:CD	B:HIS:235:CE1
0	vdw	B:ARG:239:N	B:GLN:237:C
0	vdw	H:ALA:85:O	H:LEU:100:CG
0	vdw	H:LYS:101:N	H:PRO:99:C
0	vdw	H:LYS:101:N	H:PRO:99:O
0	vdw	H:ALA:85:O	H:LEU:100:N
0	vdw	H:GLN:178:NE2	J:LYS:319:CB
0	vdw	H:GLN:178:CG	J:LYS:319:O
0	vdw	H:GLN:178:CD	J:LYS:319:O
0	vdw	H:GLN:178:CD	J:ALA:320:CA
0	vdw	H:GLN:178:OE1	J:ALA:320:CA
0	vdw	H:GLN:178:CD	J:LYS:319:C
0	vdw	J:HIS:326:ND1	J:LYS:319:CG
0	vdw	J:HIS:326:CE1	J:LYS:319:CG
0	vdw	J:HIS:316:O	J:LYS:319:CB
0	vdw	J:LYS:319:CG	J:TYR:315:O
0	vdw	J:LYS:319:CD	J:TYR:315:CZ
0	vdw	J:LYS:319:CD	J:TYR:315:OH
0	vdw	J:LYS:319:CD	J:TYR:315:CE2
0	vdw	J:HIS:326:CE1	J:LYS:319:CA
0	vdw	J:HIS:326:CB	J:TYR:315:CD1
0	vdw	J:ARG:325:CG	S:A:22:OP1
0	vdw	J:HIS:326:N	S:A:22:OP1
0	vdw	G:ASN:109:ND2	J:LYS:342:CE
0	vdw	G:ASN:109:ND2	J:LYS:342:CD
0	vdw	B:HIS:235:CB	B:LEU:232:O
0	vdw	B:GLU:231:O	B:HIS:235:CA
0	vdw	B:GLU:231:O	B:HIS:235:CB
0	vdw	B:ALA:236:CB	H:LEU:100:CD1
0	vdw	B:SER:153:N	B:TYR:117:OH
0	vdw	B:SER:153:OG	B:TYR:117:OH
0	vdw	J:ILE:321:N	J:LYS:319:O
0	vdw	J:GLY:322:N	J:LYS:319:O
0	vdw	J:HIS:326:CD2	J:LEU:323:O
0	vdw	J:HIS:326:NE2	J:LEU:323:O
0	vdw	J:ARG:325:N	J:LEU:323:O
0	vdw	J:ARG:325:C	J:SER:327:N
0	vdw	G:ARG:110:O	J:ARG:325:CD
0	vdw	G:ARG:110:O	J:ARG:325:NE
0	vdw	G:ARG:110:O	J:ARG:325:CZ
0	vdw	G:THR:112:CG2	J:ARG:325:NE
0	vdw	G:ASN:109:OD1	J:ARG:325:NH1
0	vdw	J:ARG:325:CZ	J:SER:327:CB
0	vdw	J:ARG:325:NH1	J:SER:327:CB
0	vdw	B:GLU:231:CG	B:SER:27:CB
0	vdw	B:ILE:148:CB	B:THR:144:O
0	vdw	B:ILE:148:CG2	H:ALA:85:CB
0	vdw	B:ILE:148:CG2	B:LEU:232:CD2
0	vdw	B:ILE:152:O	B:MET:154:N
0	vdw	B:ILE:116:CD1	B:SER:153:CB
0	vdw	B:SER:153:CB	H:SER:83:OG
0	vdw	B:SER:153:OG	H:SER:83:OG
0	vdw	B:SER:153:CA	H:VAL:84:CG1
0	vdw	B:SER:153:OG	H:VAL:84:CG1
0	vdw	B:ILE:116:CG1	B:MET:113:O
0	vdw	J:ILE:321:C	J:LEU:323:N
0	vdw	J:LEU:323:N	J:SER:318:O
0	vdw	J:PRO:324:CD	J:TYR:330:CZ
0	vdw	G:GLN:114:NE2	J:PRO:324:CD
0	vdw	J:ARG:325:N	J:LEU:323:C
0	vdw	J:PRO:324:CD	J:TYR:330:OH
0	vdw	G:GLN:114:CG	J:PRO:324:CG
0	vdw	J:PRO:324:CG	J:TYR:330:CZ
0	vdw	J:PRO:324:CG	J:TYR:330:OH
0	vdw	G:GLN:114:NE2	J:PRO:324:CG
0	vdw	G:LEU:113:N	G:PRO:111:C
0	vdw	G:THR:112:CB	J:TYR:330:CD1
0	vdw	G:THR:112:CG2	J:TYR:330:CD1
0	vdw	B:LEU:145:CD1	B:SER:27:CB
0	vdw	B:GLU:231:CB	B:LEU:227:O
0	vdw	B:LEU:145:CD1	B:SER:27:OG
0	vdw	B:LEU:145:CG	B:MET:228:CE
0	vdw	B:LEU:145:CD2	B:MET:228:CE
0	vdw	B:ILE:148:CG1	B:THR:144:O
0	vdw	B:ILE:148:CD1	B:THR:144:O
0	vdw	B:ILE:148:CD1	B:LEU:232:CD2
0	vdw	B:ASN:111:ND2	B:MET:154:SD
0	vdw	B:ASN:111:ND2	B:MET:154:CE
0	vdw	B:ASN:111:O	B:MET:154:CB
0	vdw	B:MET:113:N	B:SER:153:O
0	vdw	B:MET:113:CB	B:SER:153:O
0	vdw	B:MET:113:CG	B:SER:153:O
0	vdw	B:MET:154:N	H:SER:83:O
0	vdw	B:LEU:114:N	B:VAL:112:C
0	vdw	B:ASN:115:N	B:MET:113:C
0	vdw	B:ASN:115:N	B:MET:113:O
0	vdw	B:LEU:114:N	B:VAL:112:O
0	vdw	G:GLN:114:CD	J:PRO:324:CG
0	vdw	G:ASP:117:CG	G:GLN:114:N
0	vdw	G:ASP:117:OD1	G:GLN:114:N
0	vdw	G:ASP:117:OD2	G:GLN:114:N
0	vdw	G:ASP:117:OD1	G:GLN:114:CB
0	vdw	G:THR:112:OG1	J:GLU:333:CD
0	vdw	G:THR:112:OG1	J:GLU:333:OE2
0	vdw	G:THR:112:OG1	J:GLU:333:OE1
0	vdw	B:PHE:25:CE1	B:SER:27:OG
0	vdw	B:MET:228:CG	B:PHE:25:CE1
0	vdw	B:LEU:227:CB	B:PHE:25:CD1
0	vdw	B:LEU:227:CD1	B:PHE:25:CD1
0	vdw	B:MET:228:CG	B:PHE:25:CZ
0	vdw	B:MET:228:CG	B:VAL:224:O
0	vdw	B:MET:228:CE	B:THR:144:CG2
0	vdw	B:ASN:141:CG	B:MET:228:SD
0	vdw	B:ILE:158:C	B:THR:144:OG1
0	vdw	B:ILE:158:O	B:THR:144:OG1
0	vdw	B:THR:144:CG2	B:TYR:157:CD2
0	vdw	B:ASN:111:CG	B:ILE:158:CD1
0	vdw	B:ASN:111:ND2	B:ILE:158:CG1
0	vdw	B:ASN:111:ND2	B:ILE:158:CD1
0	vdw	B:ASN:111:CG	B:ASP:156:O
0	vdw	B:ASN:111:ND2	B:ASP:156:O
0	vdw	B:LYS:110:C	B:VAL:112:N
0	vdw	B:ASN:111:N	B:GLU:109:C
0	vdw	B:ASN:111:O	B:PHE:155:CD2
0	vdw	B:ASN:111:O	B:MET:154:CA
0	vdw	B:ASN:111:O	B:MET:154:C
0	vdw	B:ASN:111:O	B:PHE:155:N
0	vdw	B:GLU:109:O	B:VAL:112:O
0	vdw	G:ASP:144:N	G:GLY:142:O
0	vdw	G:ASP:144:N	G:GLY:142:C
0	vdw	G:ARG:143:N	G:THR:141:O
0	vdw	G:ASP:144:N	G:THR:141:O
0	vdw	B:ARG:23:O	B:PHE:25:N
0	vdw	B:ARG:23:C	B:PHE:25:N
0	vdw	B:LEU:227:CD1	B:PHE:25:CB
0	vdw	B:LEU:227:CD1	B:PHE:25:CG
0	vdw	B:PHE:25:CE2	B:VAL:224:CG1
0	vdw	B:PHE:25:CZ	B:VAL:224:CG1
0	vdw	B:ASN:141:ND2	B:VAL:224:CG1
0	vdw	B:ASN:141:OD1	B:SER:159:C
0	vdw	B:ASN:141:OD1	B:GLY:160:N
0	vdw	B:ASN:141:OD1	B:SER:159:CA
0	vdw	B:ILE:140:CG2	B:ILE:158:O
0	vdw	B:ILE:140:CG2	B:ILE:158:CG2
0	vdw	B:ASN:111:CB	B:ILE:158:CD1
0	vdw	A:GLY:253:C	B:LYS:110:CD
0	vdw	A:GLY:253:O	B:LYS:110:CD
0	vdw	G:ILE:149:CA	G:LEU:118:O
0	vdw	G:ILE:149:C	G:LEU:118:O
0	vdw	G:LEU:118:O	G:LEU:150:N
0	vdw	G:GLY:148:O	G:LEU:150:N
0	vdw	G:ASP:144:C	G:GLY:146:N
0	vdw	G:ALA:145:C	G:PHE:147:N
0	vdw	G:ASP:144:OD2	G:GLY:146:N
0	vdw	B:ARG:23:N	B:ASP:173:OD2
0	vdw	B:ARG:23:CA	B:ASP:173:OD2
0	vdw	B:ARG:23:CB	B:ASP:173:OD2
0	vdw	B:ASP:173:CG	B:GLN:44:NE2
0	vdw	B:ASP:173:OD1	B:GLN:44:NE2
0	vdw	B:ILE:161:CD1	B:LEU:22:CD2
0	vdw	B:GLY:160:CA	B:LEU:187:O
0	vdw	B:ILE:161:N	B:LEU:187:O
0	vdw	B:GLY:188:CA	B:SER:159:O
0	vdw	A:ASP:232:O	A:GLY:253:CA
0	vdw	A:GLY:253:CA	B:LYS:110:CE
0	vdw	A:GLY:253:CA	B:LYS:110:NZ
0	vdw	A:ASP:232:O	A:GLY:253:C
0	vdw	A:GLY:253:C	B:LYS:110:CE
0	vdw	A:GLY:253:C	B:LYS:110:NZ
0	vdw	A:GLY:253:C	A:PRO:255:N
0	vdw	A:ASP:232:O	B:LYS:110:CE
0	vdw	A:ASP:232:O	B:LYS:110:NZ
0	vdw	A:ASP:232:C	B:LYS:110:NZ
0	vdw	A:ASP:232:CB	B:LYS:110:NZ
0	vdw	A:ASP:232:O	A:LEU:254:N
0	vdw	A:LEU:254:N	B:LYS:110:NZ
0	vdw	A:LEU:254:CA	B:LYS:110:NZ
0	vdw	A:SER:12:OG	A:SER:8:O
0	vdw	A:LEU:230:CD2	A:SER:12:OG
0	vdw	A:GLU:11:N	A:SER:8:O
0	vdw	A:SER:12:N	A:SER:8:O
0	vdw	A:ALA:9:C	A:GLU:11:N
0	vdw	A:SER:10:N	A:SER:8:C
0	vdw	A:SER:10:N	A:SER:8:O
0	vdw	A:GLU:11:CB	A:SER:8:O
0	vdw	A:ALA:9:O	A:GLU:11:N
0	vdw	A:ALA:9:O	A:SER:12:N
0	vdw	A:SER:10:C	A:SER:12:N
0	vdw	A:SER:10:CB	G:LEU:118:CD1
0	vdw	A:SER:10:OG	G:LEU:118:CG
0	vdw	A:SER:10:OG	G:LEU:118:CD1
0	vdw	A:SER:10:CB	G:ASP:152:O
0	vdw	A:SER:10:OG	G:ASP:152:O
0	vdw	G:LEU:118:CB	G:LEU:150:CB
0	vdw	G:LEU:118:CD1	G:TRP:195:CD1
0	vdw	G:LEU:150:CD1	G:TRP:195:CB
0	vdw	G:LEU:150:CD1	G:TRP:195:CG
0	vdw	G:LEU:150:CD1	G:TRP:195:CD2
0	vdw	G:LEU:150:CB	G:TRP:195:CE2
0	vdw	G:LEU:150:CB	G:TRP:195:CZ2
0	vdw	G:LEU:150:CD2	G:TRP:195:CZ3
0	vdw	G:LEU:150:CD1	G:TRP:195:CE3
0	vdw	G:LEU:150:CD2	G:TRP:195:CE3
0	vdw	B:ARG:17:N	B:ASP:15:C
0	vdw	B:ARG:17:N	B:ASP:15:OD1
0	vdw	B:ARG:17:CB	B:ASP:15:OD1
0	vdw	B:ARG:17:CG	B:ASP:15:OD1
0	vdw	B:ARG:17:NE	B:ASP:15:OD1
0	vdw	B:ARG:13:CB	B:ASP:15:OD1
0	vdw	B:ARG:17:CA	B:ASP:15:OD1
0	vdw	B:ARG:17:CB	B:GLU:21:CB
0	vdw	B:ARG:17:CB	B:GLU:21:OE2
0	vdw	B:ARG:17:CG	B:GLU:21:OE2
0	vdw	B:ARG:17:CD	B:LEU:22:O
0	vdw	B:ARG:17:CZ	B:ASP:173:O
0	vdw	B:ARG:17:NH1	B:LEU:172:O
0	vdw	B:ARG:17:NH2	B:ASP:173:O
0	vdw	B:ARG:13:NH1	B:ARG:17:CZ
0	vdw	B:ARG:13:CZ	B:ARG:17:NH1
0	vdw	B:ARG:13:NH1	B:ARG:17:NH1
0	vdw	B:ARG:13:NH1	B:ARG:17:NH2
0	vdw	B:ARG:17:NH1	B:GLU:21:C
0	vdw	B:ARG:17:NH1	B:GLU:21:O
0	vdw	B:LEU:172:C	B:THR:174:N
0	vdw	B:ASP:173:N	B:SER:162:O
0	vdw	B:ASP:173:CA	B:SER:162:O
0	vdw	B:ASP:173:CB	B:LEU:22:CD2
0	vdw	B:ARG:13:NH2	B:LEU:172:O
0	vdw	B:SER:162:CA	B:VAL:185:O
0	vdw	B:ILE:161:O	B:LEU:187:N
0	vdw	B:ILE:161:O	B:THR:186:C
0	vdw	B:ILE:161:O	B:THR:186:CA
0	vdw	B:LEU:187:CA	B:LEU:198:O
0	vdw	B:LEU:187:C	B:LEU:198:O
0	vdw	B:GLY:188:N	B:LEU:198:O
0	vdw	A:LYS:250:O	B:LEU:198:CA
0	vdw	A:LYS:250:O	B:LEU:199:N
0	vdw	A:LYS:250:O	B:LEU:199:O
0	vdw	B:LEU:196:C	B:LEU:198:N
0	vdw	A:GLY:252:N	B:SER:197:O
0	vdw	A:GLY:252:CA	B:SER:197:O
0	vdw	B:GLY:188:O	B:LEU:198:N
0	vdw	A:GLY:252:O	A:LYS:250:CE
0	vdw	A:GLY:252:O	A:LYS:250:NZ
0	vdw	A:ARG:231:C	A:GLY:233:N
0	vdw	A:ASP:232:CA	A:PHE:200:O
0	vdw	A:GLY:233:N	A:PHE:200:O
0	vdw	A:GLY:233:C	A:PHE:200:CD1
0	vdw	A:ARG:231:CB	A:SER:199:CB
0	vdw	A:ARG:231:CA	A:PHE:200:O
0	vdw	A:ARG:231:C	A:PHE:200:O
0	vdw	A:ARG:231:CB	A:PHE:200:O
0	vdw	A:ASP:232:N	A:PHE:200:O
0	vdw	A:ARG:231:N	A:GLU:227:O
0	vdw	A:ARG:231:N	A:PHE:201:CE2
0	vdw	A:ARG:231:CA	A:PHE:201:CE2
0	vdw	A:ARG:231:CA	A:PHE:201:CZ
0	vdw	A:GLU:227:O	A:LEU:230:N
0	vdw	A:LEU:230:C	A:PHE:201:CE2
0	vdw	A:LEU:230:O	A:PHE:201:CD2
0	vdw	A:LEU:230:O	A:PHE:201:CE2
0	vdw	A:LEU:230:CG	A:LYS:226:O
0	vdw	A:ILE:15:CD1	A:LEU:230:CD1
0	vdw	A:ILE:15:CB	A:LEU:230:CD1
0	vdw	A:GLU:11:C	A:PHE:14:N
0	vdw	A:GLU:11:CG	G:MET:154:SD
0	vdw	A:GLU:11:C	A:LYS:13:N
0	vdw	G:ALA:187:O	G:TRP:195:N
0	vdw	G:ALA:187:O	G:TRP:195:CA
0	vdw	G:ALA:187:O	G:TRP:195:O
0	vdw	G:ALA:187:O	G:TRP:195:CB
0	vdw	G:TRP:195:O	G:VAL:186:C
0	vdw	G:ALA:187:N	G:TRP:195:O
0	vdw	G:ALA:187:O	G:ILE:194:C
0	vdw	G:TRP:195:O	G:VAL:186:CG2
0	vdw	G:TRP:195:O	G:VAL:186:CA
0	vdw	G:ALA:187:CB	G:TRP:195:CE3
0	vdw	B:ARG:13:N	B:ARG:17:O
0	vdw	B:ARG:13:CA	B:ILE:6:O
0	vdw	B:ARG:13:CB	B:ILE:6:O
0	vdw	B:ARG:13:CB	B:ARG:17:O
0	vdw	B:ARG:13:CG	B:ARG:17:O
0	vdw	B:ARG:13:CZ	B:LEU:171:CB
0	vdw	B:ARG:13:NE	B:LEU:171:CD2
0	vdw	B:ARG:13:CZ	B:LEU:171:CD2
0	vdw	B:ARG:13:CZ	B:LEU:172:O
0	vdw	B:ARG:13:NH1	B:LEU:172:O
0	vdw	B:ARG:13:NE	B:ARG:18:O
0	vdw	B:ARG:13:CZ	B:ARG:18:O
0	vdw	B:GLY:164:N	B:THR:174:CG2
0	vdw	B:GLY:164:CA	B:THR:174:CG2
0	vdw	B:VAL:163:N	B:VAL:185:O
0	vdw	B:VAL:163:C	B:VAL:185:N
0	vdw	B:LEU:171:O	B:VAL:163:CA
0	vdw	B:LEU:171:O	B:VAL:163:C
0	vdw	B:VAL:185:CG1	B:VAL:201:CG2
0	vdw	B:LEU:200:N	B:THR:186:O
0	vdw	B:LEU:187:CD2	B:LEU:199:CD1
0	vdw	A:LEU:235:CD1	A:LYS:250:CB
0	vdw	A:LEU:235:CB	A:PHE:200:CE1
0	vdw	A:PHE:198:O	A:VAL:234:CA
0	vdw	A:LEU:235:N	A:PHE:198:O
0	vdw	A:LEU:235:CB	A:PHE:198:CB
0	vdw	A:GLY:233:O	A:SER:199:CA
0	vdw	A:ARG:231:CD	A:GLY:233:O
0	vdw	A:GLY:233:O	A:PHE:200:N
0	vdw	A:ARG:231:CD	A:SER:199:CB
0	vdw	A:ARG:231:CD	A:SER:199:OG
0	vdw	A:ILE:220:CG1	A:SER:199:CB
0	vdw	A:GLU:227:O	A:PHE:201:CZ
0	vdw	A:GLU:227:N	A:THR:224:CG2
0	vdw	A:GLU:227:CB	A:THR:224:CG2
0	vdw	A:ILE:15:CD1	A:LEU:25:CD1
0	vdw	G:MET:154:CE	G:TYR:208:CE2
0	vdw	A:PHE:14:CG	G:MET:154:SD
0	vdw	A:PHE:14:CD2	G:MET:154:SD
0	vdw	G:ILE:155:CA	G:ILE:194:O
0	vdw	G:ILE:155:C	G:ILE:194:O
0	vdw	G:ILE:156:CG2	G:ILE:194:O
0	vdw	G:MET:154:O	G:VAL:196:O
0	vdw	G:MET:154:O	G:VAL:196:N
0	vdw	G:MET:154:O	G:TRP:195:CA
0	vdw	G:ILE:188:CD1	G:VAL:186:CG2
0	vdw	G:ILE:188:CD1	G:VAL:186:CG1
0	vdw	B:LEU:171:CD1	B:MET:182:SD
0	vdw	B:GLY:164:O	B:LEU:171:CB
0	vdw	B:GLY:164:CA	B:MET:182:SD
0	vdw	B:GLY:164:C	B:MET:182:SD
0	vdw	B:LEU:165:N	B:MET:182:SD
0	vdw	B:LEU:165:C	B:MET:182:SD
0	vdw	B:GLY:164:O	B:PRO:170:CA
0	vdw	B:GLY:164:O	B:PRO:170:C
0	vdw	B:GLY:164:O	B:LEU:171:N
0	vdw	B:GLY:164:O	B:LEU:171:CA
0	vdw	B:GLY:164:O	B:LEU:171:O
0	vdw	B:ARG:13:NH2	B:LEU:171:CB
0	vdw	B:GLY:164:CA	B:SER:183:O
0	vdw	B:GLY:164:C	B:SER:183:O
0	vdw	B:LEU:165:N	B:SER:183:O
0	vdw	B:VAL:163:O	B:VAL:185:N
0	vdw	B:VAL:163:O	B:VAL:185:CB
0	vdw	B:VAL:163:O	B:VAL:185:CA
0	vdw	B:GLY:164:C	B:LEU:171:N
0	vdw	B:GLY:164:N	B:LEU:171:O
0	vdw	B:VAL:185:CG2	B:VAL:201:CG2
0	vdw	A:VAL:248:CG1	B:VAL:201:CB
0	vdw	A:VAL:248:CG1	B:VAL:201:CG2
0	vdw	A:LEU:235:CD1	A:VAL:248:CG2
0	vdw	A:VAL:248:CG2	B:LEU:199:CD2
0	vdw	A:LEU:235:C	A:PHE:198:N
0	vdw	A:LEU:235:O	A:THR:197:C
0	vdw	A:LEU:235:O	A:PHE:198:N
0	vdw	A:LEU:235:O	A:PHE:198:CA
0	vdw	A:LEU:235:O	A:PHE:198:CB
0	vdw	A:LEU:235:O	A:THR:197:CA
0	vdw	A:ILE:220:O	A:PHE:198:CA
0	vdw	A:ILE:220:O	A:SER:199:N
0	vdw	A:ALA:223:CB	A:SER:199:OG
0	vdw	A:ALA:223:CA	A:GLU:227:OE2
0	vdw	A:ALA:223:N	A:ILE:221:C
0	vdw	A:ALA:223:CB	A:ILE:220:CD1
0	vdw	A:ALA:223:CB	A:GLU:227:CB
0	vdw	A:GLU:227:OE2	A:THR:224:N
0	vdw	A:GLU:227:CG	A:THR:224:CG2
0	vdw	A:GLU:227:CD	A:THR:224:CG2
0	vdw	A:GLU:227:OE2	A:THR:224:CG2
0	vdw	A:ARG:24:NH2	A:GLU:227:CD
0	vdw	A:ARG:24:CZ	A:GLU:227:OE2
0	vdw	A:ARG:24:NH2	A:GLU:227:OE2
0	vdw	A:GLU:227:OE2	A:ILE:220:CD1
0	vdw	A:LEU:25:CD2	G:TYR:208:CE1
0	vdw	A:LEU:25:CD2	G:TYR:208:CZ
0	vdw	A:LEU:25:CD2	G:TYR:208:OH
0	vdw	A:LEU:25:CD2	G:MET:154:CE
0	vdw	G:ILE:156:CD1	G:TYR:208:O
0	vdw	G:ILE:156:CD1	G:MET:212:N
0	vdw	G:ILE:156:CD1	G:ILE:211:CB
0	vdw	G:LEU:166:CD1	G:LEU:175:CD1
0	vdw	G:LEU:166:CD1	G:LEU:174:CB
0	vdw	G:LEU:166:CD1	G:LEU:174:CD2
0	vdw	B:GLU:5:OE1	B:TYR:7:C
0	vdw	B:GLU:5:OE1	B:TYR:7:O
0	vdw	B:GLU:5:OE1	B:SER:8:CA
0	vdw	B:LEU:12:O	B:SER:8:N
0	vdw	B:LEU:12:O	B:TYR:7:CA
0	vdw	B:LEU:12:O	B:TYR:7:C
0	vdw	B:MET:182:SD	B:TYR:166:CB
0	vdw	B:THR:169:O	B:TYR:166:N
0	vdw	B:ILE:205:CD1	B:LEU:165:CD2
0	vdw	A:VAL:245:CB	B:ILE:205:O
0	vdw	A:VAL:196:O	A:VAL:237:N
0	vdw	A:LEU:239:CG	A:VAL:237:CG2
0	vdw	A:PHE:198:CE1	A:VAL:237:CG1
0	vdw	A:CYS:265:SG	A:VAL:237:CG2
0	vdw	A:PHE:198:CE1	A:VAL:196:CG1
0	vdw	A:ILE:221:CG2	A:VAL:196:CG1
0	vdw	A:PHE:198:CD1	A:VAL:196:O
0	vdw	A:ASP:222:N	A:THR:197:O
0	vdw	A:ARG:28:NH2	A:ILE:221:O
0	vdw	A:ARG:28:NH2	A:ASP:222:C
0	vdw	A:ARG:28:CZ	A:ASP:222:O
0	vdw	A:ARG:28:NH1	A:ASP:222:O
0	vdw	A:ARG:28:NH2	A:ASP:222:O
0	vdw	A:ARG:28:NH2	A:ASP:222:CB
0	vdw	A:GLN:32:O	A:ILE:221:O
0	vdw	A:ARG:28:CZ	A:ASP:26:OD2
0	vdw	A:ARG:28:NH1	A:ASP:26:CG
0	vdw	A:ARG:28:NH1	A:ASP:26:OD1
0	vdw	A:ARG:28:NH1	A:ASP:26:OD2
0	vdw	A:ARG:28:CZ	A:ARG:34:CG
0	vdw	A:ARG:28:NH1	A:ARG:34:CG
0	vdw	A:ARG:24:NH2	A:ARG:28:CZ
0	vdw	A:ARG:24:NH2	A:ARG:28:NH2
0	vdw	A:ARG:28:CB	A:ASP:26:OD2
0	vdw	G:MET:212:CB	G:TYR:208:O
0	vdw	G:MET:212:N	G:TYR:208:O
0	vdw	G:MET:212:N	G:THR:210:C
0	vdw	G:GLU:213:N	G:THR:210:C
0	vdw	G:GLU:213:N	G:ILE:211:C
0	vdw	G:MET:212:N	G:THR:210:O
0	vdw	G:THR:210:N	G:TYR:208:O
0	vdw	G:ARG:209:C	G:ILE:211:N
0	vdw	G:CYS:214:SG	G:THR:210:C
0	vdw	G:CYS:207:O	G:ILE:211:N
0	vdw	G:CYS:207:O	G:ILE:211:CG1
0	vdw	G:LEU:174:CD1	G:PHE:223:CD2
0	vdw	G:LEU:174:CD1	G:PHE:223:CE2
0	vdw	G:LEU:174:CD1	G:LEU:178:CD1
0	vdw	G:LEU:174:CA	G:VAL:177:CG1
0	vdw	G:LEU:174:N	G:PHE:172:C
0	vdw	G:LEU:174:N	G:PHE:172:O
0	vdw	A:VAL:245:O	B:ILE:205:N
0	vdw	A:VAL:245:N	B:ILE:205:C
0	vdw	A:GLU:244:C	B:ILE:205:O
0	vdw	A:VAL:245:N	B:ILE:205:O
0	vdw	A:VAL:245:CA	B:ILE:205:O
0	vdw	A:VAL:245:C	B:ILE:205:O
0	vdw	A:VAL:245:O	B:ILE:205:O
0	vdw	A:LEU:239:CD2	A:VAL:245:CA
0	vdw	A:GLU:244:CA	B:ILE:205:O
0	vdw	A:GLU:244:CB	B:ILE:205:O
0	vdw	B:ILE:205:O	B:LEU:207:N
0	vdw	A:THR:238:O	A:VAL:246:N
0	vdw	A:GLU:244:O	A:VAL:246:N
0	vdw	A:ASN:240:OD1	A:GLU:244:O
0	vdw	A:LEU:239:CD2	A:VAL:237:CG2
0	vdw	A:LEU:239:CD2	A:VAL:245:CG2
0	vdw	A:ILE:272:CG1	A:LEU:239:CB
0	vdw	A:ILE:272:CG2	A:VAL:196:CG2
0	vdw	A:ILE:271:CG2	A:PHE:33:CG
0	vdw	A:ASP:222:CB	A:PHE:33:CD2
0	vdw	A:ASP:222:CB	A:PHE:33:CE2
0	vdw	A:ILE:221:CG2	A:PHE:33:CD2
0	vdw	A:ILE:271:CD1	A:PHE:33:CB
0	vdw	A:ARG:28:NE	A:ARG:34:CG
0	vdw	A:ARG:28:NE	A:ASP:26:OD2
0	vdw	G:ARG:209:O	G:GLU:213:N
0	vdw	G:ARG:209:O	G:GLU:213:CB
0	vdw	G:GLU:213:N	G:THR:210:O
0	vdw	G:GLU:213:CA	G:THR:210:O
0	vdw	G:GLU:213:CB	G:THR:210:O
0	vdw	G:CYS:214:N	G:THR:210:O
0	vdw	G:CYS:214:CB	G:THR:210:O
0	vdw	G:CYS:214:SG	G:THR:210:O
0	vdw	G:CYS:214:CB	G:PHE:223:CE2
0	vdw	G:CYS:214:SG	G:PHE:223:CD2
0	vdw	G:CYS:214:SG	G:PHE:223:CE2
0	vdw	G:CYS:214:SG	G:ILE:226:CD1
0	vdw	G:PHE:223:CB	G:PRO:173:O
0	vdw	G:PHE:223:CG	G:PRO:173:O
0	vdw	G:PHE:223:CD1	G:PRO:173:CG
0	vdw	G:PHE:223:CD2	G:PRO:173:O
0	vdw	G:PHE:223:CD1	G:THR:220:O
0	vdw	G:ASP:171:O	G:PRO:173:N
0	vdw	G:ASP:171:O	G:PRO:173:CD
0	vdw	G:PRO:173:CG	G:THR:220:O
0	vdw	G:PRO:173:O	G:VAL:177:CG1
0	vdw	A:ASN:240:CG	A:GLU:244:CG
0	vdw	A:ASN:240:OD1	A:GLU:244:CG
0	vdw	A:GLU:244:CA	B:LEU:207:N
0	vdw	A:ILE:272:CD1	A:LEU:239:C
0	vdw	A:ASN:240:CA	A:ILE:272:CD1
0	vdw	A:ASN:240:C	A:ILE:272:CD1
0	vdw	A:ASN:240:O	A:ILE:272:CD1
0	vdw	A:ASN:240:C	A:ASN:242:N
0	vdw	A:ASN:240:O	A:ASN:242:N
0	vdw	A:ASN:240:CG	A:ASN:242:N
0	vdw	A:ASN:240:OD1	A:ASN:242:N
0	vdw	A:ASN:240:O	A:TYR:269:CE1
0	vdw	A:ASN:240:O	A:TYR:269:CD1
0	vdw	A:ASN:240:OD1	A:GLU:244:N
0	vdw	A:ILE:272:CG1	A:TYR:269:CA
0	vdw	A:ILE:272:CG1	A:TYR:269:C
0	vdw	A:ILE:272:CG1	A:TYR:269:O
0	vdw	A:ILE:272:CD1	A:TYR:269:O
0	vdw	A:ALA:268:O	A:ILE:272:CG1
0	vdw	A:GLU:273:N	A:ILE:271:C
0	vdw	A:GLU:273:N	A:ILE:271:O
0	vdw	A:ALA:268:O	A:ILE:271:C
0	vdw	A:ALA:268:O	A:ILE:272:N
0	vdw	A:ILE:272:N	A:SER:270:C
0	vdw	A:ALA:268:O	A:ILE:272:CB
0	vdw	A:ALA:268:O	A:ILE:272:CG2
0	vdw	A:ILE:271:O	A:ILE:275:N
0	vdw	A:ILE:271:O	A:ILE:275:CG2
0	vdw	A:ILE:271:O	A:LYS:274:N
0	vdw	A:ILE:271:O	A:LYS:274:CB
0	vdw	A:ILE:271:CG2	A:PHE:33:CB
0	vdw	A:ASP:35:N	A:PHE:33:O
0	vdw	G:GLU:213:CG	G:ILE:226:CD1
0	vdw	G:GLU:213:CD	G:ILE:226:CD1
0	vdw	G:ARG:229:CZ	G:GLU:213:OE1
0	vdw	G:ARG:229:NH2	G:GLU:213:OE1
0	vdw	G:GLU:213:CD	G:ILE:226:CG2
0	vdw	G:GLU:213:OE2	G:ILE:226:CG2
0	vdw	G:GLN:230:NE2	G:GLU:213:OE2
0	vdw	G:ALA:222:O	G:ILE:226:CG1
0	vdw	G:ALA:222:O	G:ILE:226:CD1
0	vdw	G:ALA:222:O	G:ILE:226:N
0	vdw	G:ALA:222:O	G:ILE:226:CB
0	vdw	G:ALA:222:O	G:ASP:225:N
0	vdw	G:ARG:229:NH2	G:ILE:226:CG1
0	vdw	G:ALA:222:N	G:THR:220:O
0	vdw	G:ALA:221:C	G:PHE:223:N
0	vdw	G:ALA:222:C	G:LYS:224:N
0	vdw	A:ASN:240:OD1	A:ASN:242:CA
0	vdw	A:ASN:240:CG	A:ASN:242:CB
0	vdw	A:ASN:240:OD1	A:ASN:242:CB
0	vdw	A:ARG:243:N	A:LYS:241:C
0	vdw	A:ILE:272:C	A:THR:276:OG1
0	vdw	A:ILE:272:O	A:THR:276:OG1
0	vdw	A:GLU:273:C	A:THR:276:OG1
0	vdw	A:GLU:273:O	A:THR:276:OG1
0	vdw	A:GLU:273:CA	A:THR:276:OG1
0	vdw	A:GLU:273:C	A:ILE:275:N
0	vdw	A:ASP:277:N	A:GLU:273:O
0	vdw	A:ASP:277:CB	A:GLU:273:O
0	vdw	A:ASP:277:CG	A:GLU:273:O
0	vdw	A:ILE:272:C	A:LYS:274:N
0	vdw	A:ILE:272:O	A:LYS:274:N
0	vdw	A:ASP:277:OD2	A:GLU:273:O
0	vdw	A:GLU:273:N	A:TYR:269:O
0	vdw	G:ALA:222:CB	G:LYS:217:NZ
0	vdw	G:ALA:221:O	G:ASP:225:OD2
0	vdw	A:ASP:277:OD1	A:LYS:241:CE
0	vdw	J:ASP:141:OD2	J:HIS:146:CE1
0	vdw	J:HIS:178:O	J:VAL:169:N
0	vdw	J:HIS:146:O	J:TYR:403:CD2
0	vdw	J:HIS:146:O	J:TYR:403:CE2
0	vdw	J:ILE:149:N	J:PRO:147:C
0	vdw	J:ILE:149:N	J:PRO:147:O
0	vdw	J:ASP:141:O	J:TYR:248:CE2
0	vdw	J:ASP:457:CB	J:ILE:140:CD1
0	vdw	J:ASP:457:CG	J:ILE:140:CD1
0	vdw	J:ASP:457:OD1	J:ILE:140:CD1
0	vdw	H:ARG:355:C	H:ASN:357:N
0	vdw	J:HIS:178:O	J:VAL:169:CG1
0	vdw	J:HIS:178:CE1	J:VAL:169:CG1
0	vdw	J:HIS:178:O	J:PRO:180:CD
0	vdw	J:ARG:400:CZ	J:HIS:178:ND1
0	vdw	J:ARG:400:NH1	J:HIS:178:ND1
0	vdw	J:ARG:400:NE	J:HIS:178:CE1
0	vdw	J:ARG:400:CZ	J:HIS:178:CE1
0	vdw	J:HIS:178:O	J:LEU:168:CA
0	vdw	J:GLU:402:OE1	J:PHE:148:CB
0	vdw	J:ARG:400:CD	J:TYR:179:O
0	vdw	J:ARG:400:CZ	J:GLU:402:OE1
0	vdw	J:ARG:400:NH1	J:GLU:402:OE1
0	vdw	J:PHE:148:N	J:TYR:403:CD2
0	vdw	J:PHE:148:N	J:TYR:403:CE2
0	vdw	J:PHE:148:CA	J:TYR:403:CE2
0	vdw	J:PHE:148:CB	J:TYR:403:CE2
0	vdw	J:PHE:148:CG	J:PHE:401:CD2
0	vdw	J:PHE:148:CD1	J:TYR:403:CE2
0	vdw	J:PHE:148:CD1	J:TYR:403:CZ
0	vdw	J:PHE:148:CD1	J:TYR:403:OH
0	vdw	J:TYR:248:CZ	J:TYR:403:CE1
0	vdw	J:PHE:148:CD1	J:PHE:401:CD2
0	vdw	J:PHE:148:CD1	J:PHE:401:CE2
0	vdw	J:ASN:142:OD1	J:TYR:248:CD2
0	vdw	J:ASN:142:OD1	J:TYR:248:CE2
0	vdw	J:ASN:142:CG	J:ASP:457:OD1
0	vdw	J:ASN:142:OD1	J:ASP:457:OD1
0	vdw	J:ASP:457:OD2	J:SER:246:OG
0	vdw	J:ASP:457:CG	J:ILE:140:CG1
0	vdw	J:ASP:457:OD1	J:ILE:140:CG1
0	vdw	J:ASP:457:OD2	J:GLN:133:CG
0	vdw	J:ASP:457:OD2	J:GLN:133:NE2
0	vdw	J:ASP:457:OD1	J:ILE:140:CB
0	vdw	J:ASP:456:O	J:LYS:131:NZ
0	vdw	J:ASP:457:O	J:LYS:131:NZ
0	vdw	J:GLU:458:OE2	J:LYS:131:NZ
0	vdw	H:GLY:356:N	H:MET:354:C
0	vdw	H:GLY:356:N	H:MET:354:O
0	vdw	H:ASN:357:OD1	H:LYS:353:O
0	vdw	J:ARG:400:CD	J:PRO:180:C
0	vdw	J:PHE:148:CD2	J:PHE:401:O
0	vdw	J:ARG:302:CD	J:PHE:401:CD2
0	vdw	J:ARG:302:CD	J:PHE:401:CE2
0	vdw	J:ARG:302:CD	J:PHE:401:CZ
0	vdw	J:PHE:148:CE1	J:PHE:401:CD2
0	vdw	J:PHE:148:CE1	J:PHE:401:CE2
0	vdw	J:ARG:302:NH1	J:TYR:248:CB
0	vdw	J:ASP:457:O	J:SER:246:CA
0	vdw	J:GLN:133:NE2	J:SER:246:CB
0	vdw	J:GLN:133:NE2	J:SER:246:OG
0	vdw	J:GLU:458:OE2	J:LYS:131:CE
0	vdw	J:ARG:245:O	J:ASP:457:O
0	vdw	J:ARG:245:NH2	J:GLU:458:OE2
0	vdw	J:ARG:245:O	J:GLN:133:NE2
0	vdw	H:ASN:357:OD1	H:LYS:353:CD
0	vdw	J:ARG:400:N	J:GLU:414:O
0	vdw	J:ARG:399:CA	J:GLU:414:O
0	vdw	J:ARG:400:CA	J:GLN:301:OE1
0	vdw	J:ARG:400:N	J:LYS:398:O
0	vdw	J:ARG:400:C	J:ILE:298:CD1
0	vdw	J:ILE:298:CD1	J:PHE:401:N
0	vdw	J:ILE:298:CD1	J:PHE:401:CB
0	vdw	J:ILE:298:CG2	J:PHE:401:CB
0	vdw	J:ARG:400:C	J:GLN:301:OE1
0	vdw	J:GLN:301:CD	J:PHE:401:N
0	vdw	J:GLN:301:OE1	J:PHE:401:N
0	vdw	J:GLN:301:OE1	J:PHE:401:CA
0	vdw	J:GLN:301:OE1	J:PHE:401:CB
0	vdw	J:ILE:298:CG2	J:PHE:401:CD1
0	vdw	J:ARG:302:CZ	J:TYR:248:O
0	vdw	J:ARG:302:NH1	J:TYR:248:C
0	vdw	J:ARG:302:NH1	J:TYR:248:O
0	vdw	J:ARG:302:NH1	J:GLY:249:C
0	vdw	J:ARG:302:NH2	J:TYR:248:O
0	vdw	J:ARG:302:NH2	J:TRP:299:CD1
0	vdw	J:ARG:302:NH2	J:HIS:241:NE2
0	vdw	J:ARG:302:NH1	J:GLY:249:O
0	vdw	J:GLY:249:CA	J:HIS:242:O
0	vdw	J:GLY:249:CA	J:HIS:241:CE1
0	vdw	J:GLY:249:CA	J:HIS:241:NE2
0	vdw	J:GLY:249:C	J:HIS:241:NE2
0	vdw	J:GLY:249:N	J:SER:246:CB
0	vdw	J:GLY:249:N	J:SER:246:OG
0	vdw	J:GLY:249:CA	J:SER:246:CB
0	vdw	J:GLY:249:CA	J:SER:246:OG
0	vdw	J:HIS:242:O	J:ILE:250:CG1
0	vdw	J:HIS:242:O	J:ILE:250:N
0	vdw	J:ARG:245:N	J:HIS:242:CD2
0	vdw	J:ARG:245:CG	J:HIS:242:NE2
0	vdw	J:ARG:245:CG	J:ARG:350:NH2
0	vdw	J:ARG:399:CD	J:PHE:294:O
0	vdw	J:ARG:399:CB	J:VAL:396:O
0	vdw	J:ARG:399:CG	J:VAL:396:C
0	vdw	J:ARG:399:CG	J:VAL:396:O
0	vdw	J:ILE:298:CB	J:MET:295:O
0	vdw	J:HIS:241:CG	J:TRP:299:CE2
0	vdw	J:HIS:241:CD2	J:TRP:299:CE2
0	vdw	J:MET:295:O	J:TRP:299:CD1
0	vdw	J:MET:295:O	J:TRP:299:CE2
0	vdw	J:HIS:241:NE2	J:ILE:250:N
0	vdw	J:ARG:350:NE	J:HIS:242:CD2
0	vdw	J:ASN:395:ND2	J:TYR:391:CZ
0	vdw	J:ASN:395:CG	J:TYR:391:O
0	vdw	J:ASN:395:ND2	J:TYR:391:C
0	vdw	J:ASN:395:ND2	J:TYR:391:O
0	vdw	J:ALA:397:N	J:ASN:395:C
0	vdw	J:ARG:399:CG	J:ASN:395:O
0	vdw	J:ASN:395:CA	J:LYS:398:CG
0	vdw	J:ASN:395:C	J:LYS:398:CG
0	vdw	J:ASN:395:O	J:LYS:398:CG
0	vdw	J:ASN:395:CA	J:LYS:398:CE
0	vdw	J:ASP:296:N	J:PHE:294:C
0	vdw	J:PHE:294:N	J:VAL:396:CG1
0	vdw	J:PHE:294:CA	J:VAL:396:CG1
0	vdw	J:GLY:292:C	J:PHE:294:N
0	vdw	J:GLY:292:O	J:PHE:294:N
0	vdw	J:MET:295:CB	S:A:23:N3
0	vdw	J:MET:295:CG	S:A:23:N3
0	vdw	J:ALA:293:C	J:MET:295:N
0	vdw	J:ALA:293:O	J:MET:295:N
0	vdw	J:TRP:299:CH2	S:A:24:O4'
0	vdw	J:HIS:241:CG	J:TRP:299:CZ2
0	vdw	J:HIS:241:CB	J:TRP:299:CZ2
0	vdw	J:HIS:241:CB	J:TRP:299:CH2
0	vdw	J:HIS:241:O	S:A:24:C2'
0	vdw	J:HIS:241:O	S:A:24:O2'
0	vdw	J:GLN:345:O	S:A:24:C3'
0	vdw	J:GLN:345:O	S:A:24:C2'
0	vdw	J:HIS:241:CA	S:A:24:O2'
0	vdw	J:HIS:241:CB	S:A:24:O2'
0	vdw	J:HIS:241:C	S:A:24:O2'
0	vdw	J:HIS:241:O	S:A:24:O3'
0	vdw	B:ASN:242:N	B:VAL:240:C
0	vdw	B:ASN:242:OD1	B:VAL:240:O
0	vdw	J:ARG:394:NH2	J:TYR:391:CD1
0	vdw	J:GLU:392:O	J:VAL:396:CG2
0	vdw	J:ASN:395:N	J:GLU:392:O
0	vdw	J:GLU:392:O	J:VAL:396:N
0	vdw	J:HIS:316:NE2	J:VAL:396:CG2
0	vdw	J:PHE:294:CE1	S:A:23:C1'
0	vdw	J:GLY:292:C	J:PHE:294:CD1
0	vdw	J:GLY:292:O	J:PHE:294:CD1
0	vdw	J:ASP:313:OD2	J:GLY:292:CA
0	vdw	S:A:23:C4'	S:MG:101:MG
0	vdw	S:A:23:C3'	S:MG:101:MG
0	vdw	J:HIS:291:O	S:A:23:C4'
0	vdw	J:GLN:345:CD	S:A:24:C8
0	vdw	J:GLN:345:NE2	S:A:24:C8
0	vdw	J:GLN:345:CD	S:A:24:N7
0	vdw	J:GLN:345:NE2	S:A:24:N7
0	vdw	J:ALA:347:N	J:GLN:345:C
0	vdw	J:ALA:347:N	J:GLN:345:O
0	vdw	J:GLN:345:O	S:A:24:O3'
0	vdw	J:ALA:347:CB	J:TYR:344:CD1
0	vdw	B:LYS:238:O	B:SER:241:CB
0	vdw	B:LYS:238:O	B:SER:241:N
0	vdw	B:GLN:237:O	B:SER:241:CB
0	vdw	B:ARG:239:C	B:SER:241:N
0	vdw	B:ALA:236:O	B:VAL:240:N
0	vdw	B:ALA:236:O	B:VAL:240:CB
0	vdw	B:VAL:240:CG2	H:THR:87:CG2
0	vdw	H:ILE:98:CG1	H:SER:89:CB
0	vdw	H:ILE:98:CB	H:THR:87:OG1
0	vdw	J:GLU:392:CB	J:HIS:316:ND1
0	vdw	J:GLU:392:CB	J:GLY:388:O
0	vdw	J:GLU:392:CG	J:GLY:388:O
0	vdw	J:ASP:313:O	J:HIS:316:N
0	vdw	J:ASP:313:CB	J:HIS:316:CD2
0	vdw	J:ASP:313:CG	J:HIS:316:CD2
0	vdw	J:HIS:316:N	J:THR:314:C
0	vdw	J:ASP:313:OD2	J:HIS:316:CD2
0	vdw	J:TYR:315:CG	S:A:22:O2'
0	vdw	J:TYR:315:CD1	S:A:22:O2'
0	vdw	J:ASP:313:OD1	J:TYR:315:CB
0	vdw	J:HIS:326:O	J:TYR:315:CD1
0	vdw	J:HIS:291:CD2	J:TYR:315:CB
0	vdw	J:GLY:292:N	J:TYR:315:CB
0	vdw	J:HIS:291:NE2	J:TYR:315:CB
0	vdw	J:SER:327:CA	S:A:22:O3'
0	vdw	J:SER:327:OG	S:A:23:OP1
0	vdw	J:LEU:328:N	S:A:23:OP1
0	vdw	J:LEU:328:CB	S:A:23:OP1
0	vdw	J:GLN:345:CD	J:LYS:342:CG
0	vdw	J:GLN:345:OE1	J:LYS:342:CG
0	vdw	J:GLN:345:OE1	J:TYR:361:OH
0	vdw	B:ALA:236:C	B:LYS:238:N
0	vdw	B:ALA:236:O	B:LYS:238:N
0	vdw	B:LYS:234:O	B:LYS:238:CG
0	vdw	B:GLN:237:O	B:SER:241:N
0	vdw	B:LYS:238:C	B:VAL:240:N
0	vdw	B:GLN:237:C	B:VAL:240:CG1
0	vdw	B:GLN:237:O	B:VAL:240:CG1
0	vdw	B:ARG:233:O	B:GLN:237:N
0	vdw	B:GLN:237:N	B:HIS:235:C
0	vdw	B:ALA:236:O	B:VAL:240:CG1
0	vdw	B:GLN:237:CA	B:VAL:240:CG1
0	vdw	H:GLY:86:CA	H:LEU:100:CD2
0	vdw	H:GLY:86:CA	H:ILE:98:O
0	vdw	H:GLY:86:C	H:ILE:98:O
0	vdw	H:ILE:98:O	H:THR:87:N
0	vdw	H:PRO:99:N	H:VAL:97:O
0	vdw	H:PRO:99:CD	H:VAL:97:O
0	vdw	H:HIS:71:O	H:VAL:97:O
0	vdw	J:HIS:316:C	J:SER:318:N
0	vdw	J:HIS:316:C	J:LYS:319:N
0	vdw	J:HIS:316:O	J:SER:318:N
0	vdw	J:HIS:316:O	J:LYS:319:N
0	vdw	J:SER:318:N	J:TYR:315:C
0	vdw	J:SER:318:N	J:TYR:315:O
0	vdw	J:LYS:319:N	J:TYR:315:O
0	vdw	J:ALA:317:C	J:LYS:319:N
0	vdw	J:SER:318:N	J:THR:314:O
0	vdw	J:ALA:317:O	J:LYS:319:N
0	vdw	J:SER:318:CB	J:TYR:315:O
0	vdw	J:ALA:317:N	J:TYR:315:C
0	vdw	J:ALA:317:N	J:TYR:315:O
0	vdw	J:ARG:325:O	J:SER:327:N
0	vdw	J:HIS:291:NE2	J:HIS:326:O
0	vdw	J:HIS:291:CE1	J:SER:327:C
0	vdw	J:HIS:291:NE2	J:SER:327:C
0	vdw	J:HIS:291:CE1	J:SER:327:O
0	vdw	J:ALA:329:N	J:SER:327:C
0	vdw	J:ALA:329:N	J:SER:327:OG
0	vdw	J:HIS:291:CE1	J:LEU:328:N
0	vdw	J:LYS:343:N	J:SER:341:C
0	vdw	J:LYS:343:N	J:SER:341:O
0	vdw	B:ALA:236:N	B:LYS:234:C
0	vdw	B:HIS:235:N	B:LEU:232:O
0	vdw	B:ARG:233:C	B:HIS:235:N
0	vdw	B:ARG:233:O	B:HIS:235:N
0	vdw	B:GLU:230:O	B:LYS:234:CA
0	vdw	B:GLU:231:O	B:LYS:234:CA
0	vdw	B:GLU:231:O	B:LYS:234:C
0	vdw	B:GLU:231:O	B:HIS:235:N
0	vdw	B:HIS:235:C	B:LEU:232:O
0	vdw	B:ALA:236:N	B:LEU:232:O
0	vdw	B:ALA:236:CA	B:LEU:232:O
0	vdw	B:ALA:236:CB	B:LEU:232:O
0	vdw	B:ALA:236:N	B:ARG:233:C
0	vdw	B:ALA:236:N	B:ARG:233:O
0	vdw	B:ALA:236:CA	B:ARG:233:O
0	vdw	B:ALA:236:CB	B:ARG:233:O
0	vdw	B:ALA:236:CB	H:ILE:54:CG2
0	vdw	B:ARG:233:O	B:GLN:237:CG
0	vdw	B:ARG:233:O	B:GLN:237:CB
0	vdw	H:ALA:85:CA	H:VAL:55:O
0	vdw	H:ALA:85:C	H:VAL:55:O
0	vdw	H:GLY:86:N	H:VAL:55:O
0	vdw	H:VAL:84:CG2	H:VAL:97:CG1
0	vdw	H:GLY:72:CA	H:SER:83:OG
0	vdw	J:ALA:320:O	J:LYS:385:CD
0	vdw	J:LYS:385:CG	J:SER:383:OG
0	vdw	J:LYS:385:CG	J:SER:383:O
0	vdw	J:ALA:320:N	J:SER:318:C
0	vdw	J:ILE:321:N	J:LYS:319:C
0	vdw	J:ALA:320:C	J:GLY:322:N
0	vdw	J:ALA:320:O	J:GLY:322:N
0	vdw	J:ALA:317:O	J:ALA:320:N
0	vdw	J:ALA:317:O	J:ALA:320:CB
0	vdw	J:ALA:317:O	J:ILE:321:N
0	vdw	J:ALA:320:N	J:HIS:316:O
0	vdw	J:ALA:320:CB	J:VAL:389:CG2
0	vdw	J:LEU:323:CD1	J:SER:318:CA
0	vdw	J:GLY:322:N	J:SER:318:O
0	vdw	J:LEU:323:CB	J:SER:318:O
0	vdw	J:LEU:323:CG	J:SER:318:O
0	vdw	J:SER:318:CA	J:TYR:315:O
0	vdw	J:LEU:323:CD1	J:SER:318:CB
0	vdw	J:LEU:323:CD1	J:SER:318:OG
0	vdw	J:LEU:323:CD1	J:LEU:331:CD2
0	vdw	J:SER:318:CB	J:THR:314:O
0	vdw	J:ARG:325:O	J:TYR:330:CD2
0	vdw	J:ALA:329:CB	J:ARG:325:NH2
0	vdw	J:LEU:328:O	J:TYR:330:N
0	vdw	J:LEU:328:C	J:TYR:330:N
0	vdw	B:GLU:230:O	B:LYS:234:N
0	vdw	B:GLU:230:O	B:LYS:234:CB
0	vdw	B:GLU:231:O	B:LYS:234:N
0	vdw	B:GLU:231:O	B:LYS:234:CB
0	vdw	B:GLU:230:C	B:LEU:232:N
0	vdw	B:GLU:230:O	B:LEU:232:N
0	vdw	B:ARG:233:N	B:GLU:230:O
0	vdw	B:ARG:233:N	B:GLU:231:O
0	vdw	B:GLU:231:C	B:LYS:234:N
0	vdw	B:LEU:232:C	B:LYS:234:N
0	vdw	B:LEU:232:O	B:LYS:234:N
0	vdw	B:ARG:233:N	B:GLU:231:C
0	vdw	B:LEU:232:N	B:MET:228:O
0	vdw	B:LEU:232:CA	B:MET:228:O
0	vdw	B:LEU:232:CB	B:MET:228:O
0	vdw	B:ASP:229:O	B:LEU:232:N
0	vdw	B:ARG:233:N	B:ASP:229:O
0	vdw	B:LEU:232:CD2	B:TYR:157:OH
0	vdw	H:ALA:85:CB	H:PRO:57:CD
0	vdw	H:PRO:57:CG	H:SER:83:O
0	vdw	H:PRO:57:CG	H:VAL:84:C
0	vdw	H:PRO:57:CD	H:VAL:84:C
0	vdw	H:PRO:57:CD	H:VAL:84:O
0	vdw	H:ALA:85:CB	H:VAL:55:O
0	vdw	H:PRO:57:CB	H:SER:83:O
0	vdw	H:SER:82:C	H:VAL:84:N
0	vdw	H:SER:82:OG	H:VAL:84:O
0	vdw	B:MET:154:O	H:SER:83:C
0	vdw	B:MET:154:O	H:SER:83:O
0	vdw	B:MET:154:O	H:SER:83:CA
0	vdw	B:MET:154:O	H:SER:83:CB
0	vdw	B:MET:113:CE	H:SER:83:CB
0	vdw	H:GLY:72:O	H:SER:83:CA
0	vdw	H:GLY:72:O	H:SER:83:CB
0	vdw	H:GLY:72:C	H:SER:83:OG
0	vdw	H:GLY:72:O	H:SER:83:OG
0	vdw	J:ALA:320:O	J:LYS:385:CE
0	vdw	J:ALA:320:O	J:LYS:385:NZ
0	vdw	J:ILE:321:CG2	J:LEU:323:CD2
0	vdw	B:GLU:231:N	B:LEU:227:O
0	vdw	B:ASP:229:C	B:GLU:231:N
0	vdw	B:ARG:225:O	B:MET:228:C
0	vdw	B:ARG:225:O	B:ASP:229:N
0	vdw	B:ASP:229:N	B:LEU:227:C
0	vdw	B:ARG:225:O	B:ASP:229:CA
0	vdw	B:GLU:230:N	B:MET:228:C
0	vdw	B:GLU:230:N	B:MET:228:O
0	vdw	B:ASP:226:C	B:ASP:229:N
0	vdw	B:ASP:226:O	B:ASP:229:N
0	vdw	B:ASP:226:O	B:ASP:229:CA
0	vdw	B:ASP:229:OD1	B:TYR:157:OH
0	vdw	B:TYR:157:OH	H:THR:56:CG2
0	vdw	B:TYR:157:OH	H:THR:56:CB
0	vdw	B:TYR:157:CD1	H:PRO:57:O
0	vdw	B:TYR:157:CE1	H:PRO:57:O
0	vdw	B:ASN:111:OD1	B:PHE:155:N
0	vdw	B:MET:113:CE	B:PHE:155:CD1
0	vdw	B:MET:113:CE	B:PHE:155:CE1
0	vdw	B:MET:113:CE	H:TYR:74:CG
0	vdw	B:MET:113:CE	H:TYR:74:CD1
0	vdw	B:MET:113:CE	H:TYR:74:CB
0	vdw	G:GLN:114:NE2	J:TYR:330:OH
0	vdw	J:ASN:334:ND2	J:TYR:330:OH
0	vdw	B:LEU:227:CB	B:VAL:224:O
0	vdw	B:ARG:223:O	B:LEU:227:CB
0	vdw	B:ARG:223:O	B:LEU:227:CG
0	vdw	B:LEU:227:N	B:VAL:224:O
0	vdw	B:MET:228:N	B:VAL:224:O
0	vdw	B:MET:228:CB	B:VAL:224:O
0	vdw	B:ARG:225:O	B:LEU:227:N
0	vdw	B:ARG:225:O	B:MET:228:N
0	vdw	B:ARG:225:O	B:MET:228:CA
0	vdw	B:ARG:225:O	B:MET:228:CB
0	vdw	B:ASP:226:N	B:VAL:224:O
0	vdw	B:ARG:225:C	B:LEU:227:N
0	vdw	B:ARG:225:C	B:MET:228:N
0	vdw	B:ASP:226:C	B:MET:228:N
0	vdw	B:ASP:226:O	B:MET:228:N
0	vdw	B:ARG:223:O	B:LEU:227:N
0	vdw	B:ARG:225:O	B:ASP:229:CB
0	vdw	B:ARG:225:CA	B:SER:159:OG
0	vdw	B:ARG:225:CG	B:TYR:157:CB
0	vdw	B:ASN:111:OD1	B:ASP:156:N
0	vdw	B:ASN:111:OD1	B:ASP:156:O
0	vdw	B:ASP:156:N	B:MET:154:C
0	vdw	B:LYS:110:O	B:PHE:155:CD2
0	vdw	B:LYS:110:O	B:PHE:155:CE2
0	vdw	B:ALA:221:O	B:VAL:224:N
0	vdw	B:ALA:221:O	B:VAL:224:CA
0	vdw	B:ALA:221:O	B:VAL:224:C
0	vdw	B:ALA:221:O	B:VAL:224:CB
0	vdw	B:ALA:221:O	B:ARG:225:N
0	vdw	B:GLY:220:O	B:VAL:224:N
0	vdw	B:HIS:222:C	B:VAL:224:N
0	vdw	B:HIS:222:O	B:VAL:224:N
0	vdw	B:ARG:225:N	B:HIS:222:C
0	vdw	B:ARG:225:N	B:HIS:222:O
0	vdw	B:ARG:223:C	B:ARG:225:N
0	vdw	B:ARG:223:O	B:ARG:225:N
0	vdw	B:ASP:226:N	B:VAL:224:C
0	vdw	B:ALA:221:C	B:VAL:224:N
0	vdw	B:ALA:221:C	B:VAL:224:CB
0	vdw	B:ALA:221:O	B:SER:159:CB
0	vdw	B:ARG:225:CB	B:SER:159:OG
0	vdw	B:ALA:221:O	B:ARG:223:N
0	vdw	B:ARG:225:CG	B:SER:159:OG
0	vdw	B:TYR:157:O	B:VAL:189:O
0	vdw	B:ILE:158:CA	B:VAL:189:O
0	vdw	B:SER:159:N	B:VAL:189:O
0	vdw	B:GLY:191:N	B:TYR:157:O
0	vdw	B:GLY:191:N	B:VAL:189:O
0	vdw	B:TYR:157:O	B:VAL:190:CA
0	vdw	B:TYR:157:O	B:VAL:190:C
0	vdw	B:SER:197:CB	B:VAL:190:CG2
0	vdw	B:LEU:172:CD2	B:LEU:22:CD2
0	vdw	B:GLY:220:O	B:VAL:224:CG2
0	vdw	B:ALA:221:CA	B:VAL:224:CG2
0	vdw	B:GLY:220:O	B:HIS:222:N
0	vdw	B:ARG:223:N	B:GLY:220:O
0	vdw	B:ARG:223:CB	B:GLY:220:O
0	vdw	B:GLY:188:C	B:SER:159:O
0	vdw	B:SER:159:O	B:VAL:189:N
0	vdw	B:ALA:221:CB	B:VAL:189:CG2
0	vdw	B:ALA:221:CA	B:GLY:217:O
0	vdw	B:ALA:221:CB	B:ILE:161:CG2
0	vdw	B:ALA:221:CB	B:GLY:217:O
0	vdw	B:ALA:221:CB	B:ILE:218:O
0	vdw	B:GLY:188:C	B:SER:197:N
0	vdw	B:GLY:188:O	B:SER:197:N
0	vdw	B:GLY:188:O	B:SER:197:CA
0	vdw	B:GLY:188:O	B:SER:197:CB
0	vdw	B:LEU:196:CD2	B:VAL:189:CG2
0	vdw	B:GLY:188:O	B:LEU:196:CA
0	vdw	B:GLY:188:O	B:LEU:196:C
0	vdw	B:GLY:191:N	B:VAL:189:C
0	vdw	B:LYS:195:O	B:VAL:190:N
0	vdw	A:GLY:253:O	A:PRO:255:N
0	vdw	A:GLY:253:O	A:PRO:255:CD
0	vdw	A:ASP:232:OD2	A:PHE:201:CA
0	vdw	A:ASN:202:N	A:ASP:232:OD2
0	vdw	A:PHE:14:N	A:SER:12:C
0	vdw	A:LEU:16:CB	A:SER:12:O
0	vdw	A:ALA:9:O	A:LYS:13:N
0	vdw	A:ALA:9:O	A:LYS:13:CB
0	vdw	A:LYS:13:N	A:SER:10:O
0	vdw	A:GLU:11:O	A:LYS:13:N
0	vdw	G:GLU:151:O	G:GLY:153:N
0	vdw	G:ASP:152:O	G:TRP:195:NE1
0	vdw	G:GLU:151:O	G:TRP:195:CZ2
0	vdw	G:GLU:151:O	G:LYS:197:CD
0	vdw	G:GLY:153:N	G:MES:301:O3S
0	vdw	G:LYS:197:CB	G:TRP:195:CZ2
0	vdw	G:LYS:197:CB	G:TRP:195:CH2
0	vdw	B:ARG:17:CA	B:GLU:21:OE2
0	vdw	B:ARG:18:N	B:GLU:21:CB
0	vdw	B:ARG:18:N	B:GLU:21:CG
0	vdw	B:ARG:18:N	B:GLU:21:CD
0	vdw	B:ARG:18:CG	B:GLU:21:CG
0	vdw	B:ARG:18:CD	B:GLU:21:CG
0	vdw	B:ARG:18:CG	B:GLU:21:CD
0	vdw	B:ARG:18:CB	B:GLU:21:CG
0	vdw	B:GLU:21:N	B:TRP:19:C
0	vdw	B:GLY:220:CA	B:LEU:172:CD2
0	vdw	B:LEU:172:CD1	B:VAL:163:CG2
0	vdw	B:ILE:216:CG2	B:LEU:172:CD1
0	vdw	B:GLY:217:O	B:ILE:161:CG2
0	vdw	B:GLY:217:CA	B:LEU:187:CD1
0	vdw	B:GLY:217:C	B:LEU:187:CD1
0	vdw	B:GLY:217:CA	B:LEU:214:O
0	vdw	B:GLY:217:O	B:GLY:220:N
0	vdw	B:GLY:217:O	B:GLY:220:C
0	vdw	B:ALA:221:N	B:GLY:217:O
0	vdw	B:ILE:218:CG1	B:LEU:196:CD2
0	vdw	A:LYS:250:CE	B:LEU:196:O
0	vdw	A:LYS:250:CE	A:MET:256:CG
0	vdw	A:LEU:254:O	A:LYS:250:NZ
0	vdw	A:LYS:250:CD	A:MET:256:SD
0	vdw	A:LEU:254:O	A:MET:256:N
0	vdw	A:ILE:218:O	A:PHE:200:C
0	vdw	A:LEU:19:CD1	A:PHE:201:CG
0	vdw	A:ILE:218:O	A:PHE:201:N
0	vdw	A:LEU:19:CD1	A:PHE:201:CD2
0	vdw	A:LEU:19:CD1	A:PHE:201:CE2
0	vdw	A:LEU:16:N	A:PHE:14:C
0	vdw	A:GLU:17:N	A:ILE:15:C
0	vdw	A:LEU:16:N	A:PHE:14:O
0	vdw	A:ALA:18:N	A:ILE:15:C
0	vdw	A:PHE:14:N	A:SER:10:O
0	vdw	A:PHE:14:CA	A:SER:10:O
0	vdw	A:PHE:14:CB	A:SER:10:O
0	vdw	A:GLU:11:O	A:PHE:14:N
0	vdw	A:GLU:11:O	A:PHE:14:CA
0	vdw	A:GLU:11:O	A:PHE:14:CB
0	vdw	A:GLU:11:O	A:ILE:15:N
0	vdw	A:ILE:15:N	A:LYS:13:C
0	vdw	A:PHE:14:CB	G:GLY:153:O
0	vdw	A:GLU:11:O	A:ILE:15:CG1
0	vdw	G:MET:154:N	G:VAL:196:O
0	vdw	G:GLY:153:CA	G:MES:301:O3S
0	vdw	G:GLU:185:O	G:LYS:197:N
0	vdw	G:GLU:185:O	G:LYS:197:O
0	vdw	B:ARG:13:NH2	B:ARG:18:O
0	vdw	B:ARG:18:C	B:ASN:20:N
0	vdw	B:ARG:18:O	B:ASN:20:N
0	vdw	B:ARG:13:NH2	B:TRP:19:CA
0	vdw	B:ARG:13:NH2	B:TRP:19:O
0	vdw	B:ARG:13:NH2	B:LEU:171:CA
0	vdw	B:ARG:13:NH2	B:LEU:171:C
0	vdw	B:ARG:13:NH2	B:LEU:172:N
0	vdw	B:LEU:172:N	B:TRP:19:O
0	vdw	B:ARG:13:NH2	B:LEU:171:CD2
0	vdw	B:ARG:13:NH2	B:TRP:19:C
0	vdw	B:LEU:172:CB	B:TRP:19:O
0	vdw	B:LEU:171:O	B:VAL:163:CG1
0	vdw	B:VAL:163:CG1	B:VAL:213:CG1
0	vdw	B:GLY:217:CA	B:VAL:163:CG2
0	vdw	B:LEU:187:CD2	B:LEU:196:CD1
0	vdw	A:LEU:261:CD1	B:LEU:196:CD1
0	vdw	A:LEU:261:CD1	B:LEU:199:CD2
0	vdw	A:LEU:261:CD2	B:LEU:199:CD2
0	vdw	A:LEU:261:CD2	A:MET:256:SD
0	vdw	A:MET:256:SD	A:PHE:200:CE1
0	vdw	A:MET:256:SD	A:PHE:200:CZ
0	vdw	A:LEU:235:CD2	A:LEU:261:CD2
0	vdw	A:LEU:261:CG	A:MET:256:CE
0	vdw	A:ASP:257:O	A:LEU:261:CG
0	vdw	A:LEU:261:CD2	A:MET:256:CE
0	vdw	A:MET:256:CE	A:PHE:200:CE2
0	vdw	A:MET:256:CE	A:PHE:200:CZ
0	vdw	A:PHE:200:CE2	A:SER:219:CB
0	vdw	A:PHE:201:CD1	A:SER:199:O
0	vdw	A:PHE:201:CE1	A:SER:199:O
0	vdw	A:ILE:220:N	A:SER:199:O
0	vdw	A:ILE:218:O	A:PHE:200:CA
0	vdw	A:SER:199:O	A:SER:219:CA
0	vdw	A:PHE:200:CD2	A:SER:219:CB
0	vdw	A:LEU:19:CD1	A:PHE:201:CD1
0	vdw	A:LEU:19:CD1	A:PHE:201:CE1
0	vdw	A:ILE:220:CD1	A:PHE:201:CE1
0	vdw	A:LEU:19:CD1	A:PHE:201:CZ
0	vdw	A:ALA:18:N	A:ILE:15:O
0	vdw	A:ILE:15:O	A:LEU:19:N
0	vdw	A:ILE:15:CG2	A:LEU:25:CD1
0	vdw	A:ALA:18:CB	A:ILE:15:O
0	vdw	A:GLU:11:O	A:ILE:15:CB
0	vdw	A:ILE:15:O	A:LEU:19:CB
0	vdw	A:ILE:15:O	A:LEU:19:CG
0	vdw	A:GLU:17:N	A:ILE:15:O
0	vdw	A:PHE:14:CD2	G:MET:154:CB
0	vdw	A:PHE:14:CD2	G:MET:154:CG
0	vdw	A:ILE:15:CG1	A:LEU:25:CD1
0	vdw	A:PHE:14:CG	G:MET:154:CB
0	vdw	A:PHE:14:CE2	G:MET:154:CG
0	vdw	A:PHE:14:CD1	G:MET:154:CB
0	vdw	G:PHE:184:CD2	G:VAL:196:CG2
0	vdw	G:PHE:184:CE2	G:VAL:186:CB
0	vdw	B:LEU:12:O	B:SER:8:CB
0	vdw	B:LEU:12:O	B:TYR:7:CD1
0	vdw	B:LEU:12:O	B:SER:8:CA
0	vdw	B:GLU:10:C	B:LEU:12:N
0	vdw	B:ARG:17:O	B:LEU:12:CA
0	vdw	B:GLY:11:CA	B:TYR:7:CZ
0	vdw	B:LEU:165:CD1	B:PRO:170:N
0	vdw	B:LEU:165:CD1	B:PRO:170:CA
0	vdw	B:PRO:170:O	B:TRP:19:CB
0	vdw	B:LEU:210:O	B:VAL:213:CB
0	vdw	B:ARG:209:O	B:VAL:213:CG2
0	vdw	B:LEU:210:CD1	B:LEU:214:CD1
0	vdw	B:LEU:210:O	B:LEU:214:CD1
0	vdw	A:LEU:235:CD2	A:PHE:200:CZ
0	vdw	A:CYS:264:CB	A:PHE:198:CE1
0	vdw	A:CYS:264:CB	A:PHE:198:CE2
0	vdw	A:CYS:264:CB	A:PHE:198:CZ
0	vdw	A:CYS:264:SG	A:PHE:198:CD2
0	vdw	A:ILE:221:CG1	A:PHE:198:CD2
0	vdw	A:CYS:264:CB	A:THR:260:O
0	vdw	A:CYS:264:CB	A:LEU:261:O
0	vdw	A:ARG:24:NH1	A:ILE:220:CB
0	vdw	A:ARG:24:NH2	A:ILE:220:CD1
0	vdw	A:ILE:220:CG2	A:PHE:30:CD1
0	vdw	A:ILE:220:CA	A:PHE:30:O
0	vdw	A:ILE:220:C	A:PHE:30:O
0	vdw	A:ARG:24:CB	A:GLU:227:OE1
0	vdw	A:ARG:24:C	A:ASP:26:N
0	vdw	G:THR:204:O	G:TYR:208:CB
0	vdw	G:CYS:207:CB	G:THR:204:O
0	vdw	G:THR:204:O	G:TYR:208:N
0	vdw	G:CYS:207:O	G:THR:210:N
0	vdw	G:ALA:206:N	G:THR:204:O
0	vdw	G:CYS:207:N	G:THR:204:O
0	vdw	G:ASN:203:O	G:CYS:207:CB
0	vdw	G:CYS:207:CA	G:THR:210:OG1
0	vdw	G:CYS:207:C	G:THR:210:OG1
0	vdw	G:CYS:207:O	G:THR:210:OG1
0	vdw	G:ALA:206:C	G:TYR:208:N
0	vdw	G:LEU:205:O	G:TYR:208:N
0	vdw	G:LEU:178:CB	G:PHE:184:CZ
0	vdw	G:ALA:179:CB	G:LEU:175:O
0	vdw	G:ALA:179:N	G:LEU:175:O
0	vdw	B:GLU:10:CD	B:SER:8:OG
0	vdw	B:GLU:10:OE1	B:SER:8:OG
0	vdw	B:GLU:10:N	B:SER:8:OG
0	vdw	B:GLU:10:OE1	B:SER:8:CB
0	vdw	B:GLU:10:N	B:SER:8:C
0	vdw	B:GLU:10:N	B:SER:8:O
0	vdw	B:GLY:11:N	B:SER:8:C
0	vdw	B:GLY:11:N	B:SER:8:O
0	vdw	B:GLY:11:CA	B:SER:8:O
0	vdw	B:THR:169:OG1	B:TYR:166:O
0	vdw	B:THR:169:O	B:TYR:166:C
0	vdw	B:THR:169:C	B:TYR:166:O
0	vdw	B:THR:169:O	B:TYR:166:O
0	vdw	B:LEU:165:CD1	B:THR:169:C
0	vdw	B:THR:168:N	B:TYR:166:C
0	vdw	B:THR:168:N	B:TYR:166:O
0	vdw	B:THR:169:N	B:TYR:166:O
0	vdw	B:THR:169:CA	B:TYR:166:O
0	vdw	A:VAL:245:CG2	B:LEU:207:CD1
0	vdw	A:MET:262:CG	B:LEU:210:CD2
0	vdw	A:CYS:265:SG	A:LEU:261:O
0	vdw	A:CYS:265:CB	A:MET:262:O
0	vdw	A:CYS:264:O	A:PHE:198:CE1
0	vdw	A:CYS:264:O	A:PHE:198:CZ
0	vdw	A:ILE:221:CG1	A:PHE:198:CE2
0	vdw	A:ILE:221:CD1	A:PHE:198:CE2
0	vdw	A:ILE:221:CD1	A:PHE:198:CZ
0	vdw	A:ALA:268:N	A:CYS:264:O
0	vdw	A:ALA:268:CB	A:CYS:264:O
0	vdw	A:CYS:264:CA	A:PHE:198:CZ
0	vdw	A:CYS:264:C	A:PHE:198:CZ
0	vdw	A:CYS:264:SG	A:PHE:198:CE2
0	vdw	A:ILE:221:CD1	A:ILE:271:CD1
0	vdw	A:ILE:221:CB	A:PHE:30:O
0	vdw	A:ILE:221:CG1	A:PHE:30:O
0	vdw	A:ASP:31:O	A:ILE:221:CD1
0	vdw	A:ASP:31:CA	A:ILE:221:CD1
0	vdw	A:ASP:31:C	A:ILE:221:CD1
0	vdw	A:ILE:221:N	A:PHE:30:O
0	vdw	A:ARG:24:CD	A:ARG:28:CB
0	vdw	A:ARG:24:CD	A:SER:29:O
0	vdw	A:ARG:24:CZ	A:SER:29:O
0	vdw	A:ARG:24:NH1	A:SER:29:C
0	vdw	A:ARG:24:NH1	A:SER:29:O
0	vdw	A:ARG:24:CD	A:ARG:28:O
0	vdw	A:ARG:24:CD	A:ARG:28:C
0	vdw	A:ARG:24:NE	A:GLU:227:OE1
0	vdw	A:ARG:24:O	A:ASP:26:N
0	vdw	A:ARG:24:O	A:GLY:27:N
0	vdw	A:GLY:27:N	A:LEU:25:C
0	vdw	A:GLY:27:N	A:LEU:25:O
0	vdw	A:ARG:24:O	A:GLY:27:CA
0	vdw	A:ARG:24:CG	A:ARG:28:N
0	vdw	A:ARG:28:N	A:ASP:26:C
0	vdw	A:ARG:24:CG	A:ARG:28:O
0	vdw	A:GLY:27:CA	G:ARG:209:NH2
0	vdw	A:ARG:24:CG	A:ARG:28:C
0	vdw	A:ARG:24:O	G:ARG:209:NH2
0	vdw	G:ARG:209:CB	G:GLN:230:CD
0	vdw	G:ARG:209:N	G:LEU:205:O
0	vdw	G:ARG:209:CB	G:LEU:205:O
0	vdw	G:ARG:209:CG	G:LEU:205:O
0	vdw	G:ARG:209:CD	G:LEU:205:O
0	vdw	G:ARG:209:CB	G:GLN:230:OE1
0	vdw	G:ARG:209:CD	G:GLN:230:OE1
0	vdw	G:ARG:209:N	G:CYS:207:C
0	vdw	G:THR:210:N	G:TYR:208:C
0	vdw	G:ALA:206:O	G:THR:210:N
0	vdw	G:ALA:206:O	G:THR:210:OG1
0	vdw	G:LEU:174:O	G:LEU:178:CB
0	vdw	G:LEU:174:O	G:LEU:178:CG
0	vdw	G:LEU:174:O	G:LYS:176:N
0	vdw	G:LEU:174:O	G:VAL:177:N
0	vdw	G:LEU:174:O	G:VAL:177:CG1
0	vdw	G:LEU:174:O	G:LEU:178:N
0	vdw	G:LEU:174:O	G:LEU:178:CA
0	vdw	G:LEU:178:CB	G:PHE:184:CE1
0	vdw	G:LEU:174:C	G:LYS:176:N
0	vdw	G:LEU:175:C	G:VAL:177:N
0	vdw	G:LEU:178:N	G:LYS:176:C
0	vdw	B:ASP:167:C	B:THR:169:N
0	vdw	B:ARG:209:N	B:PRO:206:O
0	vdw	B:ASP:208:N	B:PRO:206:C
0	vdw	B:ASP:208:N	B:PRO:206:O
0	vdw	B:ARG:209:C	B:PRO:206:O
0	vdw	B:ARG:209:O	B:PRO:206:O
0	vdw	A:ARG:243:O	B:LEU:207:N
0	vdw	A:CYS:265:O	A:LEU:239:CD1
0	vdw	A:LEU:239:CD1	A:TYR:269:N
0	vdw	A:CYS:265:O	A:TYR:269:N
0	vdw	A:ALA:268:CB	A:LEU:239:CD1
0	vdw	A:ALA:268:N	A:CYS:265:O
0	vdw	A:CYS:265:O	A:TYR:269:CB
0	vdw	A:GLU:267:C	A:TYR:269:N
0	vdw	A:ALA:268:C	A:SER:270:N
0	vdw	A:ALA:268:C	A:ILE:271:N
0	vdw	A:ALA:268:N	A:HIS:266:O
0	vdw	A:ALA:268:N	A:HIS:266:C
0	vdw	A:ASP:31:O	A:ILE:271:CD1
0	vdw	A:GLU:267:O	A:ILE:271:CD1
0	vdw	A:ARG:28:CD	A:GLN:32:O
0	vdw	A:ARG:28:CG	A:GLN:32:CB
0	vdw	A:GLN:32:CB	A:SER:29:CB
0	vdw	A:ARG:28:CG	A:GLN:32:CG
0	vdw	A:ARG:28:CG	A:GLN:32:CD
0	vdw	A:ARG:28:CG	A:GLN:32:OE1
0	vdw	G:GLN:230:CG	G:THR:210:CG2
0	vdw	G:GLN:230:CG	G:ILE:226:O
0	vdw	G:GLN:230:CB	G:THR:210:CG2
0	vdw	G:ALA:206:O	G:THR:210:CG2
0	vdw	G:ALA:227:N	G:ASP:225:C
0	vdw	G:ALA:227:N	G:PHE:223:O
0	vdw	A:ASN:242:C	A:GLU:244:N
0	vdw	A:ASN:242:O	A:GLU:244:N
0	vdw	A:ARG:243:CD	A:TYR:269:CE1
0	vdw	A:ILE:271:N	A:TYR:269:C
0	vdw	A:ILE:271:N	A:TYR:269:O
0	vdw	A:GLU:273:CB	A:TYR:269:O
0	vdw	A:ALA:268:O	A:SER:270:N
0	vdw	A:ALA:268:O	A:ILE:271:N
0	vdw	A:ALA:268:O	A:ILE:271:CA
0	vdw	A:ALA:268:O	A:ILE:271:CB
0	vdw	A:GLU:267:O	A:ILE:271:CG1
0	vdw	G:ARG:229:NE	G:ILE:226:CA
0	vdw	G:ARG:229:N	G:ILE:226:O
0	vdw	G:ARG:229:CG	G:ILE:226:O
0	vdw	G:GLN:230:N	G:ILE:226:O
0	vdw	G:ILE:226:O	G:LYS:228:N
0	vdw	G:GLN:230:CB	G:ILE:226:O
0	vdw	G:ILE:226:N	G:PHE:223:O
0	vdw	G:ILE:226:N	G:LYS:224:C
0	vdw	G:ILE:226:C	G:LYS:228:N
0	vdw	G:ARG:229:CG	G:ILE:226:CA
0	vdw	G:ARG:229:CG	G:ILE:226:C
0	vdw	G:ASP:225:N	G:PHE:223:C
0	vdw	G:ASP:225:N	G:PHE:223:O
0	vdw	G:LYS:224:CA	G:VAL:177:CG2
0	vdw	G:ALA:227:CB	G:PHE:223:O
0	vdw	A:ARG:243:N	A:LYS:241:O
0	vdw	A:ARG:243:CG	A:TYR:269:OH
0	vdw	A:ARG:243:CD	A:TYR:269:CZ
0	vdw	A:ARG:243:CD	A:TYR:269:OH
0	vdw	A:GLU:273:OE1	A:TYR:269:CE2
0	vdw	A:LYS:274:CB	A:SER:270:O
0	vdw	G:ARG:229:CD	G:ASP:225:O
0	vdw	J:LEU:168:CD1	J:TYR:179:CE1
0	vdw	J:LEU:168:CD1	J:TYR:179:CZ
0	vdw	J:ARG:167:CG	J:GLU:164:O
0	vdw	J:ARG:167:CD	J:GLU:164:O
0	vdw	J:ARG:167:O	J:TYR:179:CD1
0	vdw	J:ARG:167:O	J:PRO:180:CD
0	vdw	J:PHE:148:O	J:TYR:179:CD2
0	vdw	J:LEU:166:O	J:TYR:179:CD1
0	vdw	J:LEU:166:O	J:TYR:179:CE1
0	vdw	J:PHE:148:O	J:TYR:179:CB
0	vdw	J:PHE:148:O	J:PRO:150:CD
0	vdw	J:PRO:180:O	J:PRO:182:N
0	vdw	J:PRO:180:O	J:PRO:182:CD
0	vdw	J:ARG:302:CA	J:PHE:148:CZ
0	vdw	J:ARG:302:CB	J:ILE:298:O
0	vdw	J:ARG:302:C	J:LEU:304:N
0	vdw	J:ARG:271:NH1	J:ILE:250:CG2
0	vdw	J:GLN:133:OE1	J:LYS:131:CB
0	vdw	J:GLN:133:OE1	J:LYS:131:C
0	vdw	J:LYS:131:N	J:VAL:129:O
0	vdw	J:GLU:184:CB	J:HIS:181:CB
0	vdw	J:GLU:184:CB	J:HIS:181:O
0	vdw	J:ARG:399:O	J:GLN:301:CD
0	vdw	J:ARG:399:O	J:GLN:301:NE2
0	vdw	J:HIS:181:CD2	J:LYS:398:C
0	vdw	J:ARG:399:O	J:ILE:297:CG2
0	vdw	J:GLN:301:CG	J:ILE:298:O
0	vdw	J:GLN:301:CG	J:ILE:297:O
0	vdw	J:GLN:301:NE2	J:TYR:307:CE1
0	vdw	J:ARG:302:N	J:ILE:298:O
0	vdw	J:GLN:301:N	J:ILE:298:O
0	vdw	J:GLN:301:N	J:TRP:299:C
0	vdw	J:ARG:302:N	J:LEU:300:C
0	vdw	J:ILE:298:C	J:LEU:300:N
0	vdw	J:ILE:298:O	J:LEU:300:N
0	vdw	J:ASP:303:CG	J:VAL:251:CG2
0	vdw	J:ARG:271:CZ	J:ASP:303:CG
0	vdw	J:ARG:271:NH2	J:ASP:303:CG
0	vdw	J:ASP:303:OD2	J:GLY:249:O
0	vdw	J:ASP:303:OD2	J:ILE:250:CA
0	vdw	J:ASP:303:OD2	J:ILE:250:C
0	vdw	J:ASP:303:OD2	J:VAL:251:N
0	vdw	J:HIS:241:CD2	J:ILE:250:C
0	vdw	J:CYS:252:N	J:ILE:250:C
0	vdw	J:ARG:271:CZ	J:ASP:303:OD2
0	vdw	J:ARG:271:NH1	J:ASP:303:OD2
0	vdw	J:ARG:271:NH2	J:ASP:303:OD2
0	vdw	J:ARG:350:CD	J:ILE:250:CD1
0	vdw	J:ILE:250:CD1	J:PRO:132:CG
0	vdw	J:ARG:350:NE	J:ASP:348:CG
0	vdw	J:ARG:350:NE	J:ASP:348:OD1
0	vdw	J:ARG:350:CZ	J:ASP:348:CG
0	vdw	J:ARG:350:CZ	J:ASP:348:OD1
0	vdw	J:ARG:350:NE	J:ASP:348:OD2
0	vdw	J:ARG:350:CZ	J:ASP:348:OD2
0	vdw	J:ARG:350:CD	J:PRO:132:CD
0	vdw	J:ARG:350:NH2	J:VAL:129:CG1
0	vdw	J:ARG:350:NH1	J:VAL:129:CG2
0	vdw	J:ARG:350:NH2	J:ASP:348:OD2
0	vdw	J:ASP:188:CG	J:LYS:398:NZ
0	vdw	J:ASP:188:OD1	J:LYS:398:CE
0	vdw	J:ASP:188:OD1	J:LYS:398:NZ
0	vdw	J:ASP:188:OD2	J:LYS:398:NZ
0	vdw	J:ARG:394:C	J:LYS:398:CE
0	vdw	J:ARG:394:O	J:LYS:398:CE
0	vdw	J:ASP:188:OD2	J:GLU:184:O
0	vdw	J:ARG:394:O	J:LYS:398:CB
0	vdw	J:ARG:394:O	J:LYS:398:CG
0	vdw	J:ILE:187:CD1	J:LYS:398:CA
0	vdw	J:HIS:181:CD2	J:LYS:398:O
0	vdw	J:ALA:397:C	J:ARG:399:N
0	vdw	J:ALA:397:O	J:ARG:399:N
0	vdw	J:ALA:397:C	J:ILE:297:CG2
0	vdw	J:ALA:397:O	J:ILE:297:CG2
0	vdw	J:LYS:398:N	J:VAL:396:C
0	vdw	J:LYS:398:N	J:VAL:396:O
0	vdw	J:ARG:399:N	J:VAL:396:O
0	vdw	J:ALA:397:C	J:ILE:187:CD1
0	vdw	J:ALA:397:O	J:ILE:187:CD1
0	vdw	J:ILE:187:CD1	J:LYS:398:N
0	vdw	J:ALA:397:O	J:HIS:181:NE2
0	vdw	J:ILE:297:C	J:TRP:299:N
0	vdw	J:ILE:298:N	J:MET:295:O
0	vdw	J:ASP:296:C	J:ILE:298:N
0	vdw	J:ASP:296:O	J:ILE:298:N
0	vdw	J:ALA:293:O	J:ILE:297:N
0	vdw	J:ALA:293:O	J:ILE:297:CB
0	vdw	J:ILE:297:N	J:MET:295:C
0	vdw	J:ILE:297:O	J:LEU:300:N
0	vdw	J:ILE:297:O	J:LEU:300:CB
0	vdw	J:GLN:301:CB	J:ILE:297:O
0	vdw	J:GLN:301:N	J:ILE:297:O
0	vdw	J:MET:295:O	J:TRP:299:N
0	vdw	J:ASP:296:O	J:TRP:299:N
0	vdw	J:MET:295:O	J:TRP:299:CB
0	vdw	J:MET:295:O	J:TRP:299:CG
0	vdw	J:MET:295:O	J:TRP:299:CD2
0	vdw	J:ASP:296:O	J:LEU:300:N
0	vdw	J:ASP:296:O	J:LEU:300:CA
0	vdw	J:ASP:296:O	J:LEU:300:CB
0	vdw	J:ASP:296:O	J:LEU:300:CG
0	vdw	J:ASP:296:O	J:LEU:300:CD1
0	vdw	J:MET:295:O	J:TRP:299:CE3
0	vdw	J:ASP:296:O	J:LEU:239:CD1
0	vdw	J:LEU:239:CD1	J:TRP:299:CB
0	vdw	J:TRP:299:CB	J:VAL:251:CG2
0	vdw	J:HIS:241:CD2	J:ILE:250:O
0	vdw	J:HIS:242:N	J:ILE:250:O
0	vdw	J:CYS:252:SG	J:ILE:250:O
0	vdw	J:GLU:240:O	J:VAL:251:CA
0	vdw	J:GLU:240:O	J:VAL:251:C
0	vdw	J:CYS:252:N	J:GLU:240:O
0	vdw	J:CYS:252:N	J:ILE:250:O
0	vdw	J:CYS:252:CA	J:GLU:240:O
0	vdw	J:CYS:252:SG	J:HIS:242:CB
0	vdw	J:ARG:350:CG	J:CYS:252:SG
0	vdw	J:ARG:350:CG	J:ASP:348:OD1
0	vdw	J:ARG:350:N	J:ASP:348:OD1
0	vdw	J:ARG:350:CA	J:ASP:348:OD1
0	vdw	J:ARG:350:CB	J:ASP:348:OD1
0	vdw	J:ARG:350:NH2	J:ASP:348:CG
0	vdw	J:ARG:394:CB	J:LEU:390:O
0	vdw	J:ARG:394:CB	J:ILE:187:CG2
0	vdw	J:ARG:394:C	J:VAL:396:N
0	vdw	J:ALA:397:N	J:ARG:394:C
0	vdw	J:ARG:394:O	J:VAL:396:N
0	vdw	J:ALA:397:N	J:ARG:394:O
0	vdw	J:ALA:397:CA	J:ARG:394:O
0	vdw	J:ASN:395:N	J:SER:393:C
0	vdw	J:ASN:395:N	J:SER:393:O
0	vdw	J:ALA:397:CB	J:ARG:394:O
0	vdw	J:ALA:397:C	J:ARG:394:O
0	vdw	J:ARG:394:O	J:LYS:398:N
0	vdw	J:ILE:297:CG1	J:VAL:396:O
0	vdw	J:ALA:293:C	J:VAL:396:CG1
0	vdw	J:ALA:293:O	J:VAL:396:CG1
0	vdw	J:ALA:397:CA	J:ILE:297:CG1
0	vdw	J:ALA:293:CB	J:VAL:396:CG1
0	vdw	J:ALA:397:CA	J:ILE:297:CD1
0	vdw	J:LEU:311:CD2	J:VAL:396:CG1
0	vdw	J:ILE:297:CB	J:VAL:396:O
0	vdw	J:ALA:293:O	J:ILE:297:CG1
0	vdw	J:ALA:293:C	J:ASP:296:N
0	vdw	J:ALA:293:O	J:ASP:296:N
0	vdw	J:ALA:293:O	J:ASP:296:CA
0	vdw	J:ALA:293:O	J:ASP:296:CB
0	vdw	J:ASP:296:OD1	J:GLY:292:O
0	vdw	J:ASP:296:CG	S:A:23:O2'
0	vdw	J:ASP:296:OD1	S:A:23:O2'
0	vdw	J:HIS:241:CB	J:TRP:299:CZ3
0	vdw	J:HIS:241:N	S:A:24:O3'
0	vdw	J:GLU:240:OE1	S:A:24:O3'
0	vdw	J:GLU:240:CA	J:LEU:253:O
0	vdw	J:ALA:347:O	J:TRP:349:CD1
0	vdw	J:ALA:347:O	J:TRP:349:N
0	vdw	J:ASP:348:O	J:ILE:351:CG1
0	vdw	J:ASP:348:O	J:ILE:351:CD1
0	vdw	J:ARG:350:N	J:ASP:348:C
0	vdw	J:ARG:394:NH2	J:TYR:391:CA
0	vdw	J:GLU:392:N	J:LEU:390:C
0	vdw	J:LEU:390:C	J:SER:393:N
0	vdw	J:LEU:390:O	J:SER:393:N
0	vdw	J:LEU:390:O	J:SER:393:CB
0	vdw	J:ARG:394:N	J:LEU:390:O
0	vdw	J:SER:393:N	J:TYR:391:C
0	vdw	J:SER:393:N	J:TYR:391:O
0	vdw	J:ARG:394:N	J:TYR:391:O
0	vdw	J:GLY:388:O	J:TYR:391:CA
0	vdw	J:ALA:387:O	J:TYR:391:CB
0	vdw	J:GLY:388:O	J:TYR:391:CB
0	vdw	J:ARG:394:CZ	J:LEU:390:O
0	vdw	J:ARG:394:NH1	J:LEU:390:O
0	vdw	J:ASN:395:N	J:TYR:391:O
0	vdw	J:ARG:394:CG	J:LEU:390:O
0	vdw	J:ARG:394:N	J:GLU:392:C
0	vdw	J:GLU:392:N	J:VAL:389:O
0	vdw	J:GLU:392:C	J:VAL:389:O
0	vdw	J:SER:393:N	J:VAL:389:O
0	vdw	J:SER:393:CA	J:VAL:389:O
0	vdw	J:SER:393:CB	J:VAL:389:O
0	vdw	J:LEU:311:O	J:SER:393:CB
0	vdw	J:LEU:311:CD2	J:SER:393:O
0	vdw	J:SER:393:C	J:VAL:396:N
0	vdw	J:SER:393:O	J:VAL:396:N
0	vdw	J:SER:393:O	J:VAL:396:CA
0	vdw	J:SER:393:O	J:VAL:396:CB
0	vdw	J:ALA:397:N	J:SER:393:O
0	vdw	J:ALA:397:CB	J:SER:393:O
0	vdw	J:ALA:293:N	J:ASP:313:OD2
0	vdw	J:ALA:293:CB	J:PHE:290:CB
0	vdw	J:ALA:293:CB	J:PHE:290:CG
0	vdw	J:ALA:293:N	J:HIS:291:C
0	vdw	J:ASP:313:OD2	J:GLY:292:N
0	vdw	J:ALA:293:CB	J:PHE:290:CD2
0	vdw	J:ALA:293:CA	J:ASP:296:CB
0	vdw	J:ALA:293:CA	J:ASP:296:CG
0	vdw	J:GLY:292:O	S:A:23:O2'
0	vdw	J:ASP:296:OD2	J:PHE:290:CD2
0	vdw	S:A:24:P	S:MG:101:MG
0	vdw	J:ASN:238:CB	S:MG:101:MG
0	vdw	J:ASN:238:CG	S:MG:101:MG
0	vdw	J:ASN:238:ND2	S:MG:101:MG
0	vdw	S:A:24:OP2	S:MG:101:MG
0	vdw	J:GLU:240:OE1	S:A:24:C5'
0	vdw	J:GLU:240:OE1	J:TRP:349:NE1
0	vdw	J:GLU:240:OE1	J:TRP:349:CE2
0	vdw	J:GLU:240:OE2	S:A:24:OP1
0	vdw	J:LEU:239:O	S:A:24:C5'
0	vdw	J:ASN:238:ND2	S:A:24:P
0	vdw	J:ASN:238:CG	S:A:24:OP1
0	vdw	J:ASN:238:ND2	S:A:24:OP1
0	vdw	J:TRP:349:CZ2	J:TYR:344:O
0	vdw	J:TYR:344:O	J:TYR:361:CD2
0	vdw	J:TYR:344:O	J:TYR:361:CE2
0	vdw	J:TRP:349:CZ2	J:TYR:344:CB
0	vdw	J:ALA:347:O	J:TRP:349:NE1
0	vdw	J:MET:358:CE	J:TYR:344:CE1
0	vdw	J:ILE:351:CD1	J:MET:358:CE
0	vdw	H:ILE:54:CD1	H:THR:87:CG2
0	vdw	H:ILE:98:CD1	H:SER:89:CB
0	vdw	H:SER:89:CB	H:SER:96:OG
0	vdw	H:SER:89:CB	H:SER:96:O
0	vdw	J:ALA:387:C	J:VAL:389:N
0	vdw	J:ALA:387:O	J:TYR:391:N
0	vdw	J:GLY:388:C	J:TYR:391:N
0	vdw	J:GLY:388:O	J:TYR:391:N
0	vdw	J:GLY:388:C	J:LEU:390:N
0	vdw	J:TYR:391:N	J:VAL:389:C
0	vdw	J:TYR:391:N	J:VAL:389:O
0	vdw	J:LYS:385:O	J:VAL:389:N
0	vdw	J:LEU:386:O	J:VAL:389:N
0	vdw	J:GLU:392:N	J:GLY:388:O
0	vdw	J:SER:393:OG	J:VAL:389:C
0	vdw	J:SER:393:OG	J:VAL:389:O
0	vdw	J:ASP:313:N	J:SER:393:OG
0	vdw	J:LEU:386:O	J:LEU:390:N
0	vdw	J:ALA:317:N	J:ASP:313:O
0	vdw	J:ASP:313:C	J:TYR:315:N
0	vdw	J:ASP:313:O	J:TYR:315:N
0	vdw	J:ASP:313:CA	J:PHE:290:O
0	vdw	J:ASP:313:CG	J:GLY:292:N
0	vdw	J:ASP:313:OD1	J:HIS:291:CA
0	vdw	J:ASP:313:OD1	J:HIS:291:C
0	vdw	J:ASP:313:OD1	J:GLY:292:N
0	vdw	J:ASP:313:OD1	J:TYR:315:N
0	vdw	J:PHE:290:O	J:THR:314:N
0	vdw	J:PHE:312:O	J:THR:314:N
0	vdw	J:TYR:361:OH	S:A:24:OP2
0	vdw	J:ASP:365:OD2	J:TYR:361:CE2
0	vdw	J:MET:358:CE	J:TYR:344:CD1
0	vdw	J:MET:358:CG	J:TYR:344:CG
0	vdw	J:MET:358:CG	J:TYR:344:CD1
0	vdw	J:MET:358:CG	J:TYR:344:CD2
0	vdw	J:PRO:357:CG	J:TYR:344:CE2
0	vdw	J:PRO:357:CG	J:TYR:344:CZ
0	vdw	J:PRO:357:CG	J:TYR:344:OH
0	vdw	J:PRO:357:CB	J:TYR:344:CE2
0	vdw	J:PRO:357:C	J:TYR:344:CE2
0	vdw	H:THR:87:O	H:VAL:97:CA
0	vdw	H:THR:87:O	H:VAL:97:C
0	vdw	H:ILE:98:N	H:THR:87:O
0	vdw	H:GLY:86:O	H:VAL:55:N
0	vdw	H:GLY:86:O	H:VAL:55:CG2
0	vdw	H:GLN:53:O	H:GLY:86:O
0	vdw	H:GLN:53:O	H:THR:87:CA
0	vdw	H:GLN:53:O	H:THR:87:C
0	vdw	H:THR:87:O	H:VAL:97:CG1
0	vdw	H:SER:89:N	H:THR:87:O
0	vdw	H:SER:89:N	H:SER:96:O
0	vdw	H:SER:89:CA	H:SER:96:O
0	vdw	H:SER:89:O	H:SER:96:O
0	vdw	H:HIS:71:O	H:SER:96:CA
0	vdw	H:HIS:71:O	H:SER:96:C
0	vdw	H:HIS:71:O	H:SER:96:CB
0	vdw	H:HIS:71:O	H:VAL:97:N
0	vdw	H:HIS:71:N	H:SER:96:CB
0	vdw	H:HIS:71:C	H:THR:73:N
0	vdw	H:HIS:71:O	H:THR:73:N
0	vdw	H:GLY:70:C	H:THR:73:OG1
0	vdw	H:GLY:70:CA	H:LEU:95:O
0	vdw	H:GLY:70:CA	H:LEU:94:CD1
0	vdw	H:ARG:69:O	J:ALA:387:CB
0	vdw	H:MET:68:SD	J:ALA:387:CA
0	vdw	H:MET:68:SD	J:ALA:387:CB
0	vdw	J:ALA:387:N	J:LYS:385:C
0	vdw	J:ALA:387:N	J:LYS:385:O
0	vdw	J:GLY:388:N	J:LYS:385:O
0	vdw	J:LYS:385:O	J:VAL:389:CG2
0	vdw	J:GLY:388:N	J:LEU:386:C
0	vdw	J:GLY:388:N	J:LEU:386:O
0	vdw	J:LEU:380:O	J:LEU:386:N
0	vdw	J:ALA:317:CA	J:VAL:389:CG2
0	vdw	J:LEU:380:CD2	J:VAL:389:CG2
0	vdw	J:LEU:380:CD1	J:VAL:389:CB
0	vdw	J:LEU:380:CD1	J:VAL:389:CG2
0	vdw	J:ALA:317:N	J:THR:314:C
0	vdw	J:ALA:317:N	J:THR:314:O
0	vdw	J:ALA:317:CA	J:THR:314:O
0	vdw	J:ALA:317:C	J:THR:314:O
0	vdw	J:ALA:317:CB	J:THR:314:C
0	vdw	J:ALA:317:CB	J:THR:314:O
0	vdw	J:HIS:291:ND1	J:THR:314:OG1
0	vdw	J:HIS:291:CE1	J:THR:314:OG1
0	vdw	J:SER:318:OG	J:THR:314:O
0	vdw	J:HIS:291:CA	J:THR:314:OG1
0	vdw	J:HIS:291:CB	J:THR:314:OG1
0	vdw	J:HIS:291:CG	J:THR:314:OG1
0	vdw	J:PHE:290:O	J:THR:314:OG1
0	vdw	J:HIS:291:ND1	J:LEU:328:CD1
0	vdw	J:HIS:291:CE1	J:LEU:328:CA
0	vdw	J:HIS:291:CE1	J:LEU:331:CD1
0	vdw	J:ASP:365:OD1	J:LEU:328:CD2
0	vdw	H:GLY:86:O	H:ILE:54:CA
0	vdw	H:GLY:86:O	H:ILE:54:C
0	vdw	H:VAL:55:CG2	H:VAL:97:CG1
0	vdw	H:SER:82:OG	H:VAL:55:CG2
0	vdw	H:GLU:59:OE2	H:VAL:55:CA
0	vdw	H:THR:73:CG2	H:VAL:97:CG2
0	vdw	H:THR:73:CB	H:THR:80:CG2
0	vdw	H:THR:73:CA	H:TYR:81:O
0	vdw	H:THR:73:CB	H:TYR:81:O
0	vdw	H:GLY:70:O	H:THR:73:OG1
0	vdw	H:GLY:70:N	H:THR:73:OG1
0	vdw	J:ASN:384:CA	J:LEU:380:O
0	vdw	J:ASN:384:C	J:LEU:380:O
0	vdw	J:ASN:384:CA	J:ILE:381:O
0	vdw	J:ASN:384:C	J:LEU:386:N
0	vdw	J:LEU:380:O	J:LYS:385:N
0	vdw	J:LEU:376:O	J:LEU:380:CG
0	vdw	J:ALA:317:O	J:ILE:321:CG1
0	vdw	J:LEU:331:CD1	J:SER:318:OG
0	vdw	J:LEU:331:CD2	J:SER:318:OG
0	vdw	J:LEU:332:N	J:TYR:330:C
0	vdw	J:LEU:328:O	J:LEU:331:N
0	vdw	J:ALA:329:C	J:LEU:331:N
0	vdw	J:ILE:372:CD1	J:LEU:331:C
0	vdw	J:ILE:372:CD1	J:LEU:331:CB
0	vdw	J:GLU:333:N	J:TYR:330:C
0	vdw	J:GLU:333:N	J:LEU:331:C
0	vdw	J:LEU:328:O	J:LEU:332:N
0	vdw	J:ALA:329:O	J:GLU:333:N
0	vdw	J:ALA:329:O	J:GLU:333:CB
0	vdw	J:LEU:328:O	J:LEU:332:CB
0	vdw	J:LEU:328:O	J:LEU:332:CG
0	vdw	J:LEU:332:CD1	J:THR:340:CG2
0	vdw	J:PHE:338:C	J:THR:340:N
0	vdw	J:PHE:338:O	J:THR:340:N
0	vdw	B:ARG:233:CB	B:ASP:229:O
0	vdw	B:ARG:233:CG	B:ASP:229:O
0	vdw	B:ARG:233:CD	B:ASP:229:O
0	vdw	B:ARG:233:CD	B:ASP:229:OD1
0	vdw	B:ARG:233:NE	B:ASP:229:CG
0	vdw	B:ARG:233:NE	B:ASP:229:OD1
0	vdw	B:ARG:233:NE	B:ASP:229:OD2
0	vdw	B:ASP:229:OD1	H:THR:56:OG1
0	vdw	B:ASP:229:OD1	H:THR:56:CG2
0	vdw	B:ARG:233:NH1	H:THR:56:OG1
0	vdw	H:GLU:59:OE2	H:THR:56:N
0	vdw	H:GLU:59:CB	H:THR:56:O
0	vdw	H:GLY:58:N	H:THR:56:C
0	vdw	H:GLY:58:N	H:THR:56:O
0	vdw	H:GLU:59:N	H:THR:56:O
0	vdw	H:GLU:59:CA	H:THR:56:O
0	vdw	H:PRO:57:CA	H:SER:82:O
0	vdw	H:PRO:57:C	H:SER:82:O
0	vdw	H:GLY:58:N	H:SER:82:O
0	vdw	H:GLY:72:O	H:SER:82:CA
0	vdw	H:GLY:72:O	H:SER:82:C
0	vdw	H:GLY:72:C	H:SER:83:N
0	vdw	H:GLY:72:O	H:SER:83:N
0	vdw	H:TYR:74:CA	J:ASN:384:CG
0	vdw	H:TYR:74:CA	J:ASN:384:ND2
0	vdw	H:TYR:74:CA	J:ASN:384:OD1
0	vdw	H:THR:73:C	H:TYR:81:O
0	vdw	H:TYR:74:N	H:TYR:81:O
0	vdw	J:ASN:384:N	J:ILE:381:O
0	vdw	J:ASN:384:N	J:ILE:381:C
0	vdw	J:ASN:384:N	J:GLU:382:C
0	vdw	J:LYS:385:N	J:SER:383:C
0	vdw	J:LYS:385:N	J:SER:383:O
0	vdw	H:PHE:75:N	J:ASN:384:CG
0	vdw	H:PHE:75:N	J:ASN:384:ND2
0	vdw	J:LEU:380:O	J:SER:383:C
0	vdw	J:ASN:384:N	J:LEU:380:O
0	vdw	J:ILE:381:C	J:SER:383:N
0	vdw	J:LYS:379:O	J:SER:383:N
0	vdw	J:LYS:379:O	J:SER:383:CB
0	vdw	J:LYS:379:C	J:SER:383:OG
0	vdw	J:LYS:379:O	J:SER:383:OG
0	vdw	J:ILE:381:O	J:SER:383:N
0	vdw	J:LEU:380:O	J:SER:383:N
0	vdw	J:LEU:380:C	J:SER:383:OG
0	vdw	J:LEU:380:O	J:SER:383:OG
0	vdw	J:LEU:380:CA	J:SER:383:OG
0	vdw	J:ILE:321:CD1	J:LYS:379:CB
0	vdw	J:ILE:321:CD1	J:LEU:376:CD2
0	vdw	J:GLU:333:N	J:TYR:330:O
0	vdw	J:GLU:333:CA	J:TYR:330:O
0	vdw	J:GLU:333:CB	J:TYR:330:O
0	vdw	J:ASN:334:N	J:TYR:330:O
0	vdw	J:LEU:332:N	J:TYR:330:O
0	vdw	J:ASN:337:N	J:GLU:333:C
0	vdw	J:GLU:333:N	J:LEU:331:O
0	vdw	J:GLU:333:C	J:PHE:335:N
0	vdw	B:ASP:226:O	B:GLU:230:CA
0	vdw	B:ASP:226:O	B:GLU:230:CB
0	vdw	B:ASP:226:O	B:ASP:229:C
0	vdw	B:ASP:226:O	B:ASP:229:CB
0	vdw	B:ASP:226:O	B:GLU:230:N
0	vdw	B:ASP:229:OD1	H:THR:56:CB
0	vdw	B:ASP:156:OD1	H:PRO:57:O
0	vdw	B:PHE:155:O	H:TYR:74:CE1
0	vdw	B:PHE:155:O	H:TYR:74:CZ
0	vdw	B:PHE:155:O	H:TYR:74:OH
0	vdw	B:ASP:156:CG	H:GLY:58:CA
0	vdw	H:GLU:59:N	H:PRO:57:C
0	vdw	B:PHE:155:CD1	H:TYR:74:CE2
0	vdw	B:PHE:155:CD1	H:TYR:74:CZ
0	vdw	H:TYR:74:CE1	H:TYR:81:CB
0	vdw	H:TYR:74:CZ	H:TYR:81:CB
0	vdw	H:TYR:74:OH	H:TYR:81:CB
0	vdw	H:TYR:74:CD1	H:TYR:81:O
0	vdw	B:PHE:155:CD1	H:TYR:74:CD2
0	vdw	B:PHE:155:CE1	H:TYR:74:CD2
0	vdw	J:ASN:337:N	J:GLU:333:O
0	vdw	J:ASN:337:CA	J:GLU:333:O
0	vdw	J:ASN:337:OD1	J:GLU:333:O
0	vdw	B:ASP:226:N	B:HIS:222:O
0	vdw	B:ARG:223:C	B:ASP:226:N
0	vdw	B:ARG:223:O	B:ASP:226:N
0	vdw	B:ASP:226:CB	B:HIS:222:O
0	vdw	B:ARG:225:CZ	B:LYS:192:CE
0	vdw	B:ARG:225:NE	B:LYS:192:CG
0	vdw	B:ASP:156:OD1	B:GLY:191:CA
0	vdw	B:ASP:156:OD1	H:GLY:58:CA
0	vdw	B:ARG:225:CB	B:HIS:222:O
0	vdw	B:ALA:219:O	B:ARG:223:N
0	vdw	B:ASP:226:OD2	B:HIS:222:O
0	vdw	B:ALA:221:C	B:ARG:223:N
0	vdw	B:ASP:226:CG	B:HIS:222:O
0	vdw	B:ASP:226:OD1	B:HIS:222:O
0	vdw	B:GLY:191:O	B:VAL:189:CG1
0	vdw	B:GLY:191:C	B:SER:193:N
0	vdw	B:ASP:156:CG	B:GLY:191:CA
0	vdw	B:ASP:156:OD2	B:GLY:191:CA
0	vdw	B:SER:193:CB	B:VAL:190:O
0	vdw	B:SER:193:OG	B:VAL:190:O
0	vdw	B:SER:193:N	B:VAL:190:O
0	vdw	A:LYS:13:CE	G:ASP:152:OD1
0	vdw	B:ALA:219:C	B:ALA:221:N
0	vdw	B:ALA:219:O	B:ALA:221:N
0	vdw	B:ALA:219:C	B:HIS:222:N
0	vdw	B:ALA:219:O	B:HIS:222:N
0	vdw	B:ALA:219:O	B:HIS:222:CB
0	vdw	B:GLY:220:C	B:HIS:222:N
0	vdw	B:ALA:221:N	B:ILE:218:O
0	vdw	B:GLY:220:CA	B:ILE:216:O
0	vdw	B:ALA:219:O	B:HIS:222:CA
0	vdw	B:HIS:222:N	B:ILE:218:O
0	vdw	B:HIS:222:CB	B:ILE:218:O
0	vdw	B:HIS:222:CD2	B:ILE:218:O
0	vdw	B:HIS:222:CG	B:ILE:218:O
0	vdw	B:HIS:222:ND1	B:ILE:218:O
0	vdw	B:HIS:222:CE1	B:ILE:218:O
0	vdw	B:HIS:222:NE2	B:ILE:218:O
0	vdw	B:SER:193:O	B:VAL:189:CG1
0	vdw	B:HIS:222:NE2	B:VAL:189:CG1
0	vdw	B:LYS:195:N	B:SER:193:OG
0	vdw	B:LYS:195:CB	B:SER:193:OG
0	vdw	A:MET:256:O	B:LYS:195:CA
0	vdw	A:MET:256:O	B:LYS:195:C
0	vdw	B:LYS:195:N	B:SER:193:C
0	vdw	A:GLU:217:OE1	A:PRO:255:O
0	vdw	A:ASN:202:OD1	A:SER:216:O
0	vdw	A:LEU:16:CD1	A:PRO:203:CB
0	vdw	A:ARG:20:CD	A:PRO:203:CB
0	vdw	A:ARG:20:NE	A:PRO:203:CB
0	vdw	A:LYS:13:NZ	G:MES:301:O2S
0	vdw	A:LYS:13:CE	G:ASP:152:CB
0	vdw	A:LYS:13:CE	G:ASP:152:CG
0	vdw	G:GLU:185:OE1	G:LYS:197:CD
0	vdw	B:ARG:18:NE	B:GLU:21:OE1
0	vdw	B:ARG:18:CG	B:GLU:21:OE1
0	vdw	B:ARG:18:CD	B:GLU:21:OE1
0	vdw	B:GLY:220:N	B:ILE:216:O
0	vdw	B:GLY:217:C	B:GLY:220:N
0	vdw	B:GLY:220:N	B:ILE:218:C
0	vdw	B:GLY:220:N	B:ILE:218:O
0	vdw	B:ALA:219:N	B:GLY:217:C
0	vdw	B:GLY:217:C	B:LEU:214:O
0	vdw	B:ILE:218:N	B:LEU:214:O
0	vdw	B:ILE:218:CA	B:LEU:214:O
0	vdw	B:ILE:218:CB	B:LEU:214:O
0	vdw	B:ALA:215:O	B:ALA:219:N
0	vdw	B:GLU:194:OE1	B:ILE:218:CG2
0	vdw	B:GLU:194:OE1	B:ILE:218:CD1
0	vdw	B:HIS:222:CE1	B:ILE:218:CG2
0	vdw	B:HIS:222:NE2	B:ILE:218:CG2
0	vdw	A:MET:256:O	B:LEU:196:N
0	vdw	A:ASP:257:OD1	B:GLU:194:O
0	vdw	A:MET:256:CB	A:THR:260:OG1
0	vdw	A:ASP:257:N	A:THR:260:OG1
0	vdw	A:ASN:202:CB	A:LEU:254:CD2
0	vdw	A:PHE:201:C	A:PRO:203:CD
0	vdw	A:PHE:201:O	A:PRO:203:CD
0	vdw	A:ILE:218:N	A:PHE:201:O
0	vdw	A:GLU:17:N	A:LYS:13:O
0	vdw	A:GLU:17:N	A:PHE:14:O
0	vdw	A:ALA:18:N	A:LEU:16:C
0	vdw	A:ALA:18:N	A:LEU:16:O
0	vdw	A:LEU:16:O	A:LEU:19:N
0	vdw	A:GLU:17:C	A:LEU:19:N
0	vdw	A:ARG:20:N	A:LEU:16:O
0	vdw	A:GLU:17:CB	A:LYS:13:O
0	vdw	A:ALA:18:CB	A:PHE:14:O
0	vdw	A:GLU:17:CB	G:LEU:201:CD1
0	vdw	G:GLU:185:N	G:LYS:197:O
0	vdw	G:LYS:197:O	G:PHE:184:CB
0	vdw	B:ARG:18:CB	B:ASN:20:OD1
0	vdw	B:ILE:216:CG2	B:TRP:19:CZ3
0	vdw	B:ILE:216:CD1	B:TRP:19:CZ3
0	vdw	B:ILE:216:N	B:VAL:213:O
0	vdw	B:ILE:216:N	B:LEU:214:C
0	vdw	B:ILE:216:N	B:LEU:214:O
0	vdw	B:GLY:217:N	B:VAL:213:O
0	vdw	B:GLY:217:N	B:LEU:214:C
0	vdw	B:GLY:217:N	B:LEU:214:O
0	vdw	B:ASN:212:O	B:ILE:216:CG1
0	vdw	B:ALA:215:C	B:GLY:217:N
0	vdw	B:ILE:216:C	B:ILE:218:N
0	vdw	B:ALA:215:N	B:VAL:213:O
0	vdw	B:ALA:215:N	B:VAL:213:C
0	vdw	B:ALA:215:N	B:GLU:211:O
0	vdw	B:ILE:218:CG1	B:LEU:214:O
0	vdw	A:ASP:257:C	A:THR:260:OG1
0	vdw	A:ASP:257:C	A:LEU:259:N
0	vdw	A:MET:256:CE	A:THR:260:OG1
0	vdw	A:ASP:257:O	A:THR:260:OG1
0	vdw	A:MET:256:CE	A:THR:260:C
0	vdw	A:MET:256:CE	A:THR:260:O
0	vdw	A:ASP:257:O	A:LEU:261:N
0	vdw	A:MET:256:CE	A:THR:260:CB
0	vdw	A:ASP:257:O	A:THR:260:N
0	vdw	A:ASP:257:O	A:LEU:259:N
0	vdw	A:ASP:257:CA	A:THR:260:OG1
0	vdw	A:ILE:218:CG2	A:PHE:30:CE2
0	vdw	A:ILE:218:CD1	A:LEU:19:CB
0	vdw	A:ILE:218:CD1	A:LEU:19:C
0	vdw	A:ILE:218:CD1	A:LEU:19:O
0	vdw	A:LEU:19:CA	A:TYR:23:O
0	vdw	A:LEU:19:CD2	A:TYR:23:O
0	vdw	A:LEU:16:O	A:LEU:19:CB
0	vdw	A:ALA:18:C	A:TYR:23:O
0	vdw	A:ALA:18:O	A:TYR:23:CA
0	vdw	A:ALA:18:O	A:TYR:23:C
0	vdw	A:ALA:18:O	A:TYR:23:O
0	vdw	A:ALA:18:O	A:TYR:23:CB
0	vdw	A:LEU:19:N	A:TYR:23:O
0	vdw	A:ALA:18:C	A:GLN:21:N
0	vdw	A:ALA:18:O	A:GLN:21:N
0	vdw	A:ALA:18:O	A:GLN:21:CA
0	vdw	A:GLU:17:O	A:LEU:19:N
0	vdw	A:ALA:18:O	A:GLN:21:C
0	vdw	A:ALA:18:O	A:ASN:22:N
0	vdw	A:ALA:18:O	A:ASN:22:C
0	vdw	A:ALA:18:O	A:TYR:23:N
0	vdw	A:ALA:18:N	A:PHE:14:O
0	vdw	A:ALA:18:C	A:ARG:20:N
0	vdw	A:ALA:18:O	A:ARG:20:N
0	vdw	A:PHE:14:CE1	G:THR:204:OG1
0	vdw	A:PHE:14:CZ	G:THR:204:OG1
0	vdw	A:PHE:14:CE1	G:THR:204:CB
0	vdw	G:LEU:201:CA	G:THR:204:OG1
0	vdw	G:LEU:201:C	G:THR:204:OG1
0	vdw	G:LEU:201:O	G:THR:204:OG1
0	vdw	G:CYS:198:SG	G:THR:204:CA
0	vdw	G:CYS:198:SG	G:THR:204:CG2
0	vdw	G:CYS:198:CB	G:THR:204:CG2
0	vdw	G:CYS:198:N	G:THR:204:CG2
0	vdw	G:LEU:201:O	G:THR:204:CB
0	vdw	G:CYS:198:SG	G:PHE:184:CB
0	vdw	G:ASN:203:CB	G:CYS:198:SG
0	vdw	B:GLY:11:CA	B:TYR:7:OH
0	vdw	B:GLY:11:N	B:PRO:9:C
0	vdw	B:GLY:11:N	B:PRO:9:O
0	vdw	B:LEU:210:C	B:VAL:213:N
0	vdw	B:LEU:210:O	B:VAL:213:N
0	vdw	B:LEU:210:O	B:VAL:213:CA
0	vdw	B:LEU:210:O	B:LEU:214:N
0	vdw	B:ASN:212:C	B:LEU:214:N
0	vdw	B:ASN:212:N	B:LEU:210:C
0	vdw	B:ASN:212:N	B:LEU:210:O
0	vdw	B:GLU:211:C	B:VAL:213:N
0	vdw	B:GLU:211:O	B:VAL:213:N
0	vdw	B:GLU:211:O	B:LEU:214:N
0	vdw	A:ALA:258:O	A:LEU:261:CB
0	vdw	A:ALA:258:O	A:MET:262:N
0	vdw	A:ALA:258:O	A:LEU:261:N
0	vdw	A:MET:262:N	A:THR:260:C
0	vdw	A:LEU:259:O	A:MET:262:N
0	vdw	A:CYS:264:SG	A:THR:260:O
0	vdw	A:LYS:263:N	A:THR:260:C
0	vdw	A:LYS:263:N	A:THR:260:O
0	vdw	A:CYS:264:N	A:THR:260:O
0	vdw	A:LEU:261:C	A:LYS:263:N
0	vdw	A:CYS:264:N	A:LEU:261:C
0	vdw	A:LEU:261:O	A:LYS:263:N
0	vdw	A:CYS:264:N	A:LEU:261:O
0	vdw	A:CYS:265:N	A:LEU:261:O
0	vdw	A:LYS:263:CB	A:THR:260:C
0	vdw	A:LYS:263:CB	A:THR:260:O
0	vdw	A:LEU:259:C	A:LEU:261:N
0	vdw	A:LEU:259:O	A:LEU:261:N
0	vdw	A:CYS:264:CA	A:LEU:261:O
0	vdw	A:ALA:258:C	A:LEU:261:N
0	vdw	A:PHE:30:CB	A:SER:219:O
0	vdw	A:ASN:22:CA	A:PHE:30:CZ
0	vdw	A:LEU:19:O	A:PHE:30:CZ
0	vdw	A:TYR:23:CB	G:LEU:205:CD2
0	vdw	A:ALA:18:CB	A:TYR:23:O
0	vdw	G:ARG:209:NE	G:LEU:205:CD1
0	vdw	G:ARG:209:CZ	G:LEU:205:CD2
0	vdw	G:ARG:209:NH2	G:LEU:205:CD2
0	vdw	A:TYR:23:CG	G:LEU:205:CD2
0	vdw	A:TYR:23:CD2	G:LEU:205:CD2
0	vdw	G:ASN:203:C	G:LEU:205:N
0	vdw	G:ASN:203:O	G:LEU:205:N
0	vdw	G:CYS:207:N	G:LEU:205:C
0	vdw	G:LEU:201:O	G:LEU:205:N
0	vdw	G:LEU:201:O	G:LEU:205:CB
0	vdw	G:ALA:206:N	G:ASN:203:C
0	vdw	G:ALA:206:N	G:ASN:203:O
0	vdw	G:ASN:203:O	G:CYS:207:N
0	vdw	G:ALA:206:N	G:THR:204:C
0	vdw	G:CYS:207:N	G:THR:204:C
0	vdw	G:ASN:203:O	G:CYS:207:SG
0	vdw	G:ALA:206:CA	G:ASN:203:O
0	vdw	G:ALA:206:C	G:ASN:203:O
0	vdw	G:ALA:206:CB	G:ASN:203:O
0	vdw	G:ASN:203:C	G:CYS:198:SG
0	vdw	G:CYS:198:SG	G:THR:204:N
0	vdw	G:SER:202:C	G:THR:204:N
0	vdw	G:ALA:206:N	G:SER:202:O
0	vdw	G:LEU:201:O	G:THR:204:N
0	vdw	G:CYS:207:SG	G:THR:182:CG2
0	vdw	G:LEU:178:C	G:PHE:184:CE1
0	vdw	G:LEU:178:O	G:PHE:184:CE1
0	vdw	G:PHE:184:CD1	G:THR:182:O
0	vdw	G:PHE:184:CD1	G:THR:182:CG2
0	vdw	G:ALA:179:CA	G:THR:182:O
0	vdw	B:ASP:208:C	B:LEU:210:N
0	vdw	A:MET:262:SD	B:LEU:210:CB
0	vdw	A:MET:262:SD	B:GLU:211:N
0	vdw	A:MET:262:SD	B:GLU:211:CA
0	vdw	A:MET:262:SD	B:GLU:211:CB
0	vdw	A:HIS:266:NE2	A:MET:262:CE
0	vdw	A:CYS:264:N	A:MET:262:C
0	vdw	A:CYS:265:N	A:MET:262:C
0	vdw	A:CYS:264:N	A:MET:262:O
0	vdw	A:CYS:265:N	A:MET:262:O
0	vdw	A:CYS:265:N	A:LYS:263:C
0	vdw	A:HIS:266:N	A:MET:262:O
0	vdw	A:CYS:264:C	A:HIS:266:N
0	vdw	A:HIS:266:CG	A:MET:262:O
0	vdw	A:LEU:259:O	A:MET:262:C
0	vdw	A:LEU:259:O	A:LYS:263:N
0	vdw	A:GLU:267:CG	A:LYS:263:O
0	vdw	A:GLU:267:CD	A:LYS:263:O
0	vdw	A:GLU:267:N	A:LYS:263:O
0	vdw	A:ASP:31:N	A:SER:29:C
0	vdw	A:GLN:32:N	A:PHE:30:C
0	vdw	G:ARG:209:NH1	G:ILE:234:CG2
0	vdw	G:ARG:209:NE	G:LEU:205:CG
0	vdw	G:ARG:209:CZ	G:LEU:205:CG
0	vdw	G:CYS:207:N	G:LEU:205:O
0	vdw	G:ALA:206:CB	G:PHE:231:CZ
0	vdw	G:ALA:206:CB	G:PHE:231:CD2
0	vdw	G:ALA:206:CB	G:PHE:231:CE2
0	vdw	G:ALA:206:CB	G:SER:202:O
0	vdw	G:ALA:227:O	G:PHE:231:CD1
0	vdw	G:HIS:181:CB	G:PHE:231:CE1
0	vdw	G:HIS:181:CB	G:PHE:231:CZ
0	vdw	G:HIS:181:CD2	G:PHE:231:CD1
0	vdw	G:PHE:231:CZ	G:THR:182:CG2
0	vdw	G:ALA:179:N	G:VAL:177:C
0	vdw	G:HIS:181:ND1	G:VAL:177:C
0	vdw	G:HIS:181:CG	G:VAL:177:O
0	vdw	G:HIS:181:ND1	G:VAL:177:O
0	vdw	G:HIS:181:CE1	G:VAL:177:O
0	vdw	G:HIS:181:N	G:LEU:178:O
0	vdw	G:LEU:178:O	G:THR:182:N
0	vdw	G:ALA:180:N	G:LEU:178:C
0	vdw	G:ALA:180:N	G:LEU:178:O
0	vdw	G:LEU:178:O	G:THR:182:O
0	vdw	G:LEU:178:O	G:THR:182:CG2
0	vdw	B:ARG:209:N	B:LEU:207:C
0	vdw	B:ARG:209:N	B:LEU:207:O
0	vdw	A:HIS:266:CD2	A:MET:262:O
0	vdw	A:CYS:265:C	A:GLU:267:N
0	vdw	A:GLU:267:O	A:SER:270:OG
0	vdw	A:ASP:31:OD1	A:SER:29:CB
0	vdw	A:GLN:32:OE1	A:SER:29:N
0	vdw	A:GLN:32:OE1	A:SER:29:OG
0	vdw	G:GLN:230:OE1	G:GLU:233:OE2
0	vdw	G:ALA:227:O	G:PHE:231:N
0	vdw	G:ARG:229:C	G:PHE:231:N
0	vdw	G:GLN:230:C	G:LYS:232:N
0	vdw	G:GLN:230:O	G:LYS:232:N
0	vdw	G:GLN:230:C	G:GLU:233:N
0	vdw	G:GLN:230:O	G:GLU:233:N
0	vdw	G:GLN:230:O	G:GLU:233:CB
0	vdw	G:ALA:227:C	G:HIS:181:NE2
0	vdw	G:ALA:227:O	G:HIS:181:NE2
0	vdw	G:ALA:227:CB	G:HIS:181:CE1
0	vdw	G:ALA:227:CB	G:HIS:181:NE2
0	vdw	G:ALA:227:C	G:HIS:181:CD2
0	vdw	G:ALA:227:O	G:HIS:181:CD2
0	vdw	G:ALA:227:O	G:PHE:231:CB
0	vdw	G:HIS:181:CE1	G:VAL:177:CG2
0	vdw	A:ARG:243:NH2	B:ASP:208:OD1
0	vdw	G:ARG:229:N	G:ASP:225:O
0	vdw	G:ARG:229:CG	G:ASP:225:O
0	vdw	G:GLN:230:N	G:LYS:228:C
0	vdw	G:ALA:227:C	G:ARG:229:N
0	vdw	G:ARG:229:O	G:GLU:233:N
0	vdw	G:ARG:229:O	G:GLU:233:CB
0	vdw	G:ASP:225:O	G:LYS:228:N
0	vdw	G:LYS:224:O	G:LYS:228:N
0	vdw	G:LYS:224:O	G:LYS:228:CB
0	vdw	J:ARG:167:N	J:SER:165:C
0	vdw	J:LEU:162:O	J:LEU:166:CA
0	vdw	J:LEU:162:O	J:LEU:166:CB
0	vdw	J:LEU:162:CD2	J:LEU:166:CD1
0	vdw	J:PHE:136:CB	J:SER:138:O
0	vdw	J:GLU:272:OE2	J:SER:138:CB
0	vdw	J:GLU:130:OE2	J:LEU:134:CD2
0	vdw	J:GLU:164:C	J:LEU:166:N
0	vdw	J:PRO:161:O	J:SER:165:N
0	vdw	J:LEU:162:C	J:SER:165:N
0	vdw	J:LEU:162:O	J:SER:165:N
0	vdw	J:LEU:162:O	J:SER:165:CA
0	vdw	J:SER:163:C	J:SER:165:N
0	vdw	J:LYS:155:NZ	J:SER:165:OG
0	vdw	J:LEU:162:O	J:SER:165:C
0	vdw	J:LEU:162:O	J:LEU:166:N
0	vdw	J:LYS:155:NZ	J:SER:165:CB
0	vdw	J:PRO:150:CB	J:TYR:307:OH
0	vdw	J:LEU:152:N	J:PRO:150:C
0	vdw	J:LEU:152:N	J:PRO:150:O
0	vdw	J:ARG:302:O	J:LEU:151:CD1
0	vdw	J:GLN:133:O	J:PHE:136:CB
0	vdw	J:PHE:136:CB	J:PRO:132:O
0	vdw	J:PHE:136:CG	J:PRO:132:O
0	vdw	J:GLN:133:C	J:LYS:135:N
0	vdw	J:LEU:134:N	J:LYS:131:O
0	vdw	J:LEU:134:N	J:PRO:132:C
0	vdw	J:LEU:134:N	J:PRO:132:O
0	vdw	J:LYS:135:N	J:PRO:132:C
0	vdw	J:LYS:135:N	J:PRO:132:O
0	vdw	J:LEU:134:C	J:PHE:136:N
0	vdw	J:LEU:134:O	J:PHE:136:N
0	vdw	J:GLU:164:CG	J:LYS:160:CE
0	vdw	J:GLU:164:CD	J:LYS:160:CE
0	vdw	J:GLU:164:OE2	J:LYS:160:CE
0	vdw	J:HIS:181:C	J:TYR:183:N
0	vdw	J:HIS:181:O	J:TYR:183:N
0	vdw	J:GLU:184:N	J:HIS:181:O
0	vdw	J:GLU:184:N	J:PRO:182:C
0	vdw	J:GLU:184:N	J:PRO:182:O
0	vdw	J:LYS:155:CE	J:PRO:182:C
0	vdw	J:LYS:155:NZ	J:PRO:182:C
0	vdw	J:LYS:155:CE	J:PRO:182:O
0	vdw	J:LYS:155:NZ	J:PRO:182:O
0	vdw	J:GLU:186:OE1	J:PRO:182:O
0	vdw	J:PRO:182:CG	J:TYR:307:CZ
0	vdw	J:PRO:182:CG	J:TYR:307:OH
0	vdw	J:PRO:182:CD	J:TYR:307:CZ
0	vdw	J:PRO:182:CD	J:TYR:307:OH
0	vdw	J:PRO:182:CD	J:TYR:307:CE1
0	vdw	J:LEU:152:CD2	J:PRO:182:CB
0	vdw	J:GLN:301:CB	J:TYR:307:CZ
0	vdw	J:ASP:303:C	J:GLY:305:N
0	vdw	J:GLY:305:N	J:LEU:300:O
0	vdw	J:GLN:301:C	J:GLY:305:CA
0	vdw	J:GLN:301:O	J:GLY:305:CA
0	vdw	J:ARG:271:NH2	J:ASP:303:CA
0	vdw	J:ARG:271:NE	J:ASP:303:O
0	vdw	J:ASP:303:N	J:TRP:299:O
0	vdw	J:ARG:271:NH1	J:PHE:136:CE2
0	vdw	J:ARG:271:NH1	J:PHE:136:CZ
0	vdw	J:PHE:136:CD2	J:PRO:132:C
0	vdw	J:PHE:136:CD2	J:PRO:132:O
0	vdw	J:PHE:136:CE1	J:PRO:132:O
0	vdw	J:PHE:136:CE2	J:PRO:132:C
0	vdw	J:PHE:136:CE2	J:PRO:132:O
0	vdw	J:PHE:136:CZ	J:PRO:132:O
0	vdw	J:PHE:136:CZ	J:PRO:132:CB
0	vdw	J:LEU:268:O	J:PHE:136:CE1
0	vdw	J:LEU:268:C	J:PHE:136:CE1
0	vdw	J:GLN:133:CA	J:PHE:136:CD2
0	vdw	J:GLN:133:N	J:LYS:131:C
0	vdw	J:GLN:133:N	J:LYS:131:O
0	vdw	J:LEU:268:CD2	J:PRO:132:CB
0	vdw	J:LEU:268:CD2	J:PRO:132:CG
0	vdw	J:PHE:136:CD1	J:PRO:132:O
0	vdw	J:LYS:135:CA	J:PRO:132:O
0	vdw	J:LYS:135:C	J:PRO:132:O
0	vdw	J:PHE:136:N	J:PRO:132:O
0	vdw	J:GLU:130:CG	J:LYS:135:CE
0	vdw	J:HIS:189:CE1	J:TYR:185:OH
0	vdw	J:HIS:189:CE1	J:TYR:185:CZ
0	vdw	J:HIS:189:CD2	J:TYR:185:CG
0	vdw	J:HIS:189:CD2	J:TYR:185:CD2
0	vdw	J:HIS:189:NE2	J:TYR:185:CD2
0	vdw	J:HIS:189:CD2	J:TYR:185:CE2
0	vdw	J:HIS:189:NE2	J:TYR:185:CE2
0	vdw	J:HIS:189:CD2	J:TYR:185:O
0	vdw	J:HIS:189:CD2	J:TYR:185:CD1
0	vdw	J:HIS:189:CD2	J:TYR:185:CE1
0	vdw	J:HIS:189:CD2	J:TYR:185:CZ
0	vdw	J:HIS:189:NE2	J:TYR:185:CZ
0	vdw	J:LYS:160:CD	J:TYR:185:CG
0	vdw	J:GLU:184:CA	J:HIS:181:ND1
0	vdw	J:TYR:183:C	J:TYR:185:N
0	vdw	J:TYR:183:O	J:TYR:185:N
0	vdw	J:ILE:187:N	J:TYR:185:C
0	vdw	J:GLU:184:C	J:GLU:186:N
0	vdw	J:LYS:160:CD	J:TYR:185:CB
0	vdw	J:HIS:181:ND1	J:TYR:183:N
0	vdw	J:HIS:181:ND1	J:TYR:183:CA
0	vdw	J:HIS:181:ND1	J:TYR:183:C
0	vdw	J:GLU:184:N	J:HIS:181:ND1
0	vdw	J:HIS:181:CE1	J:TYR:183:N
0	vdw	J:HIS:181:CE1	J:TYR:183:CA
0	vdw	J:HIS:181:CE1	J:TYR:183:C
0	vdw	J:ILE:187:CB	J:TYR:183:O
0	vdw	J:ILE:187:CG1	J:TYR:183:O
0	vdw	J:GLU:186:OE1	J:TYR:183:CA
0	vdw	J:GLU:186:N	J:TYR:183:C
0	vdw	J:GLU:186:OE1	J:TYR:183:C
0	vdw	J:GLU:186:N	J:TYR:183:O
0	vdw	J:GLU:186:CA	J:TYR:183:O
0	vdw	J:GLU:186:CB	J:TYR:183:O
0	vdw	J:GLU:186:C	J:TYR:183:O
0	vdw	J:HIS:181:CE1	J:TYR:307:CD1
0	vdw	J:HIS:181:NE2	J:TYR:307:CD1
0	vdw	J:HIS:181:NE2	J:TYR:307:CE1
0	vdw	J:GLN:301:CB	J:TYR:307:CE1
0	vdw	J:TYR:183:CD2	J:TYR:307:CG
0	vdw	J:HIS:181:CE1	J:TYR:183:CB
0	vdw	J:GLN:301:CB	J:LEU:306:O
0	vdw	J:LEU:300:C	J:LEU:306:O
0	vdw	J:LEU:300:O	J:LEU:306:O
0	vdw	J:GLN:301:N	J:LEU:306:O
0	vdw	J:GLN:301:CA	J:LEU:306:O
0	vdw	J:LEU:300:CB	J:LEU:306:O
0	vdw	J:LEU:300:O	J:LEU:304:N
0	vdw	J:LEU:300:C	J:LEU:306:N
0	vdw	J:LEU:300:O	J:LEU:304:C
0	vdw	J:GLY:305:C	J:LEU:300:O
0	vdw	J:LEU:300:O	J:LEU:306:N
0	vdw	J:LEU:300:O	J:LEU:306:CB
0	vdw	J:GLN:301:CA	J:LEU:306:N
0	vdw	J:LEU:300:O	J:LEU:304:CA
0	vdw	J:LEU:300:O	J:LEU:304:CB
0	vdw	J:LEU:300:O	J:LEU:306:CA
0	vdw	J:GLY:305:CA	J:LEU:300:O
0	vdw	J:GLN:301:CA	J:GLY:305:CA
0	vdw	J:TRP:299:O	J:VAL:251:CG2
0	vdw	J:ASP:303:CB	J:VAL:251:CG2
0	vdw	J:ARG:271:CZ	J:ASP:303:CB
0	vdw	J:ARG:271:NH2	J:ASP:303:CB
0	vdw	J:THR:267:CB	J:VAL:251:O
0	vdw	J:THR:267:OG1	J:VAL:251:O
0	vdw	J:CYS:252:CA	J:LEU:268:CD1
0	vdw	J:CYS:252:O	J:LEU:268:CD1
0	vdw	J:ARG:352:NH2	J:LEU:268:CD1
0	vdw	J:LEU:268:CG	J:PRO:132:CB
0	vdw	J:HIS:189:N	J:ILE:187:C
0	vdw	J:ASP:188:C	J:GLN:190:N
0	vdw	J:HIS:189:N	J:TYR:185:O
0	vdw	J:HIS:189:CG	J:TYR:185:O
0	vdw	J:HIS:189:CG	J:TYR:185:CE1
0	vdw	J:ASP:188:N	J:GLU:186:C
0	vdw	J:ILE:187:N	J:TYR:183:O
0	vdw	J:ILE:187:CA	J:TYR:183:O
0	vdw	J:ILE:187:CD1	J:VAL:308:O
0	vdw	J:ILE:187:CG1	J:VAL:309:CG2
0	vdw	J:ALA:397:CB	J:ILE:187:CD1
0	vdw	J:HIS:181:CE1	J:ILE:187:CD1
0	vdw	J:ALA:397:CB	J:VAL:308:O
0	vdw	J:LEU:239:CD1	J:LEU:300:CG
0	vdw	J:LEU:239:CD1	J:LEU:300:CD2
0	vdw	J:LEU:300:CD2	J:LEU:306:CD1
0	vdw	J:LEU:300:CD2	J:MET:254:CE
0	vdw	J:LEU:300:CB	J:LEU:306:CB
0	vdw	J:LEU:300:CD2	J:LEU:306:CB
0	vdw	J:LEU:300:CD1	J:VAL:308:CG2
0	vdw	J:GLU:240:CB	J:LEU:253:N
0	vdw	J:THR:267:OG1	J:VAL:251:C
0	vdw	J:THR:267:OG1	J:VAL:251:CG1
0	vdw	J:THR:267:CG2	J:VAL:251:CG1
0	vdw	J:CYS:252:N	J:THR:267:OG1
0	vdw	J:CYS:252:CB	J:TRP:349:CB
0	vdw	J:CYS:252:CA	J:THR:267:OG1
0	vdw	J:CYS:252:C	J:THR:267:OG1
0	vdw	J:ILE:351:N	J:TRP:349:C
0	vdw	J:ILE:351:N	J:TRP:349:O
0	vdw	J:ARG:352:NE	J:TRP:349:O
0	vdw	J:ARG:350:O	J:ARG:352:N
0	vdw	J:ARG:350:O	J:ARG:352:CG
0	vdw	J:ILE:351:C	J:PRO:353:O
0	vdw	J:ARG:394:CD	J:ILE:187:O
0	vdw	J:ARG:394:CG	J:TYR:192:OH
0	vdw	J:ILE:297:CD1	J:VAL:308:CB
0	vdw	J:ALA:397:CB	J:LEU:311:CB
0	vdw	J:ALA:397:CB	J:LEU:311:CD2
0	vdw	J:ILE:297:CD1	J:VAL:308:CG2
0	vdw	J:PHE:290:CE2	J:VAL:237:O
0	vdw	J:PHE:290:CZ	J:VAL:237:CG1
0	vdw	J:PHE:290:CZ	J:VAL:237:CB
0	vdw	J:LEU:239:CA	J:LEU:253:O
0	vdw	J:LEU:239:CD2	J:MET:254:CB
0	vdw	J:LEU:239:CD2	J:MET:254:CG
0	vdw	J:LEU:239:CD2	J:MET:254:CE
0	vdw	J:LEU:239:C	J:LEU:253:O
0	vdw	J:GLU:240:N	J:LEU:253:O
0	vdw	J:GLU:240:CB	J:LEU:253:O
0	vdw	J:GLU:240:CG	J:LEU:253:O
0	vdw	J:GLN:255:NE2	J:GLU:240:CG
0	vdw	J:GLU:240:CB	J:LEU:253:CB
0	vdw	J:GLU:240:CG	J:LEU:253:CB
0	vdw	J:ILE:351:O	J:PRO:353:C
0	vdw	J:ILE:351:O	J:PRO:353:O
0	vdw	H:LEU:94:O	H:VAL:91:N
0	vdw	H:LEU:94:CA	H:VAL:91:O
0	vdw	H:LEU:94:CB	H:VAL:91:O
0	vdw	H:ARG:93:N	H:VAL:91:O
0	vdw	H:LEU:94:N	H:VAL:91:O
0	vdw	J:ARG:394:NH1	J:TYR:192:CE1
0	vdw	J:LEU:311:O	J:TYR:192:OH
0	vdw	J:LEU:311:CD1	J:PHE:290:CB
0	vdw	J:LEU:311:CD1	J:PHE:290:CG
0	vdw	J:LEU:311:CD1	J:PHE:290:CD1
0	vdw	J:LEU:311:C	J:LYS:288:O
0	vdw	J:LEU:311:CD1	J:LYS:288:O
0	vdw	J:LYS:288:O	J:PHE:312:N
0	vdw	J:LEU:311:CB	J:VAL:308:CG1
0	vdw	J:PHE:290:CG	J:VAL:237:O
0	vdw	J:PHE:290:CD2	J:VAL:237:O
0	vdw	J:ASN:238:C	J:GLN:255:NE2
0	vdw	J:ASN:238:O	J:GLN:255:NE2
0	vdw	J:ASN:238:ND2	J:GLN:255:NE2
0	vdw	J:ASN:238:O	J:GLN:255:N
0	vdw	J:ASN:238:O	J:GLN:255:CG
0	vdw	J:ASN:238:O	J:GLN:255:CD
0	vdw	J:ASN:238:CB	J:THR:366:CG2
0	vdw	J:ASN:238:O	J:MET:254:CA
0	vdw	J:GLN:255:NE2	J:GLU:240:CD
0	vdw	J:GLN:255:NE2	J:GLU:240:OE2
0	vdw	J:LEU:354:CD1	J:TRP:349:CE3
0	vdw	J:MET:358:O	J:TRP:349:CZ3
0	vdw	J:MET:358:O	J:TRP:349:CH2
0	vdw	J:LEU:354:CD2	J:TRP:349:CZ3
0	vdw	J:LEU:354:CD1	J:MET:358:CB
0	vdw	J:LEU:354:CD1	J:MET:358:SD
0	vdw	J:MET:358:CB	J:SER:355:OG
0	vdw	J:MET:358:CG	J:SER:355:OG
0	vdw	J:LEU:354:CG	J:MET:358:CB
0	vdw	J:MET:358:SD	J:SER:355:OG
0	vdw	J:PRO:357:CD	J:SER:355:CB
0	vdw	J:PRO:357:CD	J:SER:355:OG
0	vdw	H:SER:89:O	H:SER:96:N
0	vdw	H:LEU:94:O	H:VAL:91:O
0	vdw	H:LEU:94:CA	H:MET:68:O
0	vdw	H:LEU:94:C	H:MET:68:O
0	vdw	H:LEU:94:CD1	H:MET:68:O
0	vdw	H:LEU:95:N	H:MET:68:O
0	vdw	H:ARG:93:O	H:LEU:95:N
0	vdw	J:LEU:386:O	J:LEU:390:CB
0	vdw	J:LEU:386:O	J:LEU:390:CG
0	vdw	H:MET:68:CE	J:LEU:390:CD1
0	vdw	J:LEU:390:CD2	J:PHE:312:CD1
0	vdw	J:PHE:290:N	J:PHE:312:O
0	vdw	J:PHE:312:O	J:VAL:289:CA
0	vdw	J:PHE:312:CD2	J:TYR:373:CD1
0	vdw	J:PHE:312:CD2	J:TYR:373:CE1
0	vdw	J:LYS:288:O	J:PHE:312:CA
0	vdw	J:PHE:290:O	J:THR:314:CG2
0	vdw	J:ALA:236:CB	J:LEU:369:CD2
0	vdw	J:LEU:369:CD2	J:VAL:289:O
0	vdw	J:ASP:365:CG	J:TYR:361:O
0	vdw	J:ASP:365:OD2	J:TYR:361:O
0	vdw	J:PRO:357:O	J:TYR:361:N
0	vdw	J:MET:358:O	J:TYR:361:N
0	vdw	J:MET:358:O	J:TYR:361:C
0	vdw	J:ALA:362:N	J:MET:358:O
0	vdw	J:ARG:363:N	J:TYR:361:C
0	vdw	J:THR:359:C	J:TYR:361:N
0	vdw	J:ALA:362:N	J:THR:359:C
0	vdw	J:ALA:360:C	J:ALA:362:N
0	vdw	J:ALA:360:O	J:ALA:362:N
0	vdw	J:ALA:364:N	J:TYR:361:O
0	vdw	J:PRO:357:C	J:THR:359:N
0	vdw	J:ALA:360:N	J:PRO:357:C
0	vdw	J:ALA:360:N	J:PRO:357:O
0	vdw	J:ALA:360:N	J:MET:358:C
0	vdw	J:ALA:360:N	J:MET:358:O
0	vdw	J:LYS:356:C	J:MET:358:N
0	vdw	J:LYS:356:O	J:MET:358:N
0	vdw	J:ALA:360:CB	J:PRO:357:O
0	vdw	J:ALA:362:CA	J:MET:358:O
0	vdw	J:ALA:362:CB	J:MET:358:O
0	vdw	J:PRO:357:N	J:SER:355:C
0	vdw	J:PRO:357:CD	J:SER:355:C
0	vdw	H:GLN:53:CB	H:VAL:88:CG2
0	vdw	H:GLN:53:O	H:VAL:88:N
0	vdw	H:GLN:53:O	H:VAL:88:CG2
0	vdw	H:VAL:55:CG1	H:VAL:88:CG2
0	vdw	H:GLN:53:OE1	H:VAL:88:CG2
0	vdw	H:GLN:53:CD	H:VAL:88:CG2
0	vdw	H:VAL:61:CG2	H:VAL:88:CG2
0	vdw	H:VAL:61:CG2	H:VAL:88:CG1
0	vdw	H:LEU:95:CA	H:MET:68:O
0	vdw	H:LEU:95:O	H:MET:68:O
0	vdw	H:ARG:69:C	H:LEU:95:O
0	vdw	H:GLY:70:N	H:LEU:95:O
0	vdw	H:LEU:95:CB	H:TRP:67:CB
0	vdw	H:ARG:90:CG	H:LEU:95:CD1
0	vdw	H:GLY:70:N	H:MET:68:O
0	vdw	H:MET:68:CG	J:LEU:197:CD2
0	vdw	J:LEU:380:CD1	J:LEU:386:CD1
0	vdw	J:LEU:380:CB	J:LEU:386:CA
0	vdw	J:LEU:376:O	J:LEU:380:CD1
0	vdw	J:PHE:312:CE2	J:TYR:373:CD1
0	vdw	J:THR:314:CG2	J:VAL:289:CG1
0	vdw	J:ASP:365:O	J:LEU:369:CB
0	vdw	J:ARG:363:C	J:ASP:365:N
0	vdw	J:ARG:363:O	J:ASP:365:N
0	vdw	B:ARG:233:NH2	H:ILE:54:O
0	vdw	H:GLU:59:OE2	H:VAL:55:CB
0	vdw	H:GLU:59:CD	H:VAL:55:CG1
0	vdw	H:GLU:59:OE1	H:VAL:55:CG1
0	vdw	H:THR:80:CG2	H:VAL:61:CG1
0	vdw	H:THR:80:CB	H:VAL:61:CG1
0	vdw	H:THR:80:C	H:VAL:61:CG1
0	vdw	H:THR:80:O	H:VAL:61:CG1
0	vdw	H:LEU:95:CD2	H:THR:80:CG2
0	vdw	H:ARG:69:CB	J:ASN:384:OD1
0	vdw	H:ARG:69:CG	J:ASN:384:OD1
0	vdw	J:GLU:382:N	J:LEU:380:C
0	vdw	J:ILE:381:N	J:LYS:379:C
0	vdw	J:ARG:377:O	J:ILE:381:N
0	vdw	J:LEU:376:O	J:LEU:380:N
0	vdw	J:LEU:376:O	J:LYS:379:N
0	vdw	J:LEU:376:O	J:LYS:379:CA
0	vdw	J:LEU:376:O	J:LYS:379:CB
0	vdw	J:ASN:378:C	J:LEU:380:N
0	vdw	J:ASN:378:O	J:LEU:380:N
0	vdw	J:ASN:378:N	J:LEU:376:O
0	vdw	J:ARG:377:O	J:LEU:380:N
0	vdw	J:ILE:372:O	J:LEU:376:N
0	vdw	J:ILE:372:O	J:LEU:376:CA
0	vdw	J:ILE:372:O	J:LEU:376:CB
0	vdw	J:ARG:377:N	J:GLN:375:C
0	vdw	J:ASP:374:C	J:LEU:376:N
0	vdw	J:ASP:374:O	J:LEU:376:N
0	vdw	J:ARG:377:N	J:TYR:373:O
0	vdw	J:ARG:377:N	J:ASP:374:C
0	vdw	J:ARG:377:N	J:ASP:374:O
0	vdw	J:ASN:378:N	J:LEU:376:C
0	vdw	J:ILE:372:O	J:LEU:376:CG
0	vdw	J:ILE:372:CG2	J:LEU:376:CG
0	vdw	J:ILE:372:CG2	J:LEU:376:CD1
0	vdw	J:ASP:374:N	J:ILE:372:O
0	vdw	J:GLN:375:N	J:ILE:372:O
0	vdw	J:GLN:375:CA	J:ILE:372:O
0	vdw	J:ILE:372:CD1	J:LEU:332:CD2
0	vdw	J:ILE:372:CD1	J:LEU:331:O
0	vdw	J:ILE:372:CG1	J:PHE:368:O
0	vdw	J:ALA:336:CB	J:LEU:332:CA
0	vdw	J:PHE:338:CD2	J:PHE:368:CE1
0	vdw	J:ALA:364:CB	J:PHE:338:CE2
0	vdw	B:ARG:233:CZ	H:GLU:59:OE2
0	vdw	B:ARG:233:NH1	H:GLU:59:CD
0	vdw	B:ARG:233:NH1	H:GLU:59:OE2
0	vdw	B:ARG:233:NH2	H:GLU:59:OE2
0	vdw	H:GLU:59:O	H:SER:82:N
0	vdw	H:GLU:59:O	H:TYR:81:CA
0	vdw	H:GLU:59:O	H:VAL:61:N
0	vdw	H:TYR:74:O	H:TYR:81:N
0	vdw	H:TYR:74:C	J:ASN:384:OD1
0	vdw	H:PHE:75:N	J:ASN:384:OD1
0	vdw	H:PHE:75:CB	J:ASN:384:OD1
0	vdw	H:PHE:75:CD2	J:GLU:382:CA
0	vdw	J:GLN:375:O	J:LYS:379:N
0	vdw	J:LEU:376:C	J:LYS:379:N
0	vdw	J:ARG:377:C	J:LYS:379:N
0	vdw	J:ARG:377:O	J:LYS:379:N
0	vdw	J:GLN:375:O	J:LYS:379:CG
0	vdw	J:GLN:375:C	J:ILE:372:O
0	vdw	J:ASN:378:N	J:GLN:375:O
0	vdw	J:GLN:375:OE1	J:PHE:335:CG
0	vdw	J:GLN:375:OE1	J:PHE:335:CD1
0	vdw	J:LEU:331:O	J:PHE:335:N
0	vdw	J:ALA:336:N	J:ASN:334:C
0	vdw	J:GLN:375:OE1	J:PHE:335:CB
0	vdw	J:ALA:336:CB	J:LEU:332:C
0	vdw	J:ALA:336:CB	J:LEU:332:O
0	vdw	J:LEU:332:O	J:PHE:338:N
0	vdw	J:LEU:332:O	J:PHE:338:CA
0	vdw	J:LEU:332:O	J:PHE:338:C
0	vdw	J:LEU:332:O	J:PHE:338:O
0	vdw	J:ALA:336:C	J:PHE:338:N
0	vdw	J:ASN:337:N	J:LEU:332:O
0	vdw	J:ALA:336:O	J:PHE:338:N
0	vdw	J:PHE:338:CG	J:PHE:368:CE1
0	vdw	H:GLY:58:O	H:TYR:81:CD1
0	vdw	H:LEU:60:CA	H:TYR:81:CD1
0	vdw	H:LEU:76:N	H:MET:79:O
0	vdw	J:ASN:378:O	J:GLU:382:CG
0	vdw	J:GLU:382:CG	J:LYS:379:O
0	vdw	J:ASN:378:O	J:GLU:382:CD
0	vdw	B:ARG:225:NH2	B:LYS:192:CE
0	vdw	B:HIS:222:CE1	B:SER:193:O
0	vdw	B:HIS:222:NE2	B:SER:193:O
0	vdw	B:HIS:222:CE1	B:LYS:192:C
0	vdw	B:HIS:222:CE1	B:LYS:192:O
0	vdw	B:HIS:222:NE2	B:LYS:192:C
0	vdw	B:HIS:222:NE2	B:LYS:192:O
0	vdw	A:ARG:20:NH1	A:GLN:204:C
0	vdw	A:ARG:20:CZ	A:GLN:204:O
0	vdw	A:ARG:20:NH1	A:GLN:204:O
0	vdw	A:GLN:204:C	A:THR:206:N
0	vdw	A:GLN:204:O	A:THR:206:N
0	vdw	A:GLN:204:O	A:THR:206:O
0	vdw	A:ARG:20:CZ	A:GLU:17:OE2
0	vdw	A:ARG:20:NH2	A:GLU:17:OE2
0	vdw	A:ARG:20:NE	A:GLU:17:OE2
0	vdw	A:ARG:20:CZ	A:GLU:17:CD
0	vdw	A:ARG:20:NH2	A:GLU:17:CD
0	vdw	A:ARG:20:NH1	A:ASP:205:CB
0	vdw	B:ALA:215:O	B:ALA:219:CB
0	vdw	A:ASP:257:OD1	A:LEU:259:N
0	vdw	A:ARG:20:CG	A:PRO:203:CG
0	vdw	A:ARG:20:CD	A:PRO:203:CG
0	vdw	A:ARG:20:CB	A:GLU:17:O
0	vdw	A:ARG:20:CD	A:THR:206:O
0	vdw	A:GLU:17:CG	G:LEU:201:CD1
0	vdw	G:CYS:198:O	G:MES:301:C8
0	vdw	B:ILE:216:CD1	B:TRP:19:CH2
0	vdw	B:ALA:215:CA	B:GLU:211:O
0	vdw	B:ALA:215:CB	B:GLU:211:O
0	vdw	A:ALA:258:C	A:THR:260:N
0	vdw	A:GLN:21:N	A:LEU:19:C
0	vdw	A:GLN:21:N	A:LEU:19:O
0	vdw	A:ARG:20:N	A:GLU:17:O
0	vdw	A:ASN:22:N	A:LEU:19:C
0	vdw	A:ASN:22:N	A:LEU:19:O
0	vdw	A:GLN:21:N	A:GLU:17:O
0	vdw	A:GLN:21:CG	A:GLU:17:O
0	vdw	A:ARG:20:C	A:ASN:22:N
0	vdw	A:GLN:21:OE1	G:LEU:201:CD2
0	vdw	A:GLN:21:OE1	G:LEU:201:CB
0	vdw	G:ASN:203:N	G:LEU:201:C
0	vdw	G:ASN:203:N	G:LEU:201:O
0	vdw	G:ASN:203:N	G:GLU:200:O
0	vdw	G:ASN:203:CB	G:GLU:200:O
0	vdw	A:LEU:259:O	A:LYS:263:CB
0	vdw	A:LYS:263:CB	A:THR:260:CA
0	vdw	A:LEU:259:O	A:LYS:263:CA
0	vdw	A:ASN:22:ND2	A:PHE:30:CE2
0	vdw	A:GLN:21:C	A:TYR:23:N
0	vdw	A:GLN:21:O	A:TYR:23:N
0	vdw	A:GLN:21:O	A:TYR:23:CG
0	vdw	A:GLN:21:O	A:TYR:23:CD2
0	vdw	G:GLU:200:C	G:SER:202:N
0	vdw	G:GLU:200:O	G:SER:202:N
0	vdw	G:ASN:203:CB	G:CYS:198:CB
0	vdw	G:ASN:203:OD1	G:GLU:200:CB
0	vdw	G:PHE:231:CE2	G:THR:182:CG2
0	vdw	G:ALA:179:O	G:THR:182:O
0	vdw	G:ALA:179:C	G:THR:182:O
0	vdw	A:GLU:267:OE2	A:LYS:263:CE
0	vdw	G:ILE:234:CG1	G:PHE:231:O
0	vdw	G:ILE:234:CD1	G:PHE:231:O
0	vdw	G:HIS:181:CB	G:PHE:231:CE2
0	vdw	G:ALA:180:C	G:THR:182:N
0	vdw	G:ALA:179:C	G:HIS:181:N
0	vdw	G:GLU:233:O	G:LEU:235:N
0	vdw	G:GLU:233:N	G:PHE:231:C
0	vdw	G:ILE:234:N	G:LYS:232:C
0	vdw	G:GLU:233:C	G:LEU:235:N
0	vdw	G:LEU:235:CD2	G:PHE:231:O
0	vdw	G:LEU:235:CG	G:PHE:231:O
0	vdw	G:LEU:235:CG	G:LYS:232:CA
0	vdw	G:LEU:235:CD1	G:LYS:232:CA
0	vdw	G:LEU:235:CG	G:LYS:232:C
0	vdw	G:LEU:235:CG	G:LYS:232:O
0	vdw	G:LEU:235:CD1	G:LYS:232:O
0	vdw	G:LYS:228:O	G:LYS:232:CB
0	vdw	G:LYS:228:O	G:LYS:232:CG
0	vdw	G:LYS:228:O	G:LYS:232:CE
0	vdw	G:LYS:228:CG	G:LYS:232:CE
0	vdw	G:LYS:228:O	G:LYS:232:NZ
0	vdw	G:LYS:228:NZ	G:LYS:232:NZ
0	vdw	J:GLU:164:N	J:PRO:161:O
0	vdw	J:GLU:164:N	J:LEU:162:C
0	vdw	J:GLU:164:N	J:LEU:162:O
0	vdw	J:PHE:136:O	J:SER:138:N
0	vdw	J:GLU:272:OE2	J:SER:138:N
0	vdw	J:GLU:272:CD	J:SER:138:OG
0	vdw	J:GLU:272:OE2	J:SER:138:OG
0	vdw	J:PHE:136:C	J:SER:138:N
0	vdw	J:GLU:164:OE1	J:LYS:160:CG
0	vdw	J:GLU:164:OE1	J:PRO:161:CD
0	vdw	J:PRO:161:C	J:SER:163:N
0	vdw	J:PRO:161:O	J:SER:163:N
0	vdw	J:LEU:151:O	J:LYS:153:N
0	vdw	J:GLU:272:CD	J:LYS:137:CB
0	vdw	J:GLU:272:OE2	J:LYS:137:CB
0	vdw	J:GLU:186:OE2	J:LYS:160:CB
0	vdw	J:ALA:158:CB	J:LYS:155:CD
0	vdw	J:ALA:158:CB	J:LYS:155:CE
0	vdw	J:LEU:152:CD2	J:TYR:183:CE2
0	vdw	J:GLU:154:O	J:LEU:152:CG
0	vdw	J:GLY:305:O	J:TYR:307:CD2
0	vdw	J:ASN:278:ND2	J:LEU:152:CD1
0	vdw	J:ASN:278:ND2	J:GLY:305:O
0	vdw	J:GLU:154:O	J:LEU:152:CD1
0	vdw	J:LEU:304:O	J:LEU:306:N
0	vdw	J:ARG:271:C	J:ASN:273:N
0	vdw	J:ARG:271:O	J:ASN:273:N
0	vdw	J:ARG:271:O	J:LEU:274:N
0	vdw	J:ARG:271:CB	J:THR:267:O
0	vdw	J:LEU:268:O	J:PHE:136:CD1
0	vdw	J:LEU:268:O	J:LEU:270:N
0	vdw	J:HIS:189:CB	J:TYR:185:O
0	vdw	J:LEU:159:CD1	J:TYR:185:CD1
0	vdw	J:LEU:159:CD1	J:TYR:185:CE1
0	vdw	J:GLU:186:CB	J:TYR:183:CD1
0	vdw	J:GLU:186:CG	J:TYR:183:CD1
0	vdw	J:ALA:158:CA	J:GLU:186:CG
0	vdw	J:ALA:158:CA	J:GLU:186:OE2
0	vdw	J:GLU:186:OE2	J:LEU:159:N
0	vdw	J:GLU:186:OE2	J:LEU:159:CD1
0	vdw	J:GLU:186:OE2	J:LYS:160:N
0	vdw	J:GLU:186:OE2	J:LYS:160:CA
0	vdw	J:GLU:186:OE2	J:LYS:160:O
0	vdw	J:ALA:158:CB	J:GLU:186:CG
0	vdw	J:ALA:158:CB	J:GLU:186:CD
0	vdw	J:ALA:158:CB	J:GLU:186:OE2
0	vdw	J:TYR:183:CD1	J:VAL:309:CG2
0	vdw	J:PRO:156:O	J:TYR:183:CE1
0	vdw	J:THR:282:CB	J:TYR:183:CE1
0	vdw	J:THR:282:CG2	J:TYR:183:CE1
0	vdw	J:TYR:183:CD2	J:TYR:307:CB
0	vdw	J:TYR:183:CD2	J:TYR:307:CD2
0	vdw	J:TYR:183:CE2	J:TYR:307:CD2
0	vdw	J:THR:282:CG2	J:TYR:183:CE2
0	vdw	J:THR:282:CG2	J:TYR:183:CZ
0	vdw	J:LYS:155:CG	J:TYR:183:CZ
0	vdw	J:ASN:278:OD1	J:LEU:306:CA
0	vdw	J:ASN:278:OD1	J:LEU:306:C
0	vdw	J:ASN:278:OD1	J:TYR:307:N
0	vdw	J:ASN:278:OD1	J:LEU:306:CD2
0	vdw	J:LEU:304:C	J:LEU:306:N
0	vdw	J:LEU:274:CD1	J:LEU:304:CD2
0	vdw	J:LEU:304:CD2	J:THR:267:CB
0	vdw	J:LEU:270:O	J:THR:267:CA
0	vdw	J:LEU:270:O	J:THR:267:C
0	vdw	J:ASP:266:OD2	J:LEU:268:N
0	vdw	J:ASP:266:OD2	J:LEU:268:CB
0	vdw	J:ASP:266:OD1	J:LEU:268:N
0	vdw	J:ASP:266:OD1	J:LEU:268:C
0	vdw	J:LEU:268:C	J:LEU:270:N
0	vdw	J:ASP:266:OD1	J:LYS:269:N
0	vdw	J:ASP:266:C	J:LEU:268:N
0	vdw	J:ASP:266:CG	J:LEU:268:N
0	vdw	J:ASP:266:CG	J:LYS:269:N
0	vdw	J:GLN:190:N	J:GLU:186:O
0	vdw	J:GLN:190:CB	J:GLU:186:O
0	vdw	J:THR:282:O	J:VAL:309:CB
0	vdw	J:THR:282:O	J:VAL:309:CG1
0	vdw	J:THR:282:CA	J:VAL:309:CB
0	vdw	J:THR:282:C	J:VAL:309:CB
0	vdw	J:PHE:281:O	J:VAL:308:CA
0	vdw	J:PHE:281:O	J:VAL:308:C
0	vdw	J:PHE:281:O	J:VAL:309:N
0	vdw	J:PHE:281:CB	J:TYR:307:O
0	vdw	J:PHE:281:C	J:TYR:307:O
0	vdw	J:THR:282:CG2	J:TYR:307:O
0	vdw	J:LEU:306:CD1	J:MET:254:CE
0	vdw	J:LEU:304:CB	J:LEU:306:CD1
0	vdw	J:LEU:304:CD1	J:MET:254:CE
0	vdw	J:LEU:304:CD1	J:THR:267:CG2
0	vdw	J:THR:267:N	J:VAL:265:O
0	vdw	J:CYS:252:O	J:THR:267:N
0	vdw	J:CYS:252:O	J:THR:267:CB
0	vdw	J:CYS:252:O	J:THR:267:OG1
0	vdw	J:MET:254:N	J:VAL:265:O
0	vdw	J:MET:254:O	J:VAL:265:O
0	vdw	J:LEU:253:CD1	J:VAL:265:O
0	vdw	J:LEU:274:CD1	J:THR:267:CG2
0	vdw	J:ARG:352:NH2	J:CYS:252:O
0	vdw	J:ARG:352:NH2	J:ASP:266:OD2
0	vdw	J:ARG:352:CZ	J:ASP:266:OD2
0	vdw	J:ARG:352:NH1	J:ASP:266:OD2
0	vdw	J:ARG:352:NH1	J:TRP:215:CZ2
0	vdw	J:ARG:352:NH1	J:TRP:215:CH2
0	vdw	J:ARG:352:NH1	J:ASP:266:CB
0	vdw	J:ARG:352:NH1	J:ASP:266:CG
0	vdw	H:ASN:92:ND2	J:GLU:191:OE2
0	vdw	J:GLY:310:CA	J:TYR:192:CE2
0	vdw	J:ASN:283:O	J:VAL:309:O
0	vdw	J:LYS:288:CE	J:VAL:309:O
0	vdw	J:LYS:288:NZ	J:VAL:309:O
0	vdw	J:LYS:288:CE	J:PHE:281:O
0	vdw	J:LYS:288:NZ	J:PHE:281:O
0	vdw	J:PHE:281:O	J:TYR:307:O
0	vdw	J:MET:254:CG	J:VAL:237:CG1
0	vdw	J:ILE:256:CG1	J:VAL:237:CG1
0	vdw	J:ILE:256:CG1	J:MET:254:SD
0	vdw	J:ILE:256:CD1	J:MET:254:SD
0	vdw	J:LEU:264:C	J:MET:254:O
0	vdw	J:MET:254:O	J:VAL:265:N
0	vdw	J:MET:254:O	J:VAL:265:CA
0	vdw	J:MET:254:O	J:VAL:265:CB
0	vdw	J:LEU:253:CD1	J:TRP:215:CZ3
0	vdw	J:LEU:253:CD1	J:VAL:265:C
0	vdw	H:ASN:92:C	H:LEU:94:N
0	vdw	J:GLY:310:C	J:TYR:192:CE2
0	vdw	J:GLY:310:O	J:LYS:288:N
0	vdw	J:PHE:290:CE1	J:VAL:237:CB
0	vdw	J:ILE:235:O	J:LYS:288:CA
0	vdw	J:ILE:235:O	J:LYS:288:C
0	vdw	J:ILE:235:O	J:VAL:289:N
0	vdw	J:ALA:236:O	J:GLN:255:O
0	vdw	J:GLN:255:O	J:VAL:237:CA
0	vdw	J:ALA:236:C	J:VAL:289:O
0	vdw	J:VAL:237:N	J:VAL:289:O
0	vdw	J:ILE:256:CG2	J:VAL:237:CG2
0	vdw	J:ALA:236:C	J:THR:366:CB
0	vdw	J:ALA:236:C	J:THR:366:CG2
0	vdw	J:ALA:236:O	J:THR:366:CB
0	vdw	J:ALA:236:O	J:THR:366:CG2
0	vdw	J:THR:366:CG2	J:VAL:237:CA
0	vdw	J:THR:366:CG2	J:VAL:237:C
0	vdw	J:ALA:236:O	J:ILE:256:CA
0	vdw	J:ALA:236:O	J:ILE:256:C
0	vdw	J:ALA:236:O	J:SER:257:N
0	vdw	J:PHE:281:CZ	J:VAL:237:CG2
0	vdw	J:ILE:256:CG1	J:VAL:237:CG2
0	vdw	J:ASN:238:N	J:GLN:255:O
0	vdw	J:ASN:238:N	J:THR:366:CG2
0	vdw	J:GLN:255:O	J:THR:366:CG2
0	vdw	J:GLN:255:C	J:TYR:263:O
0	vdw	J:GLN:255:OE1	J:LEU:253:CD2
0	vdw	J:ALA:362:O	J:GLN:255:CB
0	vdw	J:ALA:362:O	J:GLN:255:CG
0	vdw	J:ALA:362:O	J:GLN:255:CD
0	vdw	J:GLN:255:CA	J:TYR:263:O
0	vdw	J:GLN:255:CB	J:TYR:263:O
0	vdw	J:GLN:255:CB	J:LEU:264:CD2
0	vdw	J:GLN:255:OE1	J:LEU:253:CG
0	vdw	J:ALA:362:CB	J:LEU:253:CD2
0	vdw	J:ALA:362:CB	J:THR:359:O
0	vdw	J:ALA:362:CB	J:THR:359:CA
0	vdw	J:LEU:354:CD2	J:THR:359:CA
0	vdw	J:LEU:354:CD2	J:THR:359:CB
0	vdw	H:ASN:92:O	H:TRP:67:CE3
0	vdw	H:ASN:92:O	H:TRP:67:CZ3
0	vdw	H:ARG:93:C	H:MET:68:N
0	vdw	H:ARG:93:O	H:TRP:67:CA
0	vdw	H:ARG:93:O	H:TRP:67:C
0	vdw	H:ARG:93:O	H:MET:68:N
0	vdw	H:ARG:93:C	H:MET:68:CB
0	vdw	H:ARG:93:O	H:MET:68:CA
0	vdw	H:ARG:93:O	H:MET:68:CB
0	vdw	H:MET:68:CE	J:LEU:197:CD2
0	vdw	H:ILE:66:O	J:LEU:197:CD1
0	vdw	J:ILE:196:CG2	J:SER:193:O
0	vdw	J:ILE:196:CD1	J:TYR:373:OH
0	vdw	J:ILE:235:O	J:VAL:289:CA
0	vdw	J:ILE:235:O	J:VAL:289:CB
0	vdw	J:LEU:369:CG	J:VAL:289:CG1
0	vdw	J:LEU:370:CD2	J:VAL:289:CG2
0	vdw	J:ALA:236:CA	J:VAL:289:O
0	vdw	J:ALA:236:CB	J:THR:366:CB
0	vdw	J:ALA:236:CB	J:LEU:369:CB
0	vdw	J:ALA:236:CB	J:THR:366:O
0	vdw	J:ALA:236:CB	J:LEU:370:CD2
0	vdw	J:ARG:363:O	J:THR:366:N
0	vdw	J:ASP:365:C	J:HIS:367:N
0	vdw	J:SER:257:CB	J:THR:366:CB
0	vdw	J:SER:257:OG	J:THR:366:CB
0	vdw	J:SER:257:CB	J:THR:366:OG1
0	vdw	J:SER:257:OG	J:THR:366:OG1
0	vdw	J:ALA:364:C	J:THR:366:N
0	vdw	J:ALA:362:C	J:ALA:364:N
0	vdw	J:ALA:362:O	J:ALA:364:N
0	vdw	J:ARG:363:O	J:HIS:367:CB
0	vdw	J:ARG:363:O	J:HIS:367:CA
0	vdw	J:ARG:363:N	J:THR:359:O
0	vdw	J:ARG:363:CG	J:THR:359:O
0	vdw	J:SER:355:O	J:THR:359:N
0	vdw	J:SER:355:O	J:THR:359:CB
0	vdw	J:SER:355:O	J:THR:359:CG2
0	vdw	J:LYS:356:O	J:THR:359:CG2
0	vdw	J:ALA:360:N	J:LYS:356:O
0	vdw	H:ARG:90:NH1	H:TRP:67:CE2
0	vdw	H:ARG:90:NH2	H:THR:62:CB
0	vdw	H:ARG:90:NH1	H:TRP:67:CZ2
0	vdw	H:LEU:95:CD2	H:THR:62:CG2
0	vdw	H:ARG:69:NH2	H:TRP:67:O
0	vdw	H:PRO:65:O	H:TRP:67:O
0	vdw	H:MET:68:CB	J:LEU:197:CD2
0	vdw	J:LEU:197:CD2	J:LEU:386:CD2
0	vdw	J:ILE:196:O	J:LEU:386:CD2
0	vdw	J:ARG:377:CD	J:ILE:196:O
0	vdw	J:ILE:381:CG1	J:LEU:386:CD2
0	vdw	J:ARG:377:CD	J:ILE:196:CG1
0	vdw	J:ILE:196:CG1	J:TYR:373:OH
0	vdw	J:ARG:377:CD	J:TYR:373:OH
0	vdw	J:TYR:373:CG	J:VAL:289:CG2
0	vdw	J:TYR:373:CD1	J:VAL:289:CG2
0	vdw	J:LEU:369:O	J:TYR:373:CA
0	vdw	J:LEU:369:O	J:TYR:373:CB
0	vdw	J:LEU:370:O	J:TYR:373:CA
0	vdw	J:LEU:370:C	J:TYR:373:CB
0	vdw	J:LEU:370:O	J:TYR:373:CB
0	vdw	J:LEU:369:CB	J:THR:366:C
0	vdw	J:LEU:370:N	J:PHE:368:C
0	vdw	J:LEU:370:N	J:PHE:368:O
0	vdw	J:HIS:367:C	J:LEU:369:N
0	vdw	J:HIS:367:O	J:LEU:369:N
0	vdw	J:LEU:369:CB	J:THR:366:O
0	vdw	J:ASN:371:N	J:LEU:369:C
0	vdw	J:ASN:371:N	J:LEU:369:O
0	vdw	J:LEU:369:CB	J:THR:366:CA
0	vdw	J:PHE:368:N	J:THR:366:C
0	vdw	J:ARG:363:O	J:HIS:367:N
0	vdw	J:SER:257:CB	J:THR:366:C
0	vdw	J:ALA:360:O	J:ALA:364:N
0	vdw	J:ALA:364:CA	J:TRP:208:CZ3
0	vdw	J:ALA:364:CB	J:TRP:208:CZ3
0	vdw	J:ALA:364:CB	J:TRP:208:CH2
0	vdw	J:ALA:360:O	J:ALA:364:CB
0	vdw	J:ARG:363:CG	J:TRP:208:CZ3
0	vdw	J:ALA:360:O	J:TRP:208:CH2
0	vdw	J:ARG:363:CG	J:TRP:208:CH2
0	vdw	J:ALA:360:O	J:ARG:363:CG
0	vdw	J:ARG:363:CD	J:TRP:208:CZ3
0	vdw	J:ARG:363:NE	J:TRP:208:CZ3
0	vdw	J:ARG:363:CD	J:TRP:208:CH2
0	vdw	J:ALA:360:CB	J:LYS:356:O
0	vdw	H:LEU:60:C	H:THR:62:N
0	vdw	H:ARG:69:NE	H:THR:80:OG1
0	vdw	H:ARG:69:NH1	H:THR:80:OG1
0	vdw	H:ARG:69:NH1	H:PRO:65:CA
0	vdw	H:ARG:69:NE	H:PHE:75:CD1
0	vdw	H:ARG:69:CZ	H:PHE:75:CD1
0	vdw	H:ARG:69:CZ	H:PHE:75:CE1
0	vdw	H:ARG:69:NH1	H:PHE:75:CD1
0	vdw	H:ARG:69:NH1	H:PHE:75:CE1
0	vdw	H:ARG:69:NH2	H:PRO:65:O
0	vdw	J:ARG:377:O	J:ILE:381:CG1
0	vdw	J:ILE:199:CG2	J:ILE:381:CB
0	vdw	J:ILE:199:CG2	J:ILE:381:CD1
0	vdw	J:ILE:381:CD1	J:LEU:197:C
0	vdw	J:GLN:198:C	J:ILE:381:CD1
0	vdw	J:GLN:198:O	J:ILE:381:CD1
0	vdw	J:ILE:381:CD1	J:LEU:197:O
0	vdw	J:ARG:377:CA	J:TYR:373:O
0	vdw	J:ARG:377:CA	J:ASP:374:O
0	vdw	J:ARG:377:CB	J:TYR:373:O
0	vdw	J:ARG:377:CB	J:ASP:374:O
0	vdw	J:ASN:378:N	J:ASP:374:O
0	vdw	J:GLN:375:N	J:TYR:373:C
0	vdw	J:ASN:371:O	J:ASP:374:N
0	vdw	J:ASP:374:N	J:ILE:372:C
0	vdw	J:ASN:371:O	J:GLN:375:N
0	vdw	J:ASN:378:ND2	J:ASP:374:C
0	vdw	J:ASN:378:ND2	J:ASP:374:O
0	vdw	J:ASP:374:N	J:LEU:370:O
0	vdw	J:ASN:371:C	J:TYR:373:N
0	vdw	J:ASN:371:O	J:TYR:373:N
0	vdw	J:ILE:372:N	J:PHE:368:O
0	vdw	J:ASN:371:O	J:GLN:375:CG
0	vdw	J:ILE:372:N	J:LEU:370:C
0	vdw	J:LEU:370:C	J:TYR:373:N
0	vdw	J:LEU:370:O	J:TYR:373:N
0	vdw	J:ILE:372:N	J:LEU:369:O
0	vdw	J:LEU:369:O	J:TYR:373:N
0	vdw	J:ASN:371:N	J:PHE:368:O
0	vdw	J:ASN:371:CA	J:PHE:368:O
0	vdw	J:ASN:371:CB	J:PHE:368:O
0	vdw	J:PHE:368:CA	J:SER:205:OG
0	vdw	J:PHE:368:CD2	J:SER:205:CB
0	vdw	J:PHE:368:CD2	J:SER:205:OG
0	vdw	J:PHE:368:CE1	J:TRP:208:CE3
0	vdw	J:PHE:368:CZ	J:TRP:208:CE3
0	vdw	H:LEU:60:CA	H:THR:80:O
0	vdw	H:LEU:60:CD1	H:THR:80:N
0	vdw	H:LEU:60:CD1	H:THR:80:O
0	vdw	H:THR:80:O	H:VAL:61:N
0	vdw	H:LEU:60:CB	H:TYR:81:CE1
0	vdw	H:LEU:60:CD1	H:MET:79:CB
0	vdw	H:LEU:60:CD1	H:THR:62:O
0	vdw	H:THR:62:O	H:THR:80:N
0	vdw	H:LEU:76:O	H:MET:79:N
0	vdw	H:ASP:77:C	H:MET:79:N
0	vdw	H:ASP:77:O	H:MET:79:N
0	vdw	H:ASN:78:CA	H:PHE:75:CE1
0	vdw	H:ASN:78:N	H:PHE:75:CE1
0	vdw	H:ASN:78:N	H:PHE:75:CZ
0	vdw	J:ASN:378:OD1	J:ILE:199:CG2
0	vdw	J:ARG:200:O	J:ASN:378:CG
0	vdw	J:ASN:378:OD1	J:ILE:199:C
0	vdw	J:ARG:200:N	J:ASN:378:OD1
0	vdw	J:ARG:200:O	J:ASN:378:OD1
0	vdw	J:ASN:378:CB	J:ASP:374:O
0	vdw	J:ASN:378:CG	J:ASP:374:O
0	vdw	J:ASN:378:OD1	J:ILE:199:CA
0	vdw	J:ASN:378:OD1	J:ILE:199:CB
0	vdw	J:ARG:200:O	J:ASN:378:ND2
0	vdw	J:GLN:375:OE1	J:PHE:335:O
0	vdw	J:GLN:375:NE2	J:PHE:335:O
0	vdw	J:GLN:375:CG	J:GLU:202:OE2
0	vdw	J:GLN:375:CD	J:GLU:202:OE2
0	vdw	J:GLN:375:NE2	J:GLU:202:OE2
0	vdw	J:ASN:371:OD1	J:GLN:375:NE2
0	vdw	J:GLN:375:NE2	J:GLU:202:CD
0	vdw	H:MET:79:CB	H:TYR:81:CE2
0	vdw	H:MET:79:CB	H:TYR:81:CZ
0	vdw	H:LEU:76:O	H:MET:79:CB
0	vdw	H:ASN:78:N	H:LEU:76:C
0	vdw	A:ASP:205:O	A:GLU:213:N
0	vdw	A:LEU:259:CD2	B:GLU:211:OE2
0	vdw	A:TYR:23:OH	G:ILE:234:O
0	vdw	J:GLU:272:OE1	J:LYS:137:CB
0	vdw	J:LEU:162:CD1	J:LYS:153:O
0	vdw	J:HIS:275:CG	J:LYS:153:CG
0	vdw	J:HIS:275:CD2	J:LYS:153:CG
0	vdw	J:HIS:275:CG	J:LYS:153:CD
0	vdw	J:HIS:275:ND1	J:LYS:153:CD
0	vdw	J:HIS:275:CD2	J:LYS:153:CD
0	vdw	J:HIS:275:CE1	J:LYS:153:CD
0	vdw	J:HIS:275:NE2	J:LYS:153:CD
0	vdw	J:GLU:272:OE1	J:LYS:137:CD
0	vdw	J:ALA:158:C	J:LYS:160:N
0	vdw	J:ALA:158:CB	J:LYS:155:CG
0	vdw	J:LYS:155:CG	J:TYR:183:OH
0	vdw	J:LEU:162:CD1	J:LYS:155:CB
0	vdw	J:GLU:154:C	J:PRO:156:CD
0	vdw	J:GLU:154:O	J:PRO:156:CD
0	vdw	J:LYS:155:CA	J:TYR:183:OH
0	vdw	J:LYS:155:C	J:TYR:183:OH
0	vdw	J:PRO:156:CD	J:TYR:183:OH
0	vdw	J:ASN:273:C	J:HIS:275:N
0	vdw	J:GLU:272:C	J:HIS:275:ND1
0	vdw	J:GLU:272:O	J:HIS:275:ND1
0	vdw	J:ASN:273:O	J:HIS:275:N
0	vdw	J:GLU:272:C	J:LEU:274:N
0	vdw	J:GLU:272:O	J:HIS:275:CE1
0	vdw	J:ARG:271:N	J:ASN:273:OD1
0	vdw	J:ARG:271:N	J:LYS:269:C
0	vdw	J:ARG:271:N	J:LYS:269:O
0	vdw	J:ASN:273:OD1	J:LEU:270:CA
0	vdw	J:ASN:273:OD1	J:LEU:270:C
0	vdw	J:ASN:273:OD1	J:LEU:270:CB
0	vdw	J:ASN:273:OD1	J:LEU:270:CG
0	vdw	J:ASP:266:OD1	J:LYS:269:CA
0	vdw	J:GLN:190:OE1	J:LEU:159:CD2
0	vdw	J:ALA:158:N	J:PRO:156:O
0	vdw	J:PRO:156:O	J:TYR:183:OH
0	vdw	J:ALA:158:N	J:PRO:156:C
0	vdw	J:PRO:156:O	J:THR:282:OG1
0	vdw	J:PRO:156:N	J:TYR:183:OH
0	vdw	J:ASN:278:N	J:HIS:275:O
0	vdw	J:ASN:278:CB	J:HIS:275:O
0	vdw	J:ASN:278:CG	J:HIS:275:O
0	vdw	J:ASN:278:ND2	J:HIS:275:O
0	vdw	J:ASN:278:CG	J:LEU:306:CD2
0	vdw	J:ASN:278:N	J:ILE:276:O
0	vdw	J:HIS:275:O	J:LEU:277:N
0	vdw	J:ASN:278:N	J:ILE:276:C
0	vdw	J:ASN:278:C	J:VAL:280:N
0	vdw	J:ASN:278:C	J:PRO:156:CG
0	vdw	J:LEU:274:O	J:LEU:306:CD2
0	vdw	J:LEU:274:O	J:LEU:277:CB
0	vdw	J:LEU:277:CB	J:LEU:306:CD2
0	vdw	J:ILE:276:N	J:LEU:274:C
0	vdw	J:ILE:276:N	J:LEU:274:O
0	vdw	J:LEU:274:O	J:LEU:277:N
0	vdw	J:HIS:275:C	J:LEU:277:N
0	vdw	J:LEU:270:O	J:LEU:274:CG
0	vdw	J:LEU:270:O	J:LEU:274:CD1
0	vdw	J:LEU:274:CD2	J:LEU:277:CD1
0	vdw	J:LEU:222:CD2	J:LEU:274:CD2
0	vdw	J:LEU:222:CD1	J:LEU:274:CD2
0	vdw	J:ASP:266:O	J:LEU:270:O
0	vdw	J:ASP:266:O	J:LEU:270:CB
0	vdw	J:ASP:266:OD1	J:LYS:269:CB
0	vdw	J:ASP:266:OD1	J:LEU:270:N
0	vdw	J:PRO:284:N	J:THR:282:O
0	vdw	J:PRO:284:CD	J:THR:282:O
0	vdw	J:ASN:157:CB	J:THR:282:O
0	vdw	J:ASN:278:O	J:THR:282:N
0	vdw	J:ASN:278:O	J:THR:282:CA
0	vdw	J:ASN:278:O	J:THR:282:CB
0	vdw	J:ASN:278:O	J:THR:282:OG1
0	vdw	J:ASN:278:O	J:THR:282:CG2
0	vdw	J:ASN:283:N	J:PHE:281:C
0	vdw	J:LYS:288:CE	J:PHE:281:C
0	vdw	J:THR:282:N	J:VAL:280:O
0	vdw	J:ASN:283:N	J:VAL:280:O
0	vdw	J:THR:282:N	J:VAL:280:C
0	vdw	J:ASN:278:O	J:VAL:280:N
0	vdw	J:ASN:278:C	J:THR:282:OG1
0	vdw	J:ASN:278:O	J:PRO:156:CG
0	vdw	J:LEU:277:O	J:PHE:281:N
0	vdw	J:LEU:277:O	J:PHE:281:CB
0	vdw	J:LEU:277:O	J:PHE:281:CD1
0	vdw	J:LEU:277:O	J:VAL:280:N
0	vdw	J:LEU:277:O	J:VAL:280:CA
0	vdw	J:LEU:277:O	J:VAL:280:CB
0	vdw	J:GLU:279:C	J:PHE:281:N
0	vdw	J:GLU:279:N	J:LEU:277:C
0	vdw	J:GLU:279:N	J:LEU:277:O
0	vdw	J:ASP:266:N	J:VAL:216:O
0	vdw	J:ASP:266:CB	J:VAL:216:O
0	vdw	H:ARG:93:NH2	J:GLU:191:CD
0	vdw	J:GLN:190:CG	J:PRO:284:CB
0	vdw	J:GLN:190:CG	J:PRO:284:CG
0	vdw	J:GLU:191:O	J:PRO:284:CB
0	vdw	J:ASN:283:C	J:LYS:288:NZ
0	vdw	J:ASN:283:O	J:LYS:288:NZ
0	vdw	J:ASN:283:C	J:SER:285:N
0	vdw	J:ASN:283:O	J:SER:285:N
0	vdw	J:ASN:283:O	J:ILE:286:O
0	vdw	J:ASN:283:O	J:ILE:286:N
0	vdw	J:ILE:286:N	J:PRO:284:C
0	vdw	J:LYS:288:NZ	J:VAL:280:O
0	vdw	J:ILE:286:O	J:LYS:288:CE
0	vdw	J:ILE:286:C	J:LYS:288:NZ
0	vdw	J:ILE:286:O	J:LYS:288:NZ
0	vdw	J:ASN:283:CB	J:VAL:280:O
0	vdw	J:ILE:256:CD1	J:PHE:281:CE1
0	vdw	J:ILE:256:CD1	J:PHE:281:CZ
0	vdw	J:MET:225:SD	J:VAL:265:CG2
0	vdw	J:MET:225:CE	J:VAL:265:CG2
0	vdw	J:LEU:264:O	J:VAL:216:N
0	vdw	J:ASP:217:CB	J:TRP:215:NE1
0	vdw	J:ASP:217:CG	J:TRP:215:NE1
0	vdw	H:ARG:93:CZ	J:GLU:191:OE1
0	vdw	H:ARG:93:NH2	J:GLU:191:OE1
0	vdw	H:ARG:93:NH1	J:GLU:191:OE1
0	vdw	J:PRO:194:N	J:TYR:192:O
0	vdw	J:PRO:194:CD	J:TYR:192:O
0	vdw	J:GLU:234:CB	J:VAL:287:O
0	vdw	J:GLU:234:C	J:VAL:287:O
0	vdw	J:ILE:235:N	J:VAL:287:O
0	vdw	J:ILE:235:O	J:VAL:287:O
0	vdw	J:LYS:233:O	J:VAL:287:N
0	vdw	J:GLU:234:CA	J:VAL:287:O
0	vdw	J:ILE:235:CD1	J:VAL:280:CG1
0	vdw	J:ILE:256:N	J:TYR:263:O
0	vdw	J:ILE:256:O	J:TYR:263:C
0	vdw	J:ILE:256:O	J:TYR:263:O
0	vdw	J:ILE:256:O	J:TYR:263:N
0	vdw	J:ILE:256:O	J:TYR:263:CA
0	vdw	J:ILE:256:O	J:TYR:263:CB
0	vdw	J:ASP:262:C	J:ILE:256:O
0	vdw	J:ILE:214:O	J:TYR:263:C
0	vdw	J:ILE:214:O	J:LEU:264:N
0	vdw	J:ILE:214:O	J:LEU:264:CA
0	vdw	J:LEU:264:CD1	J:PRO:213:CB
0	vdw	J:LEU:264:CD1	J:THR:359:OG1
0	vdw	J:LEU:264:CB	J:TRP:215:CE3
0	vdw	J:ILE:196:CB	J:SER:193:O
0	vdw	J:ILE:196:N	J:SER:193:O
0	vdw	J:GLU:195:N	J:SER:193:C
0	vdw	J:GLU:195:N	J:SER:193:O
0	vdw	J:GLU:195:CG	J:SER:193:OG
0	vdw	J:GLU:234:CB	J:VAL:287:CB
0	vdw	J:GLU:234:CG	J:LEU:370:CD2
0	vdw	J:ILE:235:C	J:LEU:370:CD2
0	vdw	J:ALA:236:N	J:SER:257:O
0	vdw	J:LEU:370:CD1	J:SER:257:O
0	vdw	J:ARG:261:O	J:SER:257:C
0	vdw	J:ASP:262:CG	J:SER:257:OG
0	vdw	J:SER:257:CB	J:THR:366:O
0	vdw	J:ARG:261:O	J:SER:257:CA
0	vdw	J:ASP:262:CA	J:SER:257:OG
0	vdw	J:ASP:262:CB	J:SER:257:OG
0	vdw	J:ASP:262:OD1	J:SER:257:CB
0	vdw	J:ASP:262:OD1	J:SER:257:OG
0	vdw	J:ASP:262:CG	J:HIS:367:ND1
0	vdw	J:ARG:363:CD	J:PRO:213:CG
0	vdw	H:ASP:64:CB	H:TRP:67:CD1
0	vdw	H:ASP:64:CG	H:TRP:67:CD1
0	vdw	H:ASP:64:OD2	H:TRP:67:CD1
0	vdw	H:ASP:64:OD2	H:TRP:67:NE1
0	vdw	H:ASP:64:O	H:TRP:67:CD1
0	vdw	H:PRO:65:C	H:TRP:67:N
0	vdw	H:PRO:65:O	H:TRP:67:N
0	vdw	H:ASP:64:OD2	H:ILE:66:CB
0	vdw	H:ILE:66:O	J:LEU:197:CB
0	vdw	J:GLU:195:C	J:LEU:197:N
0	vdw	J:GLN:198:N	J:ILE:196:C
0	vdw	J:ILE:196:N	J:PRO:194:C
0	vdw	J:LEU:370:CD1	J:THR:258:O
0	vdw	J:ARG:259:CD	J:LEU:370:CD1
0	vdw	J:LEU:370:CD1	J:THR:258:CA
0	vdw	J:LEU:370:CD1	J:THR:258:C
0	vdw	J:ARG:363:NH2	J:ASP:262:OD2
0	vdw	J:ASP:262:OD2	J:HIS:367:ND1
0	vdw	J:ASP:262:OD2	J:HIS:367:CE1
0	vdw	J:ARG:363:NH2	J:HIS:367:ND1
0	vdw	J:ARG:363:NH2	J:HIS:367:CE1
0	vdw	J:ARG:363:NE	J:ASP:262:OD2
0	vdw	J:ARG:363:CZ	J:ASP:262:OD2
0	vdw	J:ARG:363:NH2	J:SER:211:CB
0	vdw	J:ARG:363:NH2	J:SER:211:OG
0	vdw	J:ARG:363:NH2	J:SER:211:O
0	vdw	J:HIS:367:CE1	J:LYS:206:O
0	vdw	J:ASP:262:OD1	J:HIS:367:ND1
0	vdw	J:ARG:363:NH1	J:TRP:208:O
0	vdw	J:ARG:363:CZ	J:SER:211:O
0	vdw	J:ARG:363:NH1	J:SER:211:C
0	vdw	J:ARG:363:NH1	J:SER:211:O
0	vdw	J:ARG:363:CD	J:PRO:213:CD
0	vdw	J:ARG:363:NH1	J:PRO:213:CD
0	vdw	H:ASP:64:N	H:THR:62:C
0	vdw	H:ASP:64:N	H:THR:62:OG1
0	vdw	H:ASP:64:C	H:ILE:66:N
0	vdw	H:ASP:64:O	H:ILE:66:N
0	vdw	J:ARG:377:NH1	J:GLN:198:C
0	vdw	J:ARG:377:CZ	J:GLN:198:O
0	vdw	J:ARG:377:NH1	J:GLN:198:O
0	vdw	J:ARG:200:N	J:GLN:198:C
0	vdw	J:ARG:200:N	J:GLN:198:O
0	vdw	J:ARG:377:NH2	J:ASP:374:CG
0	vdw	J:ARG:377:NH2	J:ASP:374:OD1
0	vdw	J:ARG:200:N	J:ARG:377:NH1
0	vdw	J:ARG:200:CB	J:ARG:377:NH2
0	vdw	J:ARG:259:NH2	J:ASP:374:CG
0	vdw	J:ARG:259:NH2	J:ASP:374:OD1
0	vdw	J:ARG:259:NH1	J:LEU:370:C
0	vdw	J:ARG:259:NH1	J:LEU:370:O
0	vdw	J:ARG:259:NH1	J:ASP:374:OD2
0	vdw	J:ASP:374:OD2	J:LEU:370:O
0	vdw	J:ARG:259:NH1	J:LEU:370:CB
0	vdw	J:ARG:259:CZ	J:ASP:374:OD2
0	vdw	J:ARG:259:NH2	J:ASP:374:OD2
0	vdw	J:ASN:371:CB	J:SER:205:OG
0	vdw	J:ILE:203:O	J:SER:205:N
0	vdw	J:ASN:371:CG	J:ILE:203:O
0	vdw	J:ASN:371:ND2	J:ILE:203:O
0	vdw	J:LYS:206:O	J:TRP:208:N
0	vdw	J:HIS:367:NE2	J:LYS:206:O
0	vdw	J:ASP:210:N	J:TRP:208:C
0	vdw	J:SER:211:O	J:TRP:208:O
0	vdw	H:ASP:63:CA	H:MET:79:CE
0	vdw	H:ASP:63:CB	H:MET:79:CE
0	vdw	H:ASP:63:O	H:MET:79:CE
0	vdw	H:ASP:63:C	H:PRO:65:CD
0	vdw	H:ASN:78:O	H:PRO:65:CG
0	vdw	H:ASN:78:CB	H:PRO:65:CG
0	vdw	H:ASN:78:OD1	J:ILE:199:CD1
0	vdw	J:ASN:371:ND2	J:SER:205:N
0	vdw	J:ASN:371:ND2	J:PRO:204:CA
0	vdw	J:ASN:371:ND2	J:PRO:204:C
0	vdw	J:ASN:371:ND2	J:SER:205:OG
0	vdw	H:ASP:77:O	H:MET:79:CG
0	vdw	J:ASN:273:ND2	J:LEU:270:CG
0	vdw	J:ASP:217:O	J:LYS:269:NZ
0	vdw	J:GLU:279:N	J:PRO:156:CG
0	vdw	J:GLU:279:CA	J:PRO:156:CG
0	vdw	J:ILE:276:O	J:LEU:226:CD1
0	vdw	J:ILE:276:CG1	J:LEU:226:CD2
0	vdw	J:ILE:276:CG2	J:LEU:226:CD2
0	vdw	J:ASN:273:O	J:ILE:276:CG2
0	vdw	J:LEU:222:CD2	J:LEU:270:CD2
0	vdw	J:LEU:270:CD2	J:THR:218:C
0	vdw	J:LEU:270:CD2	J:THR:218:O
0	vdw	J:ASP:217:C	J:LEU:270:CD1
0	vdw	J:ASP:217:O	J:LEU:270:CD1
0	vdw	J:ASP:217:O	J:LYS:269:CD
0	vdw	J:THR:218:N	J:VAL:216:C
0	vdw	J:ASN:157:OD1	J:ASN:283:OD1
0	vdw	J:ASN:157:ND2	J:GLU:279:CA
0	vdw	J:ASN:157:ND2	J:GLU:279:C
0	vdw	J:ASN:157:ND2	J:GLU:279:O
0	vdw	J:ASN:283:CB	J:GLU:279:O
0	vdw	J:LEU:226:CD1	J:LEU:277:CD2
0	vdw	J:LEU:222:CD1	J:MET:225:CE
0	vdw	J:GLU:221:CG	J:VAL:216:CG1
0	vdw	J:LEU:222:CB	J:SER:219:O
0	vdw	J:THR:218:O	J:VAL:216:CG1
0	vdw	J:ASP:217:N	J:GLU:221:OE2
0	vdw	J:ASP:217:CB	J:TRP:215:CD1
0	vdw	J:ASP:217:CG	J:TRP:215:CD1
0	vdw	J:ASP:217:OD1	J:TRP:215:CD1
0	vdw	J:ASP:217:OD1	J:GLU:221:OE2
0	vdw	J:ASN:283:CG	J:SER:285:N
0	vdw	J:ASN:283:OD1	J:SER:285:N
0	vdw	J:ASN:283:CG	J:SER:285:CB
0	vdw	J:ASN:283:ND2	J:ILE:286:CD1
0	vdw	J:ILE:286:CD1	J:VAL:280:CG1
0	vdw	J:ASN:283:ND2	J:ILE:286:CG1
0	vdw	J:ILE:286:CD1	J:LEU:229:O
0	vdw	J:LEU:229:CB	J:VAL:280:CG1
0	vdw	J:LYS:230:CG	J:VAL:280:CG2
0	vdw	J:LEU:226:CD1	J:VAL:280:CG2
0	vdw	J:LEU:229:CB	J:MET:225:O
0	vdw	J:LEU:229:CG	J:MET:225:O
0	vdw	J:MET:225:CG	J:TYR:263:CG
0	vdw	J:MET:225:CG	J:TYR:263:CD1
0	vdw	J:MET:225:SD	J:TYR:263:CB
0	vdw	J:MET:225:SD	J:TYR:263:CG
0	vdw	J:MET:225:SD	J:TYR:263:CD1
0	vdw	J:MET:225:CG	J:TYR:263:CE2
0	vdw	J:MET:225:CG	J:TYR:263:CZ
0	vdw	J:MET:225:CG	J:TYR:263:CE1
0	vdw	J:GLU:221:OE1	J:TRP:215:O
0	vdw	J:GLU:221:CD	J:TRP:215:O
0	vdw	J:GLU:221:CD	J:VAL:216:CA
0	vdw	H:ARG:93:NH1	J:PRO:194:CG
0	vdw	J:ASN:283:ND2	J:SER:285:CB
0	vdw	J:ILE:286:CA	J:LYS:233:O
0	vdw	J:ILE:286:CG2	J:LYS:233:O
0	vdw	J:ILE:286:CG1	J:THR:232:O
0	vdw	J:ILE:235:CG2	J:THR:232:OG1
0	vdw	J:ILE:235:CG2	J:LEU:229:CD2
0	vdw	J:LEU:229:O	J:THR:232:OG1
0	vdw	J:LEU:229:C	J:THR:232:OG1
0	vdw	J:LEU:229:CA	J:THR:232:OG1
0	vdw	J:LEU:229:CD2	J:THR:258:CG2
0	vdw	J:ILE:214:O	J:TYR:263:CA
0	vdw	J:ILE:214:CB	J:TYR:263:CD1
0	vdw	J:GLU:195:CG	J:SER:193:CB
0	vdw	J:GLU:195:CD	J:LYS:233:CE
0	vdw	J:GLU:195:CD	J:LYS:233:NZ
0	vdw	J:GLU:195:OE2	J:LYS:233:CE
0	vdw	J:GLU:195:OE2	J:LYS:233:NZ
0	vdw	J:GLU:234:N	J:THR:232:C
0	vdw	J:ARG:261:O	J:THR:258:N
0	vdw	J:ARG:261:O	J:THR:258:CA
0	vdw	J:ARG:261:O	J:THR:258:OG1
0	vdw	J:ARG:261:CG	J:THR:258:OG1
0	vdw	J:THR:232:CG2	J:THR:258:CG2
0	vdw	J:GLU:260:N	J:THR:258:C
0	vdw	J:GLU:260:N	J:THR:258:OG1
0	vdw	J:ARG:261:N	J:THR:258:OG1
0	vdw	J:ASP:262:O	J:ILE:214:N
0	vdw	J:ASP:262:O	J:ILE:214:CB
0	vdw	J:ASP:262:O	J:ILE:214:CG1
0	vdw	H:ASP:64:OD1	H:ILE:66:CG1
0	vdw	H:ILE:66:CD1	J:GLN:198:NE2
0	vdw	J:ARG:259:NH2	J:GLU:234:CD
0	vdw	J:ARG:259:NE	J:GLU:234:OE2
0	vdw	J:ARG:259:CZ	J:GLU:234:OE2
0	vdw	J:ARG:259:NH2	J:GLU:234:OE2
0	vdw	J:ARG:259:NE	J:ILE:203:CD1
0	vdw	J:ARG:259:CZ	J:ILE:203:CD1
0	vdw	J:ARG:259:NH2	J:ILE:203:CD1
0	vdw	J:ARG:259:C	J:ARG:261:N
0	vdw	J:SER:207:O	J:SER:211:CB
0	vdw	J:LYS:206:CD	J:SER:211:CB
0	vdw	J:ARG:200:NH2	J:GLN:198:OE1
0	vdw	J:ASP:209:N	J:SER:207:C
0	vdw	J:ASP:209:N	J:SER:207:O
0	vdw	J:ASP:210:N	J:SER:207:O
0	vdw	J:SER:207:O	J:SER:211:N
0	vdw	J:SER:207:O	J:SER:211:CA
0	vdw	J:ASP:209:C	J:SER:211:N
0	vdw	J:ASP:210:N	J:SER:207:OG
0	vdw	H:ASP:63:O	H:PRO:65:CD
0	vdw	J:GLU:202:O	J:PRO:204:CD
0	vdw	J:ASP:210:CG	J:SER:207:CB
0	vdw	J:ASP:210:OD2	J:SER:207:CB
0	vdw	J:ASP:210:CB	J:SER:207:CB
0	vdw	J:ASP:210:CG	J:SER:207:OG
0	vdw	J:ASP:210:OD2	J:SER:207:OG
0	vdw	J:GLU:279:OE1	J:LYS:230:CD
0	vdw	J:THR:218:C	J:THR:220:N
0	vdw	J:THR:218:O	J:THR:220:N
0	vdw	J:GLU:221:N	J:SER:219:C
0	vdw	J:LEU:222:N	J:SER:219:C
0	vdw	J:GLU:221:N	J:SER:219:O
0	vdw	J:LEU:222:N	J:SER:219:O
0	vdw	J:GLU:221:CG	J:THR:218:O
0	vdw	J:THR:218:CB	J:THR:220:CG2
0	vdw	J:THR:218:CG2	J:THR:220:CG2
0	vdw	J:GLU:279:OE2	J:LYS:230:CD
0	vdw	J:GLU:279:CD	J:LYS:230:CD
0	vdw	J:LEU:222:O	J:LEU:226:CB
0	vdw	J:ASP:228:N	J:LEU:226:C
0	vdw	J:GLU:227:N	J:MET:225:O
0	vdw	J:GLU:227:N	J:MET:225:C
0	vdw	J:GLU:223:O	J:LEU:226:CB
0	vdw	J:GLU:223:O	J:GLU:227:N
0	vdw	J:LEU:222:O	J:LEU:226:N
0	vdw	J:GLU:221:C	J:GLU:223:N
0	vdw	J:LEU:222:C	J:MET:225:N
0	vdw	J:LEU:222:O	J:MET:225:N
0	vdw	J:LEU:222:O	J:MET:225:CB
0	vdw	J:LEU:222:C	J:SER:224:N
0	vdw	J:LEU:222:O	J:SER:224:N
0	vdw	J:GLU:223:C	J:LEU:226:N
0	vdw	J:GLU:223:O	J:LEU:226:N
0	vdw	J:LEU:226:N	J:SER:224:C
0	vdw	J:GLU:223:N	J:SER:219:O
0	vdw	J:LEU:222:N	J:THR:220:C
0	vdw	J:GLU:221:CA	J:SER:224:OG
0	vdw	J:GLU:221:C	J:SER:224:OG
0	vdw	J:GLU:221:O	J:SER:224:OG
0	vdw	J:GLU:221:N	J:THR:218:O
0	vdw	J:LEU:222:N	J:THR:218:O
0	vdw	J:LEU:226:O	J:LYS:230:N
0	vdw	J:LEU:226:O	J:LYS:230:CG
0	vdw	J:ASN:231:N	J:LEU:229:C
0	vdw	J:LYS:230:C	J:THR:232:N
0	vdw	J:ASP:228:C	J:LYS:230:N
0	vdw	J:ASP:228:N	J:MET:225:O
0	vdw	J:ASP:228:CA	J:MET:225:O
0	vdw	J:LEU:229:N	J:MET:225:O
0	vdw	J:ASP:228:N	J:LEU:226:O
0	vdw	J:LEU:226:O	J:LEU:229:N
0	vdw	J:ASP:228:N	J:MET:225:C
0	vdw	J:ASP:228:C	J:MET:225:O
0	vdw	J:ASP:228:CB	J:MET:225:O
0	vdw	J:GLU:227:C	J:LEU:229:N
0	vdw	J:ASP:228:N	J:SER:224:O
0	vdw	J:GLU:221:O	J:MET:225:N
0	vdw	J:GLU:223:C	J:MET:225:N
0	vdw	J:GLU:223:O	J:MET:225:N
0	vdw	J:ASN:231:N	J:LEU:229:O
0	vdw	J:LEU:229:O	J:THR:232:N
0	vdw	J:ASP:228:CB	J:MET:225:C
0	vdw	J:ASN:231:CG	J:ASP:228:O
0	vdw	J:ASN:231:OD1	J:ASP:228:O
0	vdw	J:ASP:228:CB	J:SER:224:O
0	vdw	J:ASP:228:CG	J:TYR:263:OH
0	vdw	J:ASP:228:OD2	J:TYR:263:CE2
0	vdw	J:ASP:228:OD2	J:TYR:263:CZ
0	vdw	J:ASP:228:OD2	J:TYR:263:OH
0	vdw	J:ARG:261:CD	J:ASP:228:OD2
0	vdw	J:ARG:261:CD	J:TYR:263:CE2
0	vdw	J:ARG:261:CD	J:TYR:263:CZ
0	vdw	J:ARG:261:CD	J:TYR:263:OH
0	vdw	J:ARG:261:NH1	J:ASP:228:OD2
0	vdw	J:ILE:214:CD1	J:TYR:263:CE1
0	vdw	J:GLU:195:OE1	J:LYS:233:CE
0	vdw	J:GLU:195:OE1	J:LYS:233:NZ
0	vdw	J:ASP:228:O	J:THR:232:CG2
0	vdw	J:GLU:260:O	J:LYS:206:NZ
0	vdw	J:GLU:260:O	J:LYS:206:CD
0	vdw	J:GLU:227:CA	J:LYS:230:CE
0	vdw	J:GLU:227:CG	J:SER:224:O
0	vdw	J:GLU:223:O	J:GLU:227:CG
0	vdw	J:ASN:231:ND2	J:GLU:227:O
0	vdw	J:ARG:261:NH1	J:ASP:228:OD1
